145
5496 10
3589 72258 44749 70024 81635 42637 32710 66606 71943 18445
512 10
41312 16082 9078 28538 22188 79673 11092 30390 34483 78999
6502 8
68353 34834 84489 52525 46067 47074 34404 46624
11277 7
47416 35100 33030 33332 52011 69961 46710
996 8
24019 62487 35549 44905 68820 33854 71771 65620
6900 4
77687 18889 3114 42073
3578 7
48039 26341 55545 19481 65715 41207 38899
7515 5
7735 11734 6176 68399 63409
5707 8
34273 26803 8449 46999 55045 11990 48881 57209
1635 8
82743 32048 24949 39909 7325 52517 21109 44956
14073 6
47259 81317 79843 73513 35554 83710
1430 8
57156 63667 77550 48397 52831 52927 4824 20364
5442 8
43454 15605 79378 42274 34218 7710 72609 34743
12003 5
67282 33275 16815 47229 75965
6092 5
6099 76934 72377 1184 41716
5777 6
13002 21675 5740 43286 45652 6145
9327 4
62766 54969 29035 56909
3121 6
81005 31589 14669 16601 77650 15643
11379 6
12147 31035 5705 21994 61287 52285
2228 4
28177 15112 209 74944
6009 5
2192 83582 31152 1919 29159
2736 7
58603 14156 71988 17162 24254 73858 31416
10883 4
53111 81687 27744 39662
204 6
75542 8812 70523 6714 10349 34285
6087 3
6880 16258 16896
4527 6
52771 58595 42914 37731 34203 60977
2373 4
37784 70303 28592 47568
7512 4
83549 39427 67745 42388
4177 5
1271 60831 83345 82301 16391
5607 6
41695 23375 71310 52133 41633 79772
12582 3
84012 75652 83347
3190 6
11868 10360 58685 7787 46621 15149
8830 3
13969 73801 22677
4060 5
66129 5286 79012 47269 13496
11558 2
78898 53993
1854 2
66150 13775
807 4
71185 1699 53107 51752
2186 3
5094 30046 303
3973 4
1932 34824 28129 54158
9163 3
78945 76923 71306
1264 1
35065
2181 1
10889
9735 3
24756 48773 11579
3434 4
67573 30953 51303 49370
3998 2
39021 49724
6488 4
69691 12966 68341 28543
4218 2
71427 53361
2004 2
56873 80396
4140 2
14443 26825
3370 4
76615 8259 28914 20850
3684 3
70181 74990 37517
5528 2
63493 60173
10195 4
81426 8796 32061 29144
190 2
48945 10476
2442 3
81486 21510 47322
9844 1
14881
8290 1
74543
14493 3
10968 59690 80404
3068 3
26898 72795 78272
1752 5
85148 1996 16345 77400 43411
3654 1
70420
2631 4
26600 82576 18295 3330
4582 3
66284 58163 74497
5794 4
906 64224 12654 39942
14574 1
32378
3693 2
76762 37467
721 1
31075
12413 1
42287
2370 3
46891 43637 21311
764 2
77726 40298
11793 3
54607 76675 68950
6402 1
25843
13936 1
84593
1479 3
51839 73203 39184
363 2
1905 75487
5830 3
12132 61130 14531
1574 2
82046 25933
6527 1
16762
3541 3
22145 8402 32644
12282 2
65499 17064
11462 1
10415
1267 4
61172 83696 8523 75427
5984 1
81114
13654 1
52486
5103 1
12152
1875 1
54833
4149 1
68566
4163 1
45115
2937 1
44804
4657 2
5288 79612
4889 2
15429 72709
6601 3
10200 28605 72407
6304 1
33203
4471 1
18947
6637 1
30931
1125 1
65327
2270 1
70337
14732 1
1728
1991 1
63065
5054 1
54688
3942 1
59473
11108 1
84529
425 1
20104
3616 2
68463 58690
372 2
44176 25746
1050 1
56248
8730 1
57011
11195 2
76053 7487
1843 3
75014 71861 57446
4595 2
78555 25051
5990 1
35818
5725 1
69394
2727 2
59869 60754
1174 1
3132
3152 2
73239 40866
9416 1
24664
605 1
48084
11683 2
4376 6143
5558 1
38115
5535 1
44215
2537 1
81454
7809 1
49635
475 1
49858
4409 1
6867
6628 2
30194 6218
5814 1
3833
8622 1
7541
2899 1
47887
14882 1
48542
1151 1
3309
4363 1
18748
3391 1
48419
13353 2
9233 52089
13372 1
39081
4433 1
38408
7721 1
45167
3306 1
43760
2208 1
77216
2838 4
33658 46460 11067 52820
6558 1
58819
1141 2
41982 59804
7025 1
35997
1586 2
81102 77203
6155 1
11730
8816 1
58390
