26
3239 113
45610 10818 42813 71814 25073 13231 27291 37576 71318 54449 86512 58618 86404 93899 65580 51106 55223 82273 43094 24819 17126 62209 4806 63557 57765 84020 19049 17188 84591 29337 9768 69402 14265 34079 65773 67914 32499 55891 86121 31148 28970 76490 65690 90786 42318 37645 32087 82811 4944 87079 64926 30409 55810 7867 70176 5477 11601 91326 6156 71824 87902 39795 51485 52124 2974 67879 83191 41211 47375 88044 65897 85761 29078 73619 17332 32789 12751 22984 17729 97590 51570 29246 51187 73420 60030 68539 63181 92805 97177 99940 30391 27459 66454 10860 33738 92763 42111 8601 3 57116 21808 48043 30940 2688 9939 99147 89972 68050 1870 23541 46120 70889 97604
802 85
57932 81408 45232 99409 40932 79110 18573 10023 60214 7546 47010 34848 47603 55477 32566 27769 80108 68305 55820 87311 60101 74131 67678 10962 10021 14248 46554 61100 23256 87905 24651 41218 16269 37408 42498 4493 52769 52352 26257 79676 27372 10624 78872 80802 6587 45234 7560 30019 90073 55920 20467 91050 68225 49840 57211 34500 6922 40845 36452 38251 96724 75905 24561 10830 49998 84817 98335 41287 97359 55355 89570 53177 9066 86918 17600 49384 82855 25245 7216 48456 73025 87559 23261 59383 68356
8199 59
78203 95636 66581 63094 89525 29438 82622 19502 49882 60744 22821 62780 73523 15363 11973 66908 7691 8768 88800 17283 38320 48980 50999 60591 6031 15605 36361 42521 1130 28574 23794 88342 55471 17037 80169 72401 50875 79098 70116 92302 83956 92971 62896 74052 83480 79251 20738 41313 34067 17649 43305 93759 41605 54437 71465 61440 67784 83034 87885
2114 46
83050 78784 18974 60508 63929 7533 52132 18754 18903 56267 86834 79580 52089 74087 67680 99597 36623 20115 80092 55259 64807 39485 77126 57294 10952 71530 61079 67800 55256 66597 43333 72920 41045 35330 157 58626 12705 57990 98273 22402 8743 75627 89184 71320 57487 60340
973 43
39210 20920 52793 53662 84278 69256 1813 4006 99983 38416 10740 5242 78283 58395 84608 73069 26698 63897 74785 45871 55669 68507 86613 76554 2461 48653 38100 97858 29350 47579 3066 94109 79393 59397 2284 67986 98759 55426 2437 93705 74249 40911 49030
1929 28
37302 2442 7127 5219 55340 88238 5505 49386 70239 55079 8958 30618 24266 60936 68074 72488 98222 45787 47702 67820 52752 35913 69673 54120 36496 35530 39517 18054
2823 23
94545 99310 76817 6279 69781 13288 36054 5792 17870 25221 97837 96084 96018 55104 73321 39723 16007 62473 89364 15451 39488 94148 65349
2624 16
64022 8267 93316 63850 4580 69759 78281 34231 50488 78349 6994 88806 71743 90652 32122 65796
8601 21
94157 90476 71078 67200 60154 33227 85817 95040 22416 35818 39017 5214 16778 19985 23890 57023 74207 23817 58311 64949 36684
2732 10
54605 47789 38626 55462 46130 9995 96640 222 19925 19594
1308 10
54219 49932 98729 32444 7731 90986 63342 13229 96250 46581
8383 10
34479 48533 62016 81119 67129 50989 97769 76614 53775 93313
4805 5
89996 92160 65288 18496 11475
2594 3
57839 38770 30050
4905 4
74588 22822 14795 69009
8257 6
88614 2771 67215 60265 94921 30889
6863 2
14718 96283
3895 3
84114 27077 25485
863 2
45909 99347
254 3
76113 82267 19161
7831 1
58687
7544 1
538
1172 1
52111
3181 1
66938
4823 1
13653
7478 1
92339
