247
3716 127
41820 19322 18799 8522 17000 40517 13467 33918 7435 16094 41601 42843 28100 24789 12510 8287 5237 17855 39625 4177 32194 12614 32997 39756 43290 4773 44586 5434 21900 33266 19440 26946 16661 2644 42814 33850 32906 14433 31702 38124 26780 4906 28633 39970 28823 8477 4261 11822 28912 31641 32522 40379 32297 668 31827 11485 19584 28451 35103 16438 32653 24059 24846 18782 34301 26123 30099 34374 6162 34354 10414 24111 23953 7719 32372 17769 42550 32039 1029 40216 195 6268 35789 29149 41035 42464 31042 33126 40183 2594 32989 33939 17407 20379 23247 1222 11862 13870 39768 39962 39851 15418 29658 18198 40320 530 4614 15663 33445 44756 37245 24051 24449 26375 16525 627 36425 35457 8468 36604 18164 9729 23031 21561 6146 36476 9395
552 86
28781 12529 9664 43270 43814 9380 5613 11300 4317 26022 1500 36582 41176 23099 42161 6907 35125 33179 1599 27844 17269 12436 28409 16099 39018 37126 31791 13027 36356 10546 25325 18475 25521 39431 19863 25856 37191 42917 40371 4090 29972 30617 6254 10078 3539 42575 5959 13114 9009 39855 34475 5099 30673 22005 39641 31472 25211 26536 44077 15180 2250 41694 7049 20287 22836 27856 8038 16641 1585 13617 3885 10579 1186 17830 19330 38875 22733 40119 28551 43914 17039 21687 13656 7502 43241 28369
1322 86
30078 22894 42981 1056 40155 32151 16828 25140 10910 14358 13714 6793 10733 6438 6909 28081 44647 23466 36638 18766 1989 14149 29847 29510 26802 15819 3627 17080 33822 40236 40242 29312 23158 28854 13080 18878 38080 43620 33202 17026 4792 2783 2441 36761 18899 31009 22214 25570 38888 2867 39362 3025 28083 4290 29621 43134 20247 36479 7966 7632 25425 44129 6132 2948 15406 31432 4183 12400 17688 28683 26674 8358 30992 8355 26967 19692 2873 41251 4389 12225 32865 35674 912 36169 21233 30943
910 86
13351 19455 2513 36527 12351 13319 27097 35892 37735 32793 28996 19498 29058 7195 30466 23350 18785 42562 6641 32575 16528 19963 41559 5269 14376 41585 10781 44113 2229 28087 31765 30911 2067 43017 16469 22244 32220 2578 7797 11964 6852 24367 19572 934 6023 5156 36879 8709 43898 7084 8328 8954 44655 23801 17482 5913 1568 40300 20465 30109 27148 965 22904 7030 21620 35879 25807 31655 13318 25594 2797 37204 37102 44200 41244 30027 10280 7236 20538 44630 8594 29300 43750 40663 33410 43320
7086 83
20778 23609 3392 41187 43563 5625 19889 40249 35938 10288 36155 17491 39434 29200 21375 30088 42643 10276 21110 611 10341 16265 33794 40959 14356 36141 22595 12312 1410 14012 32529 34964 28151 30591 43947 42293 39932 11726 20581 21154 41792 26922 2472 26344 42088 30493 35253 25388 8848 36007 17169 9666 13106 9055 24737 28013 12675 2833 5273 3208 12491 10954 41517 31582 29491 16001 38548 35069 32993 39850 23984 3818 4247 32430 44517 11028 32413 24215 13979 22377 11043 40472 31859
7294 85
1293 16139 21096 35636 37792 18 30481 1725 35032 11283 34991 9013 3927 44502 25878 42781 24301 30276 989 10200 34221 35270 37026 2729 24792 20918 43854 24455 38696 15613 6463 7685 35215 28084 36293 37506 14494 44500 32207 11414 30651 26510 28293 20329 35146 29434 33624 3429 15191 34281 37643 7225 10990 28129 2525 14461 23388 6659 24257 17336 11878 9912 18325 15571 19395 9041 41161 12621 17469 6814 18627 21978 24499 33103 10806 20652 31119 5387 2256 37100 9102 17504 37014 27100 15988
2024 86
10813 14378 405 42168 14856 37648 24293 39664 12788 43321 5595 33671 33376 27929 3784 18120 7579 6439 4664 30069 31861 35762 43056 15911 20856 21552 37168 7699 15164 38215 40182 24657 31523 22721 44166 39201 33639 29311 35893 28117 44523 13610 15124 34855 39954 40904 37989 33720 2564 1221 7452 44047 34699 19262 25364 26230 36655 19024 10584 31077 25483 41157 19475 27350 34714 19127 17642 34645 4121 12193 23250 985 11325 33958 34863 31226 8384 4205 31051 18686 36720 3490 4947 9170 5850 30731
2812 85
37951 12536 37811 15304 10861 19988 2988 30388 5987 10184 20859 18664 27622 24689 22073 6191 23435 2235 902 10027 10025 36094 29819 5755 17656 7439 4897 41149 18982 2040 40837 37620 13879 21396 43677 40870 10019 19499 20525 1000 22400 24446 18250 44079 5716 13549 18624 20980 20283 10704 24357 38189 4488 42694 41088 1037 33152 16082 4447 12856 32481 18601 24137 13048 44237 14327 32922 37278 11486 25254 9132 40268 39513 40348 17906 30854 41649 43691 19628 30221 8893 19536 12157 21720 21441
1867 86
39812 42307 3367 40434 42933 2052 14028 23672 23144 43416 30298 5546 12632 3319 10876 6598 23287 42119 39109 24798 33678 15967 15824 26908 1637 30553 20498 4977 3677 35132 21872 2289 42988 36540 1118 16580 19512 41344 4799 33753 9145 2899 29580 35512 1394 9651 273 20825 39711 43230 28303 24837 42058 32474 17905 33912 42033 6048 18556 42458 24225 501 19106 27648 31814 29616 18368 838 7185 17733 30590 14313 19000 19605 17995 30200 24555 11234 12607 22445 43965 34920 23797 4503 24793 42938
179 85
37101 23880 9463 13624 32470 34186 41505 22701 23941 676 29361 9789 36192 42298 23724 31350 43346 42922 2997 38909 25049 44604 14184 44017 31575 10959 38045 36758 31588 32047 2602 25970 43768 14068 26538 13214 7342 24663 17183 39009 19292 32022 38991 16117 42452 23174 12901 22753 27248 34153 24937 13441 318 13111 7839 12205 3410 38733 6307 6821 22292 25102 14858 9219 1219 10727 39972 44746 26697 44344 33224 5525 4410 24938 44739 28716 9182 5708 40571 37519 28570 17913 22253 5928 12060
4990 83
13362 23308 38203 21753 19943 17795 39815 20208 34710 13892 1570 43193 39798 11837 35498 33043 41322 16386 3112 21132 35688 8278 29183 23607 40344 15340 38800 4961 41076 10642 1798 44328 19677 34234 36314 11136 32405 31608 42961 12793 31632 13402 27681 11518 35651 39774 39105 3992 3575 35506 44472 30113 22401 14750 20295 20781 29991 8527 1983 21634 18592 43105 17345 31703 16846 19310 23964 980 30535 4478 30187 26232 15470 27555 28096 16114 26045 37995 4782 11689 37917 39969 39204
1557 84
34789 11001 10856 21326 6031 21871 41777 42820 31386 10 34875 34020 3819 35075 12105 32144 16575 17187 12119 44782 10532 37711 21276 22050 40102 34209 40825 5436 16809 42167 8696 8773 8430 36731 7438 34555 29005 11915 37810 32199 10371 33894 39429 32145 10585 31786 38713 23032 5631 31103 38260 29789 9774 10903 18578 13241 37281 1305 22952 22011 25569 20651 18253 2404 41013 5165 14722 11930 24091 4921 9358 29468 32468 35773 43573 8097 21023 40857 22994 27766 11262 26971 44005 353
729 86
37823 1133 11324 20246 21145 3144 44633 1122 1376 14483 3691 11377 16482 15337 3062 32000 21650 36437 34758 40540 44041 15958 42204 30641 20841 16827 36121 21266 25908 37556 27511 22180 22483 37949 38166 22145 14702 38838 27347 1356 26783 6483 6709 26224 41414 4571 12002 38985 40940 41342 8225 30747 3981 42177 36298 34670 20023 34761 25301 18091 15295 7681 1311 5602 12441 36456 24237 42013 22924 34467 23262 39179 39102 11314 39853 34695 31651 35409 38271 23382 38786 19228 33901 35052 38075 4657
1186 85
5464 5274 15765 38098 28888 15951 8379 36795 29989 16905 1591 6063 10350 19883 44578 7186 38149 20326 35035 27028 9423 10904 2132 37465 32916 2023 16064 21374 41655 2984 23641 29763 34296 8979 18707 35707 17167 5806 20500 15872 2912 44830 32040 29175 18185 30702 8549 37193 12116 13278 11823 44118 40359 42757 29023 12535 11671 42439 11571 7544 27832 28595 39481 27565 41408 34752 14760 18099 7274 35558 10804 14244 37095 35722 29426 25050 12177 11981 529 16572 24157 40606 25975 1352 24566
2807 81
24056 24681 11264 3249 31953 35209 10738 35930 42399 37293 13303 31642 23610 42707 26874 14011 23975 3118 40841 5064 41223 15094 36431 3306 11442 12923 31680 44272 25323 35383 25834 30371 34291 10798 32826 40603 34594 37219 20589 33084 31412 18858 11431 33775 17376 39755 42262 19597 27480 22953 33322 42285 22875 39358 41916 35452 18243 2378 1058 32925 25773 40085 6418 41306 18075 23257 9303 590 2756 25546 17555 37868 24716 42669 26139 40162 43972 14138 29785 11809 17352
106 84
20488 37290 18439 4072 26130 25608 22311 6561 14807 25339 40388 35138 32168 40432 10342 30302 18898 7963 588 4950 31856 8505 7528 43335 8519 40992 842 33540 44294 29835 40844 38826 11397 10031 5819 28247 40919 9397 20712 16331 17392 6812 3507 15229 9991 19350 18932 17657 5233 23336 17254 11924 5478 5322 26413 2098 7863 38058 36970 28578 29198 34071 3779 13071 15627 27568 15555 32849 8910 28925 43794 21223 41841 15576 26085 25755 20381 4118 25590 9759 12617 24717 39401 37044
1621 83
736 5728 15861 40206 24957 3823 23537 9212 12779 17929 32991 3664 17751 43244 27607 27802 21636 23921 9059 733 33548 11640 12269 43539 1415 381 10119 37213 12113 12207 10777 32730 23020 4883 9095 37970 36158 24472 11226 30208 25617 27234 34876 17378 11624 38181 44748 36223 22033 35036 14551 19567 16383 21075 35608 24992 1755 15907 29742 19062 844 26157 24667 27516 3969 24250 25133 20199 18488 40739 32249 13927 38394 41366 43011 5079 17317 5305 41217 19103 30878 973 3471
4519 83
9512 40120 9960 13812 19036 26771 28505 6901 41663 3360 13614 5348 26549 37156 37212 44219 30579 39382 32030 37568 10012 18953 26604 18935 19753 8863 6696 36813 17192 37733 25346 11957 43053 25385 10553 33472 26537 24577 12717 18418 29171 29099 35901 26812 41232 34466 2855 19375 33795 21193 42539 38172 21452 29855 17541 766 2613 41386 11736 9670 13179 25201 42019 2243 32098 38892 34031 43300 21887 18291 22280 8807 35407 33619 17373 966 363 8476 3875 44459 10109 35809 26271
1133 82
39053 24704 33494 26615 16039 33558 50 15206 11312 22020 23873 43248 39024 26266 24536 38470 43533 6884 37513 34213 34133 30348 13332 16634 20732 28073 2481 16370 34566 22016 29341 13859 8847 36583 39398 6159 19187 44513 44331 44223 25525 27306 33154 29603 15889 30268 13843 21727 42147 6183 31477 12131 16779 4098 34203 31394 15272 19429 30598 9797 43881 29645 27407 6022 30791 40304 33642 11655 15640 3536 26718 8155 35229 37317 4846 25313 24777 5621 15679 19010 38428 10868
1764 83
39908 12497 36364 42634 30207 3769 20844 39558 11395 34869 13130 35416 5726 3015 10402 42896 34069 7133 21149 41547 41222 25088 36195 892 6141 33442 25022 9100 23868 1664 36395 16608 32862 16100 26270 10107 44326 3850 18877 37986 12710 10004 19513 23088 19593 44786 35093 572 22116 35620 31140 25582 13801 6345 23842 36549 35282 12815 34512 16940 23773 3260 29464 38504 29116 5787 17771 43412 19229 12633 17493 26236 3103 27351 11620 28027 33470 6115 36131 23538 2531 9504 19942
1169 83
12910 545 12027 38174 3659 6567 16284 18780 42549 26128 16914 6644 12097 1340 35033 26864 3689 16509 27389 40799 14473 6946 6124 5880 28666 43203 39004 40531 24503 3713 23034 21125 33019 21577 18716 30784 35818 14287 32315 8800 24861 38491 43333 22465 37551 35906 35292 22347 31460 27887 31797 10707 23374 9205 1220 30835 13468 16046 23671 30490 30032 5640 24193 34775 22223 26053 20865 11702 37362 36285 26089 2049 23045 6274 30569 31527 865 5572 31312 44626 7770 37834 17211
3969 80
5102 8481 38633 1672 33787 25793 9806 12328 28166 10462 35437 8576 22250 34571 14264 36355 22932 42005 11937 23552 361 39492 8786 26705 13791 24036 43362 12791 27152 33203 8852 17977 7101 35917 31066 8859 37998 32355 21463 37373 36250 34871 23096 9063 1618 23118 8557 13230 27181 43302 6955 31105 44274 17923 29133 4738 35900 29207 12959 7687 26144 39086 2234 44662 9151 18931 14364 25328 22043 30227 42548 16293 39705 5504 15011 10901 29103 24034 29115 24639
6311 84
15806 11084 14254 13439 20309 36071 23753 7187 25745 38655 31011 7260 44524 6151 3771 18112 13087 11488 31447 14095 11359 14695 3082 35177 16926 33090 28634 38010 13671 12402 39459 5120 43770 44121 5244 34018 38883 29593 39250 11942 17610 23219 41822 2494 19547 21562 41045 43669 21518 22288 9007 17840 43601 35889 17505 27599 12317 21951 11297 39113 18217 2169 15567 27055 41879 26720 15892 10429 8795 44629 19511 33148 2252 11974 16505 37147 28610 9911 40616 42076 5869 35844 14612 19358
1662 83
41974 16908 40470 7856 34614 16802 33079 25453 8577 173 38111 40675 32759 18108 35396 43152 12690 11906 7255 26986 27545 25011 2281 30624 32593 39507 10418 16917 10964 12904 1586 16369 36947 11554 14377 8085 33691 37246 300 42799 23943 22394 40770 22106 38357 6834 1785 6421 1530 18849 5010 28240 16778 21280 25895 36067 32690 23971 18797 20809 43140 41883 16663 37294 2639 15879 11575 43904 29342 1835 22015 26575 40376 27489 40583 28526 24349 19450 19081 27341 8152 35063 30424
2143 78
658 12839 26885 4601 16456 29932 8312 14732 7696 36668 17464 21104 23618 21063 4203 9681 30322 33038 22134 30028 15207 1407 30351 31915 20437 18836 28157 29890 42030 26205 20068 21130 42801 43264 9622 32067 43035 44267 27428 27957 40086 25552 24117 30106 20364 20201 31031 44435 19423 42600 38719 34547 25656 15442 25400 44194 15841 43623 25150 18657 27892 31750 30296 1066 15694 10569 14126 28349 42037 39811 36757 2561 21281 39467 32657 22110 10466 18823
2933 80
40393 4006 43368 8855 30707 413 29214 41931 9838 44702 26929 33612 43815 43882 3370 9515 37968 4507 14455 14565 37322 36401 32025 13919 22372 6590 37582 27264 35165 3413 19754 33030 32722 25043 11 16357 24594 23782 9672 7002 6728 43429 34755 32291 43935 7442 26553 4225 26340 42073 17982 16203 9064 41279 40991 31970 34135 42902 44028 3091 28777 26296 41352 11476 6086 1030 18607 4655 28088 26854 29585 10090 21191 32511 40160 44160 13925 34747 11587 44598
1007 82
7558 37771 18037 10549 8035 32308 6654 40748 16362 30748 2012 37177 6019 6568 36696 29256 20517 44033 21794 6974 450 28160 20669 35805 18002 29766 28341 33689 9992 32725 7709 18433 22433 24467 33309 24740 19372 39059 20838 42244 14188 32398 17517 455 26517 38887 43850 8985 33232 191 21192 31335 31354 3036 3970 24286 11354 6766 32263 43893 29613 33302 37918 27289 28911 35397 214 43671 43799 30936 26955 4565 36588 17451 26762 41657 29419 34189 15092 24729 4705 10111
401 81
3321 42766 22943 27710 20690 13281 9533 10388 24774 22596 27874 36613 6326 43823 44730 31255 16349 19444 39952 26678 29703 34343 25182 32455 33211 26154 36861 17195 30206 8396 7011 38372 42751 22947 37123 367 28898 17559 42811 27922 23407 42141 37361 4387 24921 10131 43865 18576 25024 42336 3742 23948 4974 27694 13747 12773 41349 21002 40108 37922 2143 25389 16054 12770 793 10278 22743 22017 5139 41997 6764 16561 5647 538 94 6204 17678 5597 4868 37400 11836
443 82
19955 10857 9464 3327 41748 18132 23806 15344 40729 2418 1156 44101 29552 37678 1638 4688 27400 11285 34416 39269 19376 33896 12759 22528 15358 33176 2635 34446 14588 35768 44512 36823 34276 29654 256 24152 6774 30143 40019 12447 40411 24407 16133 33602 36065 29557 16993 33166 32555 24410 29512 35656 22395 4486 20256 26928 14036 23236 33000 11034 2236 1337 9532 9268 8770 39111 2388 7064 9314 25103 1683 17400 16743 42649 29189 16398 36162 40527 4719 41023 10139 12576
3067 81
16067 9012 5519 32603 34396 24295 39723 19442 1821 29301 20297 24005 9626 32585 4400 5810 38358 38509 16200 33721 34192 36474 10099 30823 27373 29952 25166 35252 35648 39833 32954 11885 3515 26151 24732 27538 16055 13831 19841 19466 33512 37331 2414 6918 9332 32834 3207 35159 16346 3753 9253 33586 33222 16419 34051 28959 43370 21476 10390 41332 20331 43880 25837 59 24150 43458 7374 41932 2814 43645 23036 37732 39914 13331 41267 17972 29057 26393 20635 35891 4901
2502 81
15977 12459 20209 10918 9215 7329 44704 23299 28593 34605 9648 25704 9974 8319 27222 21309 14975 23055 38329 1738 44573 118 8706 13450 18867 21066 37114 16632 18713 13167 12752 994 10407 32977 43310 29849 12115 19529 14297 36190 42853 27737 6991 42800 27557 11740 3253 25171 21560 17632 24752 28988 18412 42415 13805 8691 28920 20335 12373 15724 32456 30361 13730 44339 32027 29863 13371 42817 42689 19523 29910 2146 419 33167 23 26991 42726 28502 11531 24538 33785
310 82
9734 7029 27915 254 18699 22000 30415 40726 2434 23172 17588 39532 12406 49 20595 15918 12572 37050 16972 14401 10578 1191 2156 12418 36517 3862 13105 17985 7211 32519 22402 40831 41770 16615 22633 37708 11720 34816 22551 37971 34305 14191 36697 42763 34400 29129 3635 41558 37431 36413 18715 21921 3230 21329 25054 36788 27942 36742 38741 10886 42137 41572 35260 42387 44752 27269 30626 17270 30291 24608 631 27205 34266 42144 10479 2406 40926 31929 6340 32375 10291 44493
1063 83
41545 3500 1475 3827 15876 8456 259 16447 18966 43025 8364 41692 10490 22194 21322 14259 15596 43853 32141 16014 33408 24259 13201 7623 8411 4872 36256 21455 10235 23048 30727 43639 20078 20834 24488 34341 29979 36578 38541 5395 6520 16202 26755 15451 43143 44182 6899 3587 34810 32188 39713 44642 26532 24363 6258 1200 12509 27411 28411 7132 25016 12437 38314 44249 38414 3764 36041 3326 3559 18285 35332 35145 43974 15452 37470 22021 20389 28679 12301 8419 36167 7275 2745
2994 80
40519 3040 24470 27134 44785 10519 39770 13912 13702 37370 21218 26000 23292 38531 24867 42189 23581 22521 21578 38784 11042 22700 19048 2537 5722 30668 7652 38499 13923 2751 4940 20714 2704 44577 41348 10187 27682 22938 26512 28147 16270 39131 26386 4011 29093 28140 12600 21453 39516 32558 24476 3303 26676 33903 21475 21383 22926 36180 2818 34002 27861 8417 34262 29135 43423 11838 6225 36996 43141 28896 24195 8487 10091 40312 36959 12707 32483 4340 27692 39527
1254 77
4979 26523 30255 41056 21681 30267 41228 11645 3843 8422 26992 3283 14389 9635 28007 446 5477 32414 32282 17996 10183 10112 23858 14798 26712 3054 11897 34570 16918 539 14998 27240 44270 36309 32421 33883 23364 10467 25126 25850 2409 42845 28835 3493 17484 40916 40967 3684 26839 38342 34656 35360 18756 238 37779 12866 38307 27303 4517 31743 21498 24987 3430 29190 2559 10463 4194 33178 40282 25473 6763 9844 32495 39318 27049 7095 14100
3403 80
30659 16653 27852 44293 44793 14628 27559 13143 42595 11243 34320 30756 13779 44761 43835 16942 17220 34867 34091 8012 14413 5446 17852 5821 17121 2048 20910 18409 18706 34468 28219 31846 18451 19798 42034 7245 31733 17272 29627 42728 25401 39268 34939 13215 16042 15849 19616 17724 36082 19786 24291 19703 4762 18891 29776 20576 44316 38494 41061 2630 13723 38822 34453 36469 11272 23812 26552 2214 33014 13089 25247 43717 27947 6458 33674 29124 28870 9674 39873 17053
164 79
14526 17690 43076 738 85 20717 14817 26569 24178 29184 30199 21530 20718 27899 35912 4695 34229 18041 5713 8566 7268 25906 14810 20695 7658 1077 17895 1459 24773 30573 40275 12833 8305 13789 16633 4815 44709 43665 17861 37572 2170 30961 506 40121 2512 36985 32242 21214 8637 21220 19139 4009 41008 2839 18187 14559 40296 14478 42054 32336 43469 6824 32175 11579 16670 28527 37048 22299 27610 29177 2104 41837 16627 36988 17362 44023 13740 39554 44803
1878 77
17050 41984 38753 6455 28222 37893 26047 22587 23563 14308 35723 18672 9787 17213 42238 29204 35462 36994 18811 25644 37364 22187 15698 1013 10667 33503 12030 18874 38519 40070 18868 28879 8121 26146 41180 39834 23451 1433 37491 329 43721 38977 35461 40789 4339 28029 42093 39021 10257 20388 32331 22930 9507 41964 9190 28094 13584 39571 4257 23617 7669 17623 38942 35119 42812 32119 38364 24710 24895 20758 39449 9922 21542 11130 39650 44241 36911
2602 75
3712 38693 24031 29612 21138 44800 3896 11116 20783 5645 43126 7058 22748 5946 14601 17790 11541 21436 26601 30495 16999 44831 42404 9895 8314 19647 14848 5082 2369 29010 29787 44021 5991 21998 41732 7605 1935 32777 11343 11110 32811 15133 2985 34141 33865 37489 43167 8580 3628 16706 29151 18820 9909 14406 23778 41772 5338 17044 41189 10495 32872 3300 34915 16788 13956 7975 38765 31374 44815 26818 36023 21004 8825 25589 28672
2255 77
31560 42864 1297 23244 2136 22993 15836 20417 19299 36624 20750 31257 31391 15866 38285 17424 26925 25052 30817 18775 6140 24073 18141 4136 22170 4126 28742 13081 39452 33709 31536 41105 39099 14063 31413 29251 7701 15072 1604 9604 39447 3793 22376 39587 25772 1796 38861 41215 15753 43927 10594 6232 44676 7247 16285 3932 34177 24122 13895 6953 26590 20939 21823 43159 23067 8987 28974 27062 4834 24807 3454 15667 36163 13802 13272 22727 10551
1985 81
24130 39578 6044 37994 32915 29887 15095 33532 12957 43538 3222 645 18817 12561 2626 1957 39281 26825 34830 15383 36292 39380 7844 40650 3121 33746 7794 24316 30623 15519 39198 19483 5495 13008 11882 24913 1457 33738 14643 30468 43843 33796 35583 8797 1642 32102 35948 37321 36087 43647 25180 32873 42251 2010 39182 2789 35108 3660 31609 6941 4165 14485 24922 29704 25308 44678 579 14895 33858 29075 1593 42385 4343 32573 17067 31692 44725 1093 10262 16510 6090
3913 79
15786 30889 17298 40090 33734 905 17886 4097 12149 10840 16041 27486 22335 8270 15727 27104 36586 13905 26784 16092 990 3212 9123 12109 15949 30229 35875 41298 10758 27131 33184 17079 18130 20696 2888 8141 26662 30339 4860 35055 11455 30405 33013 38355 25563 9624 10776 15042 23656 30103 29486 10148 7629 3048 35124 2994 30912 25487 9025 26721 30320 41103 43980 3676 43999 5505 2151 1045 8990 44203 15743 29537 5124 36983 5245 2974 13579 42880 27613
51 81
17529 38402 4242 15013 38475 33140 33233 28561 10335 27938 27447 36086 38533 12913 38562 37838 8410 31155 24763 33072 40230 3414 8898 11622 14404 24192 39498 6193 42078 19912 40438 11453 40758 121 22966 19719 38518 13483 22439 5593 6184 9333 40125 8060 39806 5898 20011 22318 18131 36835 6021 25173 43281 31847 42222 15312 31286 39366 22510 4024 36378 34780 26444 33438 42904 39731 8558 21725 30232 11945 1558 9482 13644 5554 35469 14260 38346 42456 40302 8170 31211
2575 79
17622 16875 29750 25057 4987 6286 26074 31877 9374 11187 6930 18319 17807 43087 31190 30776 18770 35812 18072 10787 36573 21019 25472 2785 31764 38266 19849 25330 24414 6564 44468 44081 29539 41018 43739 9987 37445 471 40137 1109 9923 19206 4368 44177 37071 38163 1811 41266 14829 18684 1768 18543 8593 13975 12287 35374 27173 7230 7995 28619 44262 25882 17737 4988 23860 18829 11710 14275 11385 39741 28809 38295 27199 2795 8374 36210 4294 17806 31324
1457 81
30886 22899 24878 43236 39098 35553 28489 34862 14642 30980 12279 3080 21026 15012 25276 31113 15307 24486 43889 7892 14545 41001 10094 37116 3514 9826 41356 43541 10489 16500 28822 41390 31373 18960 32864 4087 27897 37375 9447 39087 29544 18035 10759 35067 3004 18969 34740 37815 44609 41771 33992 31443 2579 4636 7312 34846 6676 43787 37645 2608 20108 36750 33101 30758 37151 21133 43173 1167 11278 14130 29958 17593 43217 35445 37175 8073 32247 23102 14547 21997 26020
1159 81
39586 21915 27271 39193 9867 24905 25132 17889 21368 33874 1432 41260 38413 43766 34609 43597 12032 32427 25047 30846 32264 24128 21328 40259 43240 36307 23666 30083 13613 12947 8329 8811 23283 35642 6298 41665 42010 34430 15444 4810 13466 32901 15328 3379 767 35669 37510 29680 16931 12421 37664 10815 41174 27718 17094 5455 14662 18322 28620 20363 40463 43839 20393 18221 22833 14045 42342 15286 23481 32046 5831 28041 5732 29269 44436 8891 10621 42084 15302 14874 31205
2697 83
11076 44140 27770 26585 2869 16413 1962 29713 438 15034 29928 32675 39103 13915 8750 7603 18824 18589 35536 9682 35363 4761 19488 36430 28316 20129 38665 30317 16109 1781 18087 27455 39016 18352 2890 33628 44133 40096 15282 3029 4605 26437 22369 32967 28574 21449 27808 13990 24849 30376 24241 36665 43954 31050 41314 24873 32879 38629 27747 12058 34722 28249 43550 25852 30790 28125 13989 39326 6398 29636 36321 19785 2078 7242 17875 38928 6208 38963 3258 26435 34694 39068 42745
2836 83
4244 39789 23566 19477 1409 10778 15445 25899 21608 5343 42394 9165 21597 23087 40595 14207 28749 36552 11331 4501 31224 39930 38178 33885 29943 2675 7053 20726 17784 28238 43377 15947 8007 33304 3730 4377 29044 1492 34931 30576 17901 276 3569 30100 10079 2502 42805 2043 8793 11777 20897 32935 34026 3478 31388 23166 18879 8143 36841 30311 38674 26787 11951 34672 26617 43027 31514 35859 18304 34123 30368 30654 13581 22527 22240 12783 3551 2459 1405 44673 23339 30947 44122
1415 74
42682 44648 23956 15966 12852 34643 36741 772 39425 24672 11356 36559 29089 12433 34599 29284 24497 46 14156 31879 28883 34604 4999 12477 44124 27074 29326 20967 14639 15781 39687 21531 16833 11266 36299 27675 43246 33529 31614 31277 42688 757 30635 8723 6967 19623 28805 24680 7620 24289 13573 38092 35205 41364 15778 37043 26659 35756 10916 23786 39607 40572 31772 4333 8911 22937 35998 16275 41144 36080 12452 8961 41166 43498
2696 80
11653 22496 6259 23766 3468 38081 25430 5662 21803 10927 18109 33187 32562 36526 29281 12405 23349 2175 18656 22989 16085 10891 42716 3232 38104 13974 43080 16242 37522 17475 36902 39709 37650 6087 2740 21292 38610 9853 44763 36178 13888 16221 10401 5046 35335 36024 21332 28969 40298 43200 22205 26133 24240 37010 43846 656 5926 21206 20120 16234 17125 7574 13462 3071 26901 33094 13858 8992 28504 21534 41907 26327 41904 11731 1435 4786 17607 31178 23130 29028
6870 75
32746 4432 1173 12363 38192 26980 6187 26683 9176 31684 18614 707 41252 43413 13295 37670 40986 9417 1691 10121 8127 22873 21865 12239 33460 37560 17857 13957 26829 36981 36530 33780 30839 11241 4818 37804 32507 41309 7808 27579 36942 3411 19 875 22479 3775 6972 38050 28650 7848 15314 9640 17476 25258 34307 20795 21879 22584 5608 2834 43662 20694 37053 38446 33215 29606 428 19627 20630 7938 8764 27580 16699 29480 8447
378 77
1469 21999 18866 1584 30244 7777 13733 18590 12697 22983 38699 11901 13877 13706 40846 21355 27085 43220 34769 7292 24621 15880 30769 20114 18804 37249 11277 37831 247 14482 32854 22022 6195 28802 43580 25003 810 16195 36598 40299 32505 5849 11773 44566 26147 43519 26231 31562 7731 28997 39313 20742 30618 26987 26753 6139 37206 1597 16703 38754 4241 41887 40902 40849 28875 38515 7729 30385 43724 9418 12671 4693 28290 35555 21431 856 31507
1174 75
9753 41355 10855 5194 69 493 1910 5748 39773 26349 5381 27988 18435 37715 8926 39691 33530 16556 19359 13654 42823 39703 26519 35580 8780 4070 12686 15641 25176 37127 25988 19341 11992 31084 440 16462 26264 22563 39216 35227 40694 32181 12380 4035 9480 17129 4327 29524 13900 22717 29191 30422 26406 2507 33323 24661 12704 37292 7283 16919 35188 44078 36372 36895 15242 6164 37170 43360 30201 21538 21840 5149 18369 30074 368
4163 74
6922 28794 40751 39942 15848 38717 6756 39012 39077 8858 5556 20002 11691 8966 39826 43342 36209 7641 43706 42678 23663 31299 42883 3709 5110 12840 8110 31029 38458 35810 5251 28401 14171 2377 44417 36325 13994 34308 15172 33599 22705 7843 35021 28936 17704 27506 11139 7799 32962 21886 22361 42192 22186 24539 34737 28440 18162 30177 22517 44018 38321 8712 17231 12649 15788 32797 24809 23425 9565 39387 37914 7261 28516 43858
1280 78
34117 23680 9611 42509 43404 30279 40859 25628 29920 42691 17310 2467 33002 15912 38004 16304 16146 35402 18268 32139 15297 16544 7056 42492 39633 39649 10336 43741 5871 20862 28051 44666 18159 29518 32775 18846 6863 12484 27638 29059 39993 7998 31778 34641 41654 9848 28677 34815 14748 6585 25124 7042 7749 477 23628 37773 44221 40937 42590 39869 34613 33188 4443 19251 5658 25692 35659 16267 19509 14350 31504 14992 1157 19598 17264 13489 8529 32193
894 78
6952 37783 21248 7739 7870 33391 28566 27732 16246 42761 22981 32489 29263 27050 8832 18073 13138 11503 661 28476 16012 18434 41341 14144 11623 8589 34006 20226 3427 10053 15121 43427 11849 817 27877 29120 3346 39778 41271 4093 30502 38564 20275 13711 26550 319 30879 26122 12792 14082 17179 15648 13405 40063 17059 28002 21497 2529 38755 4296 7359 376 3135 27071 14920 43530 6512 25833 12432 14211 27739 41988 14248 10996 17614 13134 7271 32978
4546 77
10935 14535 8050 23081 35450 40186 18626 24435 16925 34681 25800 33930 31046 35439 262 38532 25743 17065 8725 34378 22785 3489 20579 11860 32563 19762 44209 39524 4894 14985 11578 30133 41660 12224 11998 8302 33790 23272 30935 1087 22485 14115 23541 2429 18822 36001 44151 8975 16187 34223 19526 31158 30734 31511 18662 5735 39722 18242 34585 6059 2781 18790 36807 20089 1654 5683 5861 33682 9175 40104 22273 34664 24659 2181 43164 9749 40128
5851 79
36370 43930 25817 942 30926 24331 31905 43990 10611 27851 30190 43607 28508 14683 44674 6145 38332 43079 2047 11208 19831 38374 27316 33440 5957 21451 20258 18913 16165 21488 19585 7016 34861 30287 3833 11100 9002 20633 42135 24854 10030 1677 36998 1088 6242 16710 11524 34525 35186 4577 22683 17314 1155 42365 7052 42266 13002 40834 30521 25607 26253 9259 17567 4768 24945 26283 37084 15201 34727 26084 14153 4032 64 20818 32982 39232 42220 873 34384
298 72
32159 88 12476 27631 37718 41728 40993 29216 38350 3368 34198 32271 14837 43735 13453 42426 16728 13955 1623 1603 15917 10601 18646 22283 32886 25719 19198 21235 11260 19117 7371 9011 42326 22344 18723 11363 19783 19496 5011 34593 32238 19500 19115 42607 35788 38165 1553 39912 14579 31010 2272 9926 35848 11217 13860 5566 35987 44536 1565 38566 16130 2093 31910 31273 38744 33453 517 36870 2955 37093 19954 24923
873 76
11087 6357 33003 31693 19845 12559 22858 21533 30014 12683 21909 5859 37724 10378 23697 32441 1518 34245 33716 19003 20149 6556 275 7276 37087 38272 10144 10992 34753 13729 19531 9309 11169 29280 12075 9163 19829 25333 42758 19594 29884 40191 5783 14218 8700 40144 19089 3359 15586 10375 8002 37581 20990 5738 8692 43652 38868 18791 12723 39118 5188 6786 3651 19699 18096 20751 17106 17749 42780 39935 43208 34878 6207 42105 44220 15192
1526 80
35505 2628 24782 23594 7930 31491 31533 12557 41231 29008 40442 41570 2366 18987 32078 44541 8546 35511 24229 13408 11870 7900 4935 22304 25619 7921 33033 2196 35649 423 16436 4020 13897 8341 39830 21352 8415 23049 9939 15154 13748 6533 15382 14444 343 823 30967 31807 43526 39574 38213 4643 35081 20928 4266 1896 2247 9357 38829 43243 1807 13724 16896 22601 90 30585 35031 32123 26288 22327 7732 27748 33611 33925 34603 41363 21708 12879 22599 24481
5158 75
32882 36170 22328 10189 14869 26704 7431 31985 918 15254 6781 9472 22549 4726 21618 37752 7671 35547 28227 13926 15910 27937 4723 36263 22564 25675 15709 16235 7801 21703 3978 21763 19054 8521 32382 14864 40163 10911 9608 32543 20021 43561 26788 36300 40732 32267 34596 30051 9320 37517 37252 23750 4354 4045 14863 26368 13800 4938 28757 14265 22878 40712 23387 40601 31793 28206 24762 107 37133 6747 7208 12273 19933 38944 26738
2986 78
33495 3696 42445 16605 7768 38282 32712 28625 42140 9976 4578 26973 23276 12733 10701 24106 28396 37171 20489 26421 38595 30765 14549 18294 24022 38956 18076 36698 33351 42103 9913 19065 20056 34034 14714 29657 15754 5681 10048 7539 22024 35206 34393 4890 29019 14855 10719 41329 17822 17658 11373 25814 34147 34623 32069 20305 44558 31888 40059 14561 23831 14370 35759 32765 6076 10353 20181 16747 37259 496 13061 32835 28480 30360 34654 26278 24764 43471
3151 77
2793 5565 11548 18992 14686 3125 5709 22871 10898 42411 25567 44358 17618 42685 19599 22778 23161 2204 13894 129 1819 48 23429 34514 8836 34750 18900 22842 38421 10542 10525 23734 44595 29764 15268 16087 15573 3954 31433 16151 7798 32952 25654 43920 13510 17879 10333 5137 3610 4994 33955 8195 41334 21413 41869 25416 12469 1884 18454 23207 16489 2645 13222 24415 12747 13367 42022 14806 21604 32595 40975 33988 23482 13986 35016 27320 34205
1647 74
13040 1445 4960 32694 10853 32091 33427 31021 15556 37757 8120 31424 29105 19711 9619 7119 3362 34765 24153 7633 29144 3439 18839 38572 24156 28425 22868 28786 19993 6895 13933 26004 15900 29370 29574 12114 2210 39209 40760 41162 6148 12450 17808 4597 16740 28441 3448 31067 9497 17937 4498 15888 32085 12003 22821 38278 34144 21243 9408 30019 800 26399 40330 1534 2464 4538 8595 20019 7957 5184 40488 4267 44147 24678
3620 78
7022 2374 10731 2945 35135 13623 31455 38304 35494 17452 26584 6741 10203 19427 16962 24533 29675 19334 38417 15588 15927 31022 6314 11477 21535 14633 860 39654 7462 11817 13358 29653 36270 7152 17696 42330 1162 11056 10001 26404 40753 40337 16025 5363 20460 17969 23614 41163 30399 15702 29883 27336 37673 23712 31223 9780 24290 21625 44085 29523 18557 36189 26217 32073 30254 5998 18270 37273 28426 8175 32553 4899 44100 19947 4269 10908 10300 9019
2359 77
28146 13394 42169 6038 6823 11544 35458 26688 1140 29453 44019 7077 11346 25828 42429 3391 30698 16007 20926 20491 10980 12667 42284 11412 9802 21506 5953 6921 28647 19612 16461 33863 9880 8264 15493 44508 35838 44174 32092 9801 35922 8547 32572 32825 12927 25342 23404 14154 19770 13697 1252 42709 20385 972 24839 14605 38966 27774 31064 33938 20564 32959 38950 44474 7933 39243 5248 41132 12843 22763 9758 42004 27162 3330 13365 15979 35150
439 74
28304 26093 29387 1866 7352 8615 10393 16958 19252 31781 18380 20452 11699 30180 38691 41347 7465 8253 40349 4462 26430 12775 9994 29267 14472 9500 862 26661 13006 28320 5242 1742 44802 2612 7704 16190 13430 33330 32773 33261 998 37955 30112 4689 9657 44315 13429 16859 41917 16095 23488 39244 23597 35822 33663 15060 24783 11562 30430 23636 39178 29811 12620 22580 26791 1564 29449 26120 1887 18584 10459 34568 42617 28499
901 74
33197 23228 37350 2918 4855 35070 20662 37121 3874 16288 13784 10917 34293 16072 18117 7006 41282 14352 26099 39299 42710 14226 3767 4155 28266 9961 32870 43158 11673 1639 43674 7726 36557 35327 10588 21400 23590 20425 32586 37472 43464 32841 263 29037 26514 23329 22884 35849 8860 26417 24360 23271 16467 25509 35821 3138 2892 7375 27478 15153 1718 9195 13835 21279 35382 43779 24787 4759 10547 32354 13235 9299 19806 35742
1536 78
42671 11549 21054 13873 30326 27233 12873 5532 30087 19422 18579 27169 475 23974 8729 41092 24090 33676 35302 451 41615 21346 31998 4804 7345 33414 43411 14793 43476 33165 42889 13755 9757 36193 17521 65 28754 28099 242 32445 39340 13293 9986 10318 23487 26131 14505 1802 35064 23962 37875 15647 25269 6144 15943 18211 28021 14690 44443 37058 22690 24891 18773 13424 15547 6481 25196 5618 13965 37959 30175 7350 9450 43050 37981 6415 5316 4499
90 71
25028 40560 8169 13977 23146 25186 37843 8232 5435 22696 14600 42798 7753 29875 7823 43154 7884 7422 32436 35586 23115 35785 17579 11150 2014 19178 18504 40088 16536 20416 8056 34403 27207 5646 31295 28651 8211 2311 38316 7319 5335 5353 38317 29596 2178 29946 40865 10304 42815 25574 1163 16975 27302 690 28645 33869 18193 15126 5490 11178 40454 37687 31980 40512 42887 32665 12765 43806 26646 41578 35691
731 76
38600 15817 5433 16327 13893 17288 16604 16433 7807 11504 7349 41695 452 25632 29659 22010 27208 9077 5323 26600 43229 33973 37956 34146 41706 12969 31630 22963 23058 26731 18750 28720 18540 35829 39630 4497 37279 44035 19752 3131 3432 43617 23302 16535 41293 18138 7561 29550 2401 31348 30959 38728 28103 43151 31815 35734 10606 20266 17130 43297 16212 33362 13045 42028 35939 44139 36472 37215 31606 4240 19854 15540 11938 1923 15109 8618
142 77
29779 43282 39849 8768 6558 21536 32583 35573 20296 31966 26745 43183 11738 40569 23014 15215 32750 13153 31056 40179 7581 38362 9701 26786 23720 22862 12117 14064 22325 19632 22251 35079 37993 15558 36473 32645 29912 10843 15139 20289 31122 10165 27643 4160 19660 8147 16416 777 24888 25373 19480 15413 5164 36840 20710 22035 22732 30242 43012 38238 41736 6402 8390 19731 19787 32836 1749 34935 28589 20947 19070 41977 29501 16393 16895 39933 12641
1762 74
4173 27510 33589 14053 13410 21146 43508 38085 10033 7793 29505 33328 32533 41276 1681 8942 20881 7529 15962 16032 30435 16971 41014 41078 32883 23950 40699 43521 10084 28190 40707 36640 38685 36992 40271 13720 11295 28904 14912 24255 13208 31090 21953 28377 5744 7304 6083 672 38793 41614 950 18219 24362 26304 19976 32893 2255 21107 41858 14010 44201 857 27170 41093 31377 21895 10945 11586 42876 16686 30852 14252 21486 14877
2337 74
33910 14982 43324 20950 41908 37544 5653 40942 18154 14938 21362 29649 25395 25771 22832 38814 29192 3184 37090 17617 23600 26379 28764 26889 42612 28908 8602 40141 20036 21670 9362 20128 29493 18498 32689 1335 26308 39913 13202 16081 25462 8048 3648 1966 25595 21 41903 571 12623 15595 10295 14434 41823 29372 3009 10349 12819 27372 21675 10338 8249 36814 28280 13871 18373 27698 22201 24896 6811 29359 12826 30990 30006 12337
377 77
8610 42015 11211 33543 33923 15216 24328 3605 28548 4982 31878 328 10640 23954 29708 44278 5081 543 33782 27291 40506 35333 36773 24045 17665 35911 7570 2007 24235 23933 41687 34064 40661 11793 42308 28728 10298 32024 26048 32976 15395 11936 4978 13160 36943 33867 40218 30856 38806 35665 44319 20031 17961 22407 7972 18228 14296 22267 17863 8498 42501 1015 16543 15405 18758 19389 31824 18081 28230 32669 42228 15761 25688 13960 33618 7294 24523
2757 71
16056 790 7286 2123 1039 37707 3022 12016 12552 2286 14234 9137 8202 13736 4292 23078 35011 7811 20106 14822 38638 4466 37207 21739 21014 13110 13890 8977 5765 20610 43733 22906 8693 23584 3537 17675 26686 35431 5720 29710 2571 8861 35561 4062 31913 25045 12102 43019 41629 26480 6623 36278 466 34484 8164 28849 5379 41848 43638 39590 36771 30783 13491 38043 42860 1061 37636 44303 36717 36467 19420
4851 74
25396 7519 21068 19025 7736 8554 12694 22814 8630 6944 7310 38924 28995 27932 22386 28370 7506 30670 40671 5489 14979 4040 5362 14570 23705 31227 40740 10405 14309 30602 3636 2133 13131 33772 198 44750 36017 6638 43042 40538 34502 12478 29166 2600 2291 21654 17385 30542 44356 23007 39002 22511 14654 33941 31907 9516 18447 14867 13180 38130 31353 42840 9692 27975 42163 9461 21717 30599 44433 35095 32310 13575 23384 42964
2443 73
1792 6829 29031 31242 4606 23615 15528 33133 22508 17695 26777 6412 407 12411 24102 7945 23028 14948 34339 17412 10128 43153 27498 4553 40952 44181 11394 7441 10317 34078 38637 11585 32823 37543 10747 21080 2192 22189 29963 20079 28261 35393 13426 29109 13949 4461 26182 9468 15948 15267 14236 17090 3365 5278 6262 3254 17144 37346 17967 4557 17465 14836 19148 3435 8599 43090 3690 36969 12172 2197 29959 2308 32917
3008 75
32686 34103 21963 43288 39347 16303 16831 20680 13839 26516 27823 6553 9698 24396 1386 27661 27124 22470 18436 8136 22939 43575 20857 4039 5171 20313 43295 39092 5569 10098 12888 32068 5808 38044 23423 6879 14611 40291 38967 15068 24025 2176 15893 7648 43544 16787 11000 2036 32682 23187 21255 39502 12367 2619 23580 10670 41702 36519 28627 2505 42664 7608 34162 8414 17866 2340 42446 27754 44116 10367 26113 36764 21635 18769 26567
1274 74
26484 4223 24986 1864 10007 30484 7950 44212 22896 17413 14481 34835 1360 13213 40176 23403 36125 17077 9677 43293 33399 13626 1 17184 35621 3143 23503 14412 19201 22648 6366 29229 39378 13929 31621 8150 33598 1649 32202 15768 33163 6618 21299 1462 41602 33469 12245 36848 10726 26316 17522 36661 1154 42107 22279 36043 39750 13918 35908 8165 9331 24218 28066 32167 35220 20997 21525 9305 36650 36934 5745 24961 35176 15223
768 77
5559 28751 25841 42656 19872 12989 22067 6848 41761 10920 14650 7684 37222 5580 28530 23163 24975 28221 1858 29328 39893 6333 24738 28015 25690 13886 42870 31957 8715 43459 26761 44787 19057 14238 43786 42364 27930 11948 18644 3791 17056 37423 30335 42997 23716 18080 29485 13191 37060 25805 16589 14040 19505 44818 29872 42903 38210 26940 16784 40461 15526 27653 27160 15787 39940 12906 12121 41111 29761 7511 9459 41245 437 24638 2240 27617 42193
983 70
16329 34480 795 30155 16583 2848 4022 33190 5731 39325 35465 28371 11789 36446 6263 36109 39945 28430 13855 7365 14808 18700 39437 2634 35736 20621 37366 12606 32064 40956 34151 6799 7238 36382 37376 21894 33433 3804 5313 10261 22464 9669 4170 8511 40450 41522 34620 18045 12746 32853 14587 43604 6406 5263 21209 19902 6968 5689 33979 29048 2385 42890 43443 29254 30657 17418 35841 43115 6233 43840
1524 73
23543 6131 6325 40816 4378 17110 34196 10973 43072 44733 24417 13797 41449 18442 3867 27700 7458 39796 6419 39026 24617 23274 30153 4781 26798 41015 37315 11286 3100 5421 44689 14054 32314 25262 32527 28839 17518 2033 20836 32905 35592 1250 36793 25128 26638 19356 26185 37546 37953 43084 32861 36368 21855 22226 8600 18944 19495 2552 43194 36898 15566 29968 37074 38023 30582 22346 40462 7805 23013 33634 19813 32927 31450
2159 77
43600 8458 43330 26756 21018 11649 29219 4234 14585 23065 32344 5036 15510 3882 13850 31899 1198 32790 18204 29451 28868 23835 17580 39576 34857 31629 4596 40209 34394 35794 16333 30516 21478 30902 18169 9876 26998 43493 39036 15478 18276 29155 41825 15899 1231 36899 25265 18484 12595 2976 5243 7410 15782 34967 39345 43414 29804 4993 14825 11066 35909 10488 1115 9907 2879 19174 13017 41978 18740 25606 11155 6257 8628 21888 36352 36318 29020
2900 76
23279 10176 1986 3607 288 12872 216 27113 42042 20049 21832 1306 15350 34851 8880 32079 17316 24089 33902 2929 1417 35897 23171 33477 15067 35359 42043 7593 44013 26126 25075 43554 44244 16646 33847 17831 6370 36151 43552 42565 37746 5012 42629 24402 3893 43543 40267 22707 9770 42002 33537 10058 7192 10468 33412 38926 42507 8453 33756 5542 31638 31156 43331 27121 2727 33917 157 33020 16606 36856 11641 1070 16537 40755 21031 7454
2689 72
19354 27967 3199 15168 27451 35852 21786 24998 37662 22773 5113 14724 36642 41970 24244 24239 16249 27535 41357 16980 24552 40546 4527 14977 40431 18847 26860 36465 44330 16047 22694 38984 44496 5719 43415 34110 41241 2637 25303 8672 7257 11947 25730 42901 25149 7847 23586 6192 17900 38273 40021 30397 31730 15799 21208 1481 12588 29629 29436 1610 40361 27453 35088 18726 27402 27438 18853 33235 4802 22699 23129 27140
2769 76
11881 22112 40148 15622 31812 31853 3014 43424 5411 10967 18483 17397 41062 16045 2437 5442 15367 10614 28421 5619 30332 8295 30706 33251 41054 10661 31397 43631 15467 28237 17401 41371 34735 42153 20811 2499 36630 1185 34092 4685 40791 8119 12950 2642 43584 14186 17159 1192 879 13009 16342 16033 38978 6549 9429 41019 33963 26044 4441 16373 4237 4209 6353 352 14801 35747 16877 23243 29843 31995 15112 33510 4650 20116 13170 27883
5998 67
40372 18685 9917 17139 12138 14876 34881 29085 9093 3310 29095 4271 28636 29360 5670 23362 13648 13436 16215 8857 30650 28445 14567 37537 31081 21298 43616 26138 3497 41727 4712 11674 27970 26440 15106 22867 36912 23173 22811 33552 34986 15089 2661 38608 40827 41842 11965 43128 1590 13535 2709 8940 42252 37025 14510 10101 31263 21033 10788 10622 6543 13482 23155 3732 8890 41946 5136
2856 69
16343 394 20368 20518 13777 27838 144 20554 15857 11097 34552 42120 13030 31192 38628 2803 39106 28984 8744 8887 7389 43901 34102 5030 16491 4852 4968 19892 10264 5098 33118 34435 42833 8117 30230 30637 39022 14148 27738 5105 12442 11979 23010 3839 39569 583 19249 287 1120 35034 38954 33246 40735 40723 31336 39716 5799 27334 11257 18231 39746 9524 19938 38657 4422 23611 19879 38626 22959
1446 69
14339 42544 34716 19469 7296 30736 11644 30996 38782 25946 2782 27476 20752 37535 17051 5568 12228 32062 34028 17441 39639 36493 15661 13827 29041 29415 31083 6417 27312 39545 39184 514 6772 26324 30865 33862 11500 5540 18226 30008 18845 38318 35957 40423 6706 35287 36448 4843 1137 36956 35318 25371 3578 21007 4470 1472 32707 28085 35916 12154 42616 26306 4691 44206 5704 5117 8636 18907 41284
1646 69
17263 40057 28286 41472 25383 42585 3668 19987 33334 15504 20999 42797 24526 14542 7477 26522 30793 18807 26073 35238 19305 15811 24668 39966 11501 40728 18546 20561 42363 35716 10818 11667 9815 17911 24524 3966 31810 4589 4796 14569 14958 40802 5155 30834 23052 8533 32516 5701 25233 18537 9560 4970 17313 9204 19591 21861 39701 22303 30423 19277 1298 36351 2312 40009 27441 9494 35735 7370 8853
18 70
43121 6818 27386 39837 6235 23997 23139 801 19777 8471 35761 43313 34548 17867 28284 15623 13103 3350 39675 15386 1653 34145 5578 15580 24354 33551 10221 26434 38586 5382 9663 6215 25543 34160 25155 31822 22397 13780 2124 26758 18736 4623 22191 9569 44535 29128 18962 17682 1495 36076 12309 17774 13822 40188 8906 3284 1635 27742 22614 40485 41638 15521 7976 37305 11684 15173 21134 18561 15029 30704
1776 73
44175 35405 6431 26062 2699 7526 14395 19136 43054 22975 27157 8215 15002 29046 40762 15545 2663 14407 34401 4524 22590 267 27958 21306 366 32473 8158 15301 17437 14762 32268 11434 11725 14993 34413 18673 39903 34424 6891 35687 20444 35603 20988 987 7079 27030 33170 8192 27185 31738 40678 28642 34228 15744 9118 1421 6971 20288 3179 10340 1859 2599 24469 7120 27194 35454 20902 38365 5331 9819 15501 10929 9051
1791 70
22321 18691 36330 10182 30108 15746 39896 41080 1256 26350 41542 13605 32435 2712 21394 39409 1946 13616 7853 32874 6809 24695 12754 10017 29908 34491 22124 10205 42923 15283 18698 28891 23269 9290 432 29970 7076 7164 10511 18269 2906 43833 38061 42063 31850 32397 12270 23993 26463 19402 28091 41550 44016 31416 44054 17893 10677 35372 364 15428 25429 43906 19537 32832 39620 38119 21186 7456 9846 19125
3141 70
18297 21313 27792 29617 2099 43465 22042 41999 2279 23379 43624 9223 39162 9370 27123 39685 37651 9117 8586 34806 11896 44253 35337 1722 5603 20958 11877 6560 37167 41328 2562 29375 44199 2877 4957 12023 12325 40378 33284 19023 8391 22398 30538 11298 38571 44311 32833 2754 43472 28288 44820 19965 10070 680 17523 19367 24487 15238 41743 14201 4328 20029 41272 9413 34349 14141 29455 40615 9133 28252
2950 73
730 14251 25571 22793 44349 42579 33392 2931 17302 25548 23790 18697 28967 11761 10010 30450 22056 37097 18431 12665 648 20456 22755 8627 44327 33799 2799 25112 42212 3277 29025 29348 9385 41168 4803 7888 18755 16507 42166 27218 1754 34068 5341 5144 19490 15955 19013 23216 164 17116 429 31762 42641 44144 16302 3034 43315 38551 10573 38449 23138 17161 10537 8446 16366 6150 26473 39656 33770 23761 6070 41065 36794
5743 72
1488 5281 37723 41571 17423 17253 839 3077 15415 9644 15881 36816 44377 18926 6929 20894 41586 15816 37316 15508 27 14107 23764 26621 33355 44699 6997 30224 6120 9196 5615 27927 34660 1107 6245 34565 43348 29842 35981 13968 16123 20183 774 21117 11899 693 25279 3153 1543 22970 43466 21922 36436 5907 7761 26300 34447 26215 31475 23476 10679 25061 43661 23068 37422 2878 33258 16564 4282 13001 18277 11031
1600 72
19619 3624 42358 42390 38251 16406 36845 19005 38448 22480 9039 7829 31149 23701 11703 35896 18363 27680 38420 21622 34405 35567 20933 17294 25659 32088 20741 5325 25573 1651 37592 27091 4350 4816 25858 14842 37125 36558 1594 5378 1958 16140 6518 31110 41063 6272 19920 8661 22404 12596 28079 28181 23412 24761 6596 4729 34822 19370 37061 13022 25925 36539 29136 30681 13952 8462 6186 40709 31969 26012 34050 37788
4955 72
30012 2292 29851 14501 31423 21247 26252 29081 33212 24413 38139 28817 31469 41689 6948 9724 14636 32428 29531 8381 23793 5375 3719 25229 13116 35884 38187 1813 28375 185 27224 29978 13814 203 40718 16806 41049 39445 20218 1993 10496 21642 27337 21780 27417 13705 10764 21722 15995 39613 26586 6178 21875 40005 36135 24217 36766 22757 16554 34284 7090 23438 2815 26169 16715 15611 33151 10687 42241 28312 16069 17245
906 68
33937 21974 18372 32942 9307 35597 22343 20648 29880 39064 33219 30372 37908 3519 9580 14078 2805 20803 14205 25867 43023 38994 7993 6669 26468 19439 6203 32663 24958 14696 5407 4386 12551 38599 36601 25018 38646 22960 38560 12059 34917 26806 28098 18403 10905 7299 13902 3733 16028 8140 42693 42515 40068 35602 39286 37638 2274 7535 41870 31616 4415 36280 4849 16036 67 10064 14939 24464
1315 73
36415 43861 24374 24741 1009 24330 1117 35086 38036 1402 39683 29073 17010 7964 5074 40730 34044 36646 15058 39655 12731 4591 14659 31217 2532 39247 32212 28403 14155 30142 30802 24 20503 1004 42742 29134 1687 11383 23493 36767 36708 38079 32536 36036 32459 3856 32951 36103 38361 14021 18800 6436 37340 30386 30690 1924 30797 2674 25951 38319 8664 17403 12787 29754 3464 4213 41043 7203 16892 36593 1974 321 44491
2388 67
8736 26136 20617 31960 32362 44256 32342 18307 21944 31125 23255 31366 5919 17229 24448 34724 41990 14597 39929 27165 30037 25909 27891 17843 17693 37325 39265 26046 12563 19835 44521 24561 6966 30456 4967 15045 32109 31566 34107 30412 27226 14294 22876 15964 16174 19387 14421 25811 35434 30890 23117 42352 39861 24890 11353 6716 21696 12408 8783 25630 31537 40109 799 38065 10723 9388 17334
2325 69
43683 22044 5664 37849 39772 35905 21179 11841 40374 40394 13768 20055 10995 16183 21846 7391 1626 20320 32626 3942 6736 40010 310 41877 19672 35048 19406 4615 11349 18378 38538 18912 5935 33201 32850 39008 26765 39300 6530 3848 30400 1876 459 35005 23992 15453 20371 38330 23439 22810 38988 23973 10310 9141 41441 2996 6470 17096 30853 38900 25568 26096 22384 35836 24700 12101 36488 13557 5590
5366 74
16040 3102 23695 15557 15381 6886 38415 33225 34336 8590 527 21637 20064 25008 39392 29355 24181 37857 19888 43506 616 39704 10055 28055 4429 22440 39801 33432 43776 33978 31023 14734 18423 41275 22085 36904 6597 6231 35213 15065 13031 6211 26086 24340 12806 39062 12730 18948 26257 18507 11246 24287 36501 32565 8441 40822 32185 36512 36778 20115 23417 2267 41126 36186 7516 18326 31383 36498 9943 13620 41500 6617 8181 21406
3956 67
37342 21262 43790 7231 25120 23689 11737 37817 41829 9129 1148 33729 15617 34708 37132 38466 5715 34669 13064 11315 37657 17082 333 5916 41345 30814 23338 40167 36444 7663 30957 14525 2703 1547 43420 17372 29423 4481 22951 11642 27315 44565 33244 13554 6103 34259 17943 22294 8272 15024 18355 34357 31092 16861 6015 10297 11108 16497 1528 17578 30486 26763 35704 7491 25802 43478 12179
2002 71
31346 28981 8809 15081 7278 4448 8388 37000 18562 19631 10654 20484 13401 42264 24279 1673 986 44437 23690 38759 7303 42345 28602 33053 6138 20896 7045 40174 7571 43449 17509 17907 16631 7498 3860 21679 32815 13921 41750 42869 36187 10761 29951 4547 10266 33664 2239 33062 8010 36924 24674 9328 18828 26528 14687 22734 19020 37866 44643 9126 38736 25586 17609 6910 44520 37937 34399 3961 11932 34366 2961
2546 73
11811 20142 5285 38161 17446 8064 4823 33621 17189 6122 675 36892 6634 38019 35225 23152 9048 6830 34143 40498 32700 22291 36172 17563 35207 22198 6595 22829 13664 20250 578 14056 31612 25094 25414 526 23053 31959 13392 2111 7746 35516 15728 42259 16624 21785 331 32500 24780 34800 21469 41173 16381 42362 10653 9110 3322 37235 11532 11182 23722 39629 37681 10877 38451 2026 23449 37671 14676 25944 9931 17123 30587
3191 75
20156 38862 38727 3381 3244 4414 21230 41633 6401 32077 2321 28454 3859 37413 6999 37441 28402 29992 30818 17988 32604 1283 37558 38697 742 21792 4279 5973 5632 11106 29290 24243 13996 9859 24080 36140 11424 4791 1158 37814 29253 12525 13971 28965 29589 25782 34323 23936 21485 8041 25107 33406 13166 1538 3752 30607 5840 32837 10439 19112 22237 7992 41543 2998 3582 10768 31220 17389 608 24788 8698 44353 16912 17198 42667
1112 71
5874 17152 14373 20087 4531 41072 21584 37495 23859 15887 25161 28106 5830 4125 36680 13005 29869 17752 33888 24636 43574 31760 13094 19129 36765 40711 17712 3886 200 11631 35219 12394 39371 29665 22950 42407 2317 12004 39688 10252 33099 44195 39643 10566 4634 15972 25458 31555 13324 30080 11351 43301 11636 1211 3308 16414 28736 33617 39990 15804 585 19072 15476 26032 31670 43256 31486 19805 10370 37024 9445
1814 66
19267 42650 4865 14735 32679 31489 4554 8366 36387 40923 36534 11319 18732 13861 42894 6686 2650 29721 5475 29581 7453 43100 22680 10315 19554 31759 33643 39341 3555 36240 15475 35727 13818 25919 18025 28242 41673 18674 31337 44365 2667 31180 26314 12687 25528 20789 25316 27529 42424 22919 21936 16502 41567 16622 43660 35839 1778 15294 37403 32365 15167 21419 37618 5711 44189 35584
2042 66
38522 35179 22028 40567 17777 44158 15495 39799 30744 33730 963 41752 39192 22940 6360 23670 18443 22570 32352 30780 42340 28340 21609 14986 9803 3314 8335 1104 40891 6297 21752 25125 20586 20989 12828 39407 22895 18558 16603 39939 44055 31892 42635 14491 37141 12080 28769 3355 37083 7226 4519 38030 14430 29346 4495 1751 37439 8503 16820 8167 17948 22330 43437 2582 5823 29314
2869 73
44634 17011 30806 2153 22093 18453 5059 13480 1286 29535 31744 25337 9783 28940 4469 19199 27560 41609 3061 44759 19088 37979 9953 701 39753 14987 7861 16274 15183 1484 43068 8183 26140 41713 18801 13158 18588 40645 13718 3171 19899 13377 26823 10737 14290 10820 7402 6374 43481 28792 6118 39333 350 15642 14458 34109 23603 24881 23865 1576 3505 31932 34176 41759 4817 25774 43626 10270 19724 228 15107 14059 7588
952 74
7960 31481 13844 38442 40947 41404 32471 44126 8330 31597 36679 15137 12948 39107 26081 25083 16168 22837 40733 1829 12246 42067 6269 31496 30819 32277 3951 27706 13725 43235 36305 22714 24010 2560 9771 44788 30803 42873 1736 36516 1501 32509 38845 7675 3891 22730 42117 34889 7032 31681 29492 7763 17933 29783 28357 26934 3724 2958 16201 32640 7288 8003 4709 24054 26890 19491 5543 2794 20229 36592 18616 24911 3005 13273
6997 63
15676 24155 4219 8238 38003 358 16744 18413 31260 35180 26090 31707 10934 31057 19583 9595 16871 3098 39039 31805 29931 20532 11706 29307 33968 11635 5241 43393 13101 12530 31722 22308 16479 27608 35173 10576 2702 11514 13629 12751 16685 7827 18789 20923 16655 16372 12194 14024 9287 15933 20566 40777 20634 15218 40767 2041 34644 5920 34328 28163 31851 28118 15915
1778 68
6119 24341 11872 19970 2295 44809 315 36002 11526 43529 98 36772 2135 28479 2527 1126 32126 25255 24910 36799 40708 6860 19401 24442 20061 43777 43124 27744 4878 8894 17571 28336 10771 8338 30290 3673 37505 30060 3373 19114 42736 28670 40547 12669 26443 21839 1416 43622 28597 43191 8465 34626 16863 4493 6189 18500 22442 28016 3701 14516 10596 20459 22339 34272 21064 25751 6397 21841
5208 70
32176 13135 13496 32899 41812 30182 36553 4593 35039 3338 28814 34553 6897 36267 30830 28433 29222 6055 39950 4141 9523 28980 1632 31062 28763 9910 30338 28376 14133 33373 37865 12019 29622 9458 8273 27531 6486 30448 19149 36122 12836 30105 26043 25947 606 25232 42035 4440 17599 944 19640 26150 43289 6584 22593 36255 27295 31864 42280 20927 41450 4724 11826 16521 964 21930 13474 13195 40208 42905
2453 75
44534 36331 4120 32071 10879 16894 12259 40695 39531 33550 44504 10135 22643 33840 7883 34361 26213 41083 3147 37226 42676 9377 42518 10811 27819 39743 12526 39410 33097 6515 15417 26834 29445 22903 2338 15853 18682 24918 34052 35496 33633 20127 28952 20047 42995 31171 29688 29845 27202 18873 44744 35754 40966 36545 43309 4624 36548 14670 174 1232 19508 44111 32535 38349 36963 38055 10102 21095 41828 26887 26810 8322 21626 29422 35072
2004 69
35578 18856 40022 17701 28450 1043 37936 27641 7243 22718 31757 37120 15085 13271 2396 9748 44131 19748 7033 20932 8030 818 19419 35570 5688 851 41972 42666 12777 12898 28586 37759 33900 28080 3828 19001 3602 40489 41817 40886 20539 42962 18022 23474 12382 3661 2798 27731 11416 34515 8200 12508 14904 43359 25625 13070 6134 36755 8674 13945 9653 34973 9740 5685 8677 39757 23559 43060 31647
5512 66
17524 24853 18033 43969 24702 20832 41960 75 25015 20014 35607 27403 32246 9220 22877 35351 3287 26513 7534 9050 31635 19778 9720 37765 25026 3552 41651 31918 15531 5749 22512 25855 21101 37565 25446 16499 31425 30920 8815 10651 25645 36092 44384 1713 5541 28687 30174 35487 5413 29871 27923 44482 10141 6734 32783 8318 36085 7062 20394 20970 37803 14720 44004 21709 8443 11894
1079 66
25905 8386 377 34962 27889 37784 9008 21295 30217 27143 27547 32424 18708 35792 41041 17355 19739 26563 37928 37378 38248 41937 37402 7935 34407 33876 37277 38920 37243 24542 42423 2443 34849 37348 6642 39353 19319 21755 7394 19196 42395 11893 33687 23659 38681 1561 28752 42966 13373 12798 33868 12103 7224 25721 11089 3510 27759 15424 40331 34375 24950 41311 130 38056 6603 9816
73 66
15019 1921 29146 8817 16194 12018 40240 30065 39458 1102 11709 1319 43215 27837 35043 22973 26145 897 20248 43501 30022 21672 37992 2057 40205 682 4236 1733 24400 23939 3946 15347 12144 17430 27232 18974 2586 10417 13378 36117 32735 21684 12458 39083 44658 18181 43729 13297 28547 15188 1838 44553 38555 28276 37023 28616 1822 8197 9365 40635 17384 32304 23304 44259 15190 18937
545 64
41064 42328 36449 28933 15100 8796 19219 305 5962 14978 22685 33751 13516 15291 34497 17164 18303 23314 44216 10629 37208 31170 8383 18396 5345 38237 30646 1930 16409 10157 2349 15402 20585 14302 16976 25246 42503 32335 26921 40223 36335 42150 9570 27945 40815 14099 30277 24841 33254 4631 29424 39541 43357 44460 31808 36974 37598 19124 32838 37589 25356 19392 34450 31445
2773 72
34333 16459 30549 3929 21438 22295 17664 2160 13159 13475 9573 26078 30253 5310 36037 20203 1355 5203 35834 40315 16644 18875 8851 4065 11072 7326 30260 36057 362 36744 9710 30329 3835 37302 24932 35599 17359 30896 19626 43146 22920 2058 26633 9874 8972 17544 9439 13376 25405 6338 13382 40219 650 14976 36714 24126 7324 11693 35123 19541 44720 41024 2753 13967 30478 21745 18563 28924 9327 34201 903 33089
1574 56
33852 26526 21341 19374 21327 22424 25605 24484 3180 40852 20858 21142 13477 19855 34481 44575 21310 24450 8459 36458 13323 36110 37153 20614 39153 28241 33877 14165 5551 43376 43088 40083 44095 37570 20505 12094 28869 19525 15 40610 17436 13809 13074 32659 18694 31071 25216 2810 20330 32177 44392 26118 33771 34693 20100 7318
990 72
42497 21827 13181 1727 13393 21190 39979 24033 32664 25151 9202 16281 1049 9266 1028 22499 40383 23353 25943 43764 19548 15182 18010 36600 14116 21429 27948 36420 35483 10951 25000 116 2495 36711 18082 27002 44407 18013 26338 29303 7745 9989 33183 29859 30872 7714 23542 4465 14834 3105 35525 16153 37298 11374 42885 22849 7821 4248 2172 12593 12263 24368 10376 38049 29709 16889 26005 23217 22591 10875 3616 34317
6160 68
44427 32097 40430 10398 32611 19939 1747 4380 22621 32325 18190 33740 5791 42211 17655 637 24185 22922 2921 15685 44481 30396 16010 7816 1573 15970 6255 6816 28700 41097 35827 40877 14044 40623 23959 34170 13000 15998 38503 13495 39085 14626 18148 43933 291 16761 9240 16834 41787 38143 41524 31311 16842 4778 34795 41610 2500 9896 41857 12466 16637 27053 39584 24654 6752 18555 9485 20530
180 64
23856 14705 40781 6950 41994 4598 42511 14591 43848 12243 32634 44766 1612 10598 15274 22486 30141 28399 9028 19303 35878 7596 10177 36224 23111 11832 19209 25580 44000 20996 34445 37557 15237 33404 23206 12257 39225 32399 5181 29723 37767 5533 1535 25957 38395 24707 40405 37078 15259 25883 23840 16210 11482 28311 25844 42722 23919 15199 38472 36481 15934 34908 29060 14032
1777 73
12570 9715 16390 29176 5537 33802 43065 41031 34516 8714 40530 17458 11521 5474 22071 7760 32309 43045 17124 2708 44780 40908 25199 28062 6378 7756 9049 42305 20916 4189 22119 16243 3472 27703 24748 15212 25790 11679 24127 36417 9886 19181 15518 15608 31089 37782 13524 18370 35871 10223 27798 13679 37037 31875 41200 14693 32298 35672 36391 42567 39829 6877 1825 11842 35529 42179 42593 40107 40023 21521 20791 28338 37836
744 70
40637 7594 2477 12870 38645 20787 15515 11512 8268 41725 26726 14306 2278 32907 38144 1630 37304 40494 21446 3194 38609 25418 9721 6779 8013 36035 6989 35960 39738 23781 40563 15149 17776 42075 8219 12192 2504 18084 41612 16857 35997 29236 3994 618 6328 36385 24697 34326 14118 26861 44335 33471 17020 8261 2072 44061 16684 23896 36216 27783 6452 35356 7813 22638 9420 18208 24253 44360 24336 29543
953 70
40487 23126 5439 34379 23844 44729 32429 24868 2287 36213 18274 42031 36482 5423 28515 1367 44705 43748 25974 19400 6108 42677 22971 29529 4575 7639 24802 41122 21939 7429 43628 42182 22127 36466 44753 31323 14653 44090 40581 19431 8445 38630 6091 19836 21198 35623 17849 2860 28432 39771 44652 15161 1551 397 11551 27640 31422 41617 15908 3412 19099 23845 23769 34770 44590 15842 20398 19002 39848 12444
784 66
43778 36569 17305 14174 35047 40052 31857 21558 21427 21126 35148 42349 4561 32227 14223 29218 27939 12416 24671 36653 17299 25041 25769 7191 23282 38179 37389 19486 15399 41448 23076 14853 42715 36906 9495 8538 5579 22909 1598 19479 4756 23952 1596 12067 28977 20227 33545 776 868 32936 39906 9313 34364 28939 8730 31944 35548 13309 41685 29456 13419 32075 15048 39475 21412 35467
1250 67
36940 31206 2347 9353 28512 10392 10533 20779 12680 13561 33999 14945 8345 29526 9201 21440 10754 38025 38433 14139 28209 29243 13983 3195 25707 42032 38340 33881 17268 42637 27088 20392 41007 22668 21976 21017 3488 24348 23343 15938 32574 19981 41690 2114 4066 28497 21472 35635 16768 30418 33476 9839 13490 19852 28524 9811 37571 8480 10396 9752 10292 40700 15814 41377 26747 30781 9900
1337 63
4385 40652 25618 21706 14476 35887 20387 12260 40099 36774 19989 24851 31332 17846 29224 10491 34899 8066 8929 16163 8062 20842 7834 28855 2283 33424 5419 17728 6847 2117 24981 26609 3178 23942 28271 3111 14355 25634 22452 38231 4483 14709 24967 42156 33636 7614 1912 25338 16591 14908 37766 5002 5793 11310 36390 42750 21800 11026 5501 13069 12307 19779 10666
6793 65
25653 10020 21489 12217 17062 17624 14398 1877 31309 43483 26025 34947 23841 22673 544 2726 13079 33214 40357 26625 26677 7775 31402 20007 35662 36564 43249 23189 29683 37254 24329 10842 43272 22406 21102 6846 31587 35384 24183 727 22107 18981 22927 14575 36319 13964 37846 43257 871 42769 16659 10245 16515 5839 23365 24902 15379 1990 21150 36815 27584 36470 41956 29909 9625
5364 64
26244 28000 28553 14075 36288 9772 17699 3211 37524 23789 20623 23765 27326 10508 38832 43494 1777 11922 2451 22747 39287 33110 35556 37145 19484 1939 7919 6938 39677 2598 35542 38418 17859 3174 1878 38809 15514 16241 23062 7448 40241 4091 24812 2387 33064 13783 42234 27274 11880 18819 24644 15003 769 25898 2866 31228 2737 29513 40471 38706 38748 38774 44020 20780
3318 66
10969 5723 41854 41957 5829 19443 20934 18692 42521 2788 9373 24251 40928 35305 30908 17032 4767 33736 37587 16584 30567 20682 18390 43204 17540 6093 6202 6711 5097 2570 40327 30366 12490 21751 2432 15978 127 18437 44030 14344 34556 8025 33316 5628 1188 5052 41912 10528 25243 43029 38607 34954 1942 33073 35769 32121 39140 21268 37737 17595 1772 23149 3940 21024 36034 23369
1998 69
10997 39736 7876 21508 12410 5694 10289 6247 43701 43784 44188 31403 2305 13792 44608 33648 28522 43625 22991 42737 5511 2968 39740 35851 24304 36636 11695 4179 729 23688 29039 21858 27561 3840 13385 44789 8704 32011 31340 15008 28192 25806 28833 33675 6945 38160 2352 21889 21559 3491 28583 17113 38807 5922 26363 21690 36605 29241 9386 38281 31453 16530 1836 41780 7336 2120 41142 5985 42337
1744 67
36770 43113 8438 770 16208 15695 43144 6234 14514 31754 43726 23891 42443 29049 43929 11918 12797 11281 1763 26320 29429 24855 6969 15450 5062 40257 44157 27446 20810 17643 13604 31982 31951 43732 41374 13682 8011 13343 9075 20691 37311 26949 39240 18034 14140 1574 20333 2952 11754 22123 14345 9308 24105 33539 24161 14892 5934 1011 28882 43231 27439 35254 18554 6453 7917 3613 39126
1889 65
39968 18986 33326 20713 4053 7426 29310 24160 22375 38459 19458 22635 27517 34287 19877 3916 26190 12320 43962 35984 15926 17120 25090 37387 6277 33490 21201 24935 10440 9823 14418 17234 37754 25410 24970 27943 39724 8945 37599 37241 21958 21528 41388 40094 18965 31711 9203 15603 2944 28804 11384 25344 4114 16108 36022 17581 31734 29477 12993 19312 33994 5629 42128 32726 19983
2089 65
25170 26518 37780 37904 37134 16662 18491 33436 36817 34352 33996 18229 8681 18438 40036 35289 4056 13294 5448 1379 12902 13004 44794 37822 34040 14884 19077 16149 5606 13737 29846 14233 41941 19725 37764 19474 14005 27926 13435 42559 33818 18911 20271 38388 29896 35448 29450 17700 36785 30718 41592 26110 24191 26667 41289 31516 41307 23467 21733 41027 19324 4772 33522 3725 31717
6090 57
18634 38222 22239 12685 36616 1372 28092 23320 206 19530 10132 4288 31777 3011 22298 41788 20720 29296 13947 13379 26715 13985 21140 41250 33238 22850 23998 3574 36406 12531 26429 43515 23535 17172 43083 5304 19958 18971 18884 1369 14550 15668 5037 12967 15651 40369 28643 4523 41784 25835 21854 32215 32688 36620 23001 20096 16697
3774 62
32537 23632 6002 41856 39864 19238 13533 6179 23903 43657 16264 34263 15762 1870 726 43381 32117 30887 15771 2966 37285 23624 5017 17097 41710 8994 36926 35096 14580 6631 28164 22609 6403 2676 27982 20706 41407 41807 9855 13867 12864 9765 23211 30703 31303 34124 1420 40274 12261 42209 19338 9149 5601 42830 4924 26941 4475 18247 3257 37414 20684 9484
686 64
20168 37487 20084 40808 4472 4877 30916 38032 17496 20109 30631 25985 29874 10382 24220 25245 41434 17405 22513 34532 12869 31841 36028 3149 9996 39494 25939 11868 40157 34242 5306 27266 20708 2076 30952 35084 34733 36510 19908 1349 4313 13842 18503 23920 22115 24928 13263 39862 7080 2191 249 40123 30046 22572 26322 26418 44300 15245 22102 21712 34832 44813 34433 27509
4488 59
22854 27408 31894 10100 20042 33044 21884 41090 30689 18446 22477 42451 11668 17981 25796 39900 12277 28074 42852 43447 16786 38812 6765 35239 23622 308 8771 1005 13274 4298 11867 25518 2280 41499 15321 31775 35438 28412 23431 32944 33677 43033 30533 14042 18597 41445 1171 36434 29154 29499 28039 2186 20770 29725 9775 13632 35006 29611 36439
4719 69
8747 17024 43704 42851 20304 44229 21810 12878 40281 22636 34980 21424 18833 36326 16769 37696 11267 519 34118 14911 9531 31631 4881 14239 6778 38134 27741 33993 18647 14158 2020 27845 1194 36075 42770 28726 28697 36014 24406 42091 39839 16977 16207 11528 37924 25938 41799 21029 21052 31076 39640 13260 6256 26077 8466 35845 25537 12012 14039 19467 27940 13269 22329 14295 38310 9617 19654 16150 4231
2074 66
3108 43258 44008 1391 35950 38526 41009 36042 20399 2914 12448 10040 10831 32554 32581 7991 2442 38512 16188 27168 14119 10568 10965 22741 11036 15317 29378 24020 44451 27736 38680 10146 2498 26294 3162 30941 32871 2137 34506 7460 2666 42580 19078 1129 18964 4630 6815 29339 14757 3983 4336 17315 20831 41661 9690 29778 6026 40126 41597 29934 14529 8591 44374 11358 31821 22987
708 63
24299 33397 2748 32577 18996 7390 11388 31739 33884 44448 41210 18214 17539 18848 4384 2936 35777 28682 26895 6329 9284 1941 44696 14204 42602 6217 4635 31325 1541 1668 3807 14284 33574 1741 40258 42036 41753 15740 4522 15625 32950 30907 21161 156 25728 29013 34951 28592 12079 9499 39029 2217 24149 8283 30064 13562 42937 5467 28915 8866 36546 41340 12890
392 64
8603 11637 17680 30863 23093 14432 9401 15257 35184 25849 32400 38546 26191 33271 35775 18667 8523 23444 24485 14477 44710 28136 23775 41442 18536 8785 12986 33012 8957 32723 4722 26648 42027 4937 753 398 28730 42760 7173 3437 8292 11783 43132 15421 1682 37997 24173 21600 25261 39726 34275 20259 30160 24104 38131 39323 18361 17490 11309 19781 18988 16392 34099 17251
2418 60
10092 36468 31253 241 2427 16724 41415 27352 24709 37393 5414 44487 13387 44107 2147 38368 35156 26464 21966 42556 5659 7396 12120 39327 1254 25465 24613 27866 20871 15066 13972 13455 27393 2309 27637 3449 33147 10352 29379 17854 27019 35515 16157 40918 14307 12999 21022 33766 28690 16539 13261 24660 19514 26111 30446 19732 123 9053 6985 31525
809 61
23120 12635 20551 3614 35319 41050 33507 35749 34251 10939 27818 30788 20782 5690 8450 30811 21790 34488 25152 21185 26198 29817 14137 38874 36217 3682 19126 18915 33662 22137 7637 19707 20899 9864 41684 31595 13716 3390 12771 39905 1874 6817 42176 39483 27293 9180 17650 11678 4312 38280 19098 7647 29410 33282 28618 26894 29944 22434 34029 37797 17965
4223 67
18731 25649 16735 41212 4061 31327 18062 35990 17048 35587 42915 34432 1832 26152 11891 14925 14530 16721 32475 34924 16277 10387 21411 301 1227 34678 33870 25434 15903 2166 6795 33579 31758 19882 31524 19956 40468 37312 3465 44619 34892 36130 14726 7222 41112 42771 323 7814 43693 22146 15509 28413 8751 23798 27496 31410 9873 31437 10672 34895 2780 27456 43827 14235 33523 30831 11474
336 69
28005 2158 38880 35234 28789 32002 12928 16656 36987 33127 36179 24405 36373 34866 41963 36048 16071 36237 12045 29836 41265 27238 33967 36775 21569 26681 15524 1006 44049 27342 43682 10193 23739 22359 44072 42948 24510 12234 1460 18175 16217 11239 31044 9241 4238 29624 27046 24209 23804 42104 21010 21305 24733 28533 35574 25312 3145 27635 2447 20428 27459 9837 19940 23799 30529 29924 30931 20964 44769
2572 59
27355 2827 1892 12907 1707 8537 1390 20169 8363 18942 37115 16184 26119 16807 17848 30163 16947 18596 22654 1965 14828 44378 3783 21704 43 36915 21989 23796 4652 13117 6362 11165 20090 23251 35097 36888 30134 284 38400 9407 37837 29781 4730 32578 41118 37605 12599 2254 7202 43811 15541 27605 41526 38596 14246 19952 8960 5112 35316
5670 66
43553 14268 6651 13384 30185 4556 13820 10702 8956 8191 4568 21372 24800 41216 44718 39628 39055 39967 26209 42173 19868 7513 5483 39050 26902 18933 27503 23573 28539 32316 31159 42420 23024 1255 17851 13999 24603 9558 6305 33814 28353 40978 29087 17001 32163 44592 36971 35353 18668 17921 5329 12963 22495 7877 38791 20317 18188 14016 24598 303 6931 43702 11198 4033 23787 10509
6756 59
29515 4408 41847 28268 24511 4583 6106 15177 10312 34121 41675 10994 43104 41826 29662 27753 10431 7311 12973 32262 3313 11403 37964 44336 35022 567 10924 36622 26193 17037 42380 33784 17488 24587 10274 32721 20715 532 4187 3294 28919 27734 17455 24242 31716 9031 24820 16170 33124 35766 27508 18408 41482 20312 19045 15852 1152 4595 37409
1500 62
25846 31789 36719 6252 6537 41273 274 14168 9581 15696 28836 43129 38757 43841 23980 4372 41604 10472 7691 18880 25904 7298 16904 27214 15303 27702 13525 16269 36148 1952 34351 33726 12311 30042 8179 40295 30084 25162 7436 33446 39663 38186 4809 16873 11088 39892 28296 8182 38048 13058 26466 19552 5562 7085 37461 9022 19979 36689 34719 42755 31706 33160
7512 57
35092 44810 39523 5070 22417 28881 39951 26792 1542 43542 8705 34621 813 26542 1815 23923 39857 35835 13422 17641 2373 19807 24380 14258 6024 30629 11445 21908 38182 26424 41004 35737 30773 27936 7478 4668 34252 25281 8974 23334 24865 29403 36933 31546 10385 7733 5212 40020 9256 34426 20788 29082 43345 23560 19320 29079 32667
2205 67
8679 18030 1270 30505 8327 27120 30847 41240 9001 15361 43279 23260 26879 29542 13209 28968 26855 19945 18552 44178 43751 29995 40628 33570 2168 8779 20000 5734 34618 36706 6547 30933 28313 26655 26691 11091 38828 4487 5612 22658 26397 22481 3925 20978 40228 21229 2671 12383 19904 15758 41487 30868 39418 9087 35271 20904 41152 34707 31341 32598 9567 23564 16782 5262 13322 38242 42741
2999 59
3051 29511 23143 9192 37624 14663 34041 5890 8277 21025 22275 2819 27368 26259 18257 16989 43266 7662 3761 13776 39279 33487 3630 23246 40204 42793 38890 10591 18752 23965 11318 35725 32920 38585 19556 8076 32189 18367 4130 19666 21503 24944 99 689 5944 16869 18248 7758 19968 2618 34496 30054 23944 35463 22830 17266 36524 23169 41264
3986 55
29287 35868 17976 34067 16596 11069 18144 31741 12705 6161 40196 13712 28568 15490 28267 31880 6394 95 40156 24662 5906 21342 17644 31849 25169 31557 14890 28414 21183 10249 39922 8123 36366 22692 33622 13574 29735 7338 25540 31667 30475 3090 44292 33957 32222 20884 18357 30792 20674 4926 3675 18347 35051 10673 37693
931 58
37957 500 55 19049 19566 21852 34334 13878 25306 35915 38497 34972 2553 312 19848 22914 14568 36313 29408 13678 12471 5458 26441 40041 44740 36452 30871 664 8009 36722 25516 33727 38200 33120 20310 14489 35488 21808 22362 16090 32122 16936 43951 40092 25130 23730 20346 27273 20119 19582 768 31710 32041 30327 33139 19722 22709 10082
3009 54
24977 28003 6040 31201 12803 18210 26859 11663 38028 7542 9283 8653 2885 32758 39786 31047 21629 22437 32053 32584 12528 21543 24231 10809 37883 20636 29985 13509 24982 40783 29699 13352 21221 8646 4725 6508 33221 19923 20569 4710 26114 26613 43516 39632 23598 9639 10319 38664 15196 958 10441 38521 9409 6636
4002 62
21776 14408 36821 20807 27468 23373 2458 39522 33274 10746 14718 5169 26330 27687 5437 25967 25227 42066 27657 10881 643 32955 18167 12849 44532 3066 38434 21379 10709 22671 30382 28424 19291 13247 14902 25829 25378 17511 25205 9673 20131 5605 39606 37586 31660 2343 6125 12998 15308 28615 32733 17922 28378 5357 10923 20158 43894 36900 44649 24796 16664 22467
2525 55
25004 40863 19245 8766 27492 12862 40098 44540 42315 39666 42331 2318 6554 19596 33092 34627 41121 37269 25349 29807 13544 6943 12015 6480 28689 11596 19946 24227 32411 7082 42086 12886 31987 4734 26994 42661 8171 28715 16730 17637 11616 44042 29165 36204 508 44138 17064 23436 17450 33838 16838 5089 25752 18628 17729
3144 65
11953 10052 17358 6996 24652 3650 16289 4569 15916 17915 10979 31152 22531 39728 15884 4885 34178 28721 2755 41528 22090 35819 32768 3202 6468 5743 11137 16783 41840 32895 38777 33171 33871 35243 34632 15604 3846 35976 2514 15281 2535 18548 41330 25592 5043 20482 28812 7573 20239 39412 2606 15135 18107 16053 21420 38850 10631 12025 31936 36631 34077 3279 10624 41354 6043
2941 59
9245 31145 29774 38675 40292 37508 26796 19648 31115 42480 15468 17826 39831 37233 117 44724 43945 18921 29805 42469 31659 2771 15517 31285 14814 32196 1181 12813 35619 26752 33761 11563 5025 28861 5675 12571 18857 22585 41058 32339 932 14652 17721 43199 15563 32613 41358 33067 15550 40220 10493 28637 15717 2658 4576 42965 3351 19460 36550
321 59
10874 34952 25234 34113 4955 34746 34122 35628 43993 3808 24247 5440 12219 24159 41350 5481 12358 33119 34027 25758 37861 4703 34606 29740 13346 41860 40850 13420 9246 12542 34131 28112 32076 38891 37961 40703 23180 6804 6992 20054 25482 43796 39634 25222 44009 19250 39509 37338 6725 27835 19881 7124 24579 39603 27153 26521 2677 20196 7000
395 59
3289 21942 16922 22157 21522 16086 332 14399 7490 5459 37392 27959 8107 29530 40970 9352 8983 31981 24246 101 31771 25350 19497 25679 11861 34267 39168 18479 24096 38690 22665 25788 20502 10604 31396 36869 23577 31503 6296 16324 27520 3169 42977 3336 15932 10011 41100 2074 31378 17691 17015 13265 11606 16920 27497 16276 7144 18449 922
2277 67
19241 5104 30674 7750 38467 41114 33437 23469 41739 22293 42113 7409 44528 22152 7228 31938 21284 23202 4909 44527 26409 34313 32807 12191 19978 36617 8449 18742 26284 30850 14492 27790 44155 22594 40599 37672 27106 8349 42239 15150 15300 6309 38125 36030 878 35598 7630 26031 33352 35340 6032 27297 22869 32503 17262 6171 7328 10675 19130 4142 2088 9596 31973 4864 26988 4260 37307
4769 56
44640 23041 9835 38223 17874 33696 16814 1143 10603 38204 29747 3948 21135 6332 12128 32402 28585 29181 13442 5035 1868 44670 34633 39911 40435 15820 44774 2116 26323 13228 32520 16312 34960 10729 22712 25963 30962 25916 8077 2856 28864 34797 37730 42388 40049 23060 25902 20829 20754 920 36227 41291 19022 34554 2488 21619
2917 66
11004 20600 28729 21323 44340 28613 24277 39901 225 31656 8943 11189 44692 19290 30795 1175 26353 28750 5828 37531 17779 3717 36324 137 21683 13413 27762 32736 33141 31037 39624 34689 16368 19844 27381 39762 21155 28897 19256 20440 30390 2670 36219 22751 29731 43847 9586 44266 24611 5334 31863 28323 20760 12039 4334 33536 9777 35377 9851 8841 38212 30234 31174 16454 22360 31939
2226 56
43284 19727 21869 39242 41494 7849 39611 1527 354 9103 35572 13857 9527 37787 1364 22889 39838 3001 9630 26819 36660 14175 23682 6714 1499 40149 2171 41033 23904 42024 38506 38191 12853 19101 11999 43908 16974 5827 21119 14334 19340 5864 6851 15823 34649 19896 9607 1938 20656 22108 17520 28429 18778 5594 22054 7604
311 62
12932 26857 2080 22337 38687 3156 32404 1991 31339 36127 23136 12517 39169 39305 13521 4558 23135 41518 30745 26769 28709 29916 14079 13790 33434 31304 20709 36246 34471 38082 9140 43668 30410 14879 35279 41151 34635 25937 1852 28779 8361 32492 13282 29676 37497 28664 16848 44560 18989 15097 42122 16629 41576 17370 31358 37633 7645 32508 4540 4613 6390 35720
1800 62
30532 26100 24261 29558 39956 26490 25215 3347 41965 15122 14159 2027 37654 42295 42706 44765 33509 37675 34923 28220 37523 35717 44211 37379 42438 24134 41147 16432 169 9545 14738 31256 31720 31517 25848 3309 21393 1051 8913 4337 7008 27867 42967 2652 27876 35739 30062 2029 5763 30184 19105 2460 2065 28632 39038 38558 1439 42229 30249 6066 24993 20253
1115 56
32889 14942 39034 92 8354 20849 12894 42369 32388 9302 35112 12915 19167 39822 5471 11696 2992 37248 15438 34837 20777 1443 1324 43468 14414 20474 26580 16712 36949 31695 5855 41274 18495 43378 29113 20531 12539 836 10314 9015 18218 31395 2024 20324 5923 19910 6462 23833 28245 6209 35137 7358 32142 23667 15412 35886
3007 56
42496 11422 44341 25616 36889 18834 2044 22726 15574 31735 44002 2251 18195 6656 35798 4159 28788 6831 17089 41730 11778 27639 32902 30701 38012 42111 17625 13578 26398 16043 41680 8867 19651 786 5523 30152 9068 5772 26754 2083 8072 11253 23215 23494 34373 26978 43825 21065 26507 24907 1050 25239 33703 13300 22138 3871
152 57
33226 37069 21948 34073 21238 33935 39220 19015 31640 14802 2086 4031 23141 24952 1411 33728 19569 44098 10013 41506 42048 3996 14475 34010 36647 12785 1069 35611 7449 37155 27720 17989 22612 6581 16211 38054 3577 23201 18945 28649 10413 21812 24498 4158 22313 6844 16630 23794 25998 21995 9378 37329 28701 14901 32711 30949 4117
689 50
25993 6280 40618 38516 41650 30982 35980 25367 23905 7776 36409 23253 26997 25596 27616 2206 1378 15560 19298 7923 28 32462 40590 7836 31476 16435 33269 6906 39766 10792 17325 11727 3792 7785 31288 2310 4444 2986 39489 40323 32703 24489 28827 39860 16992 14773 33575 11646 10755 40521
2265 64
16068 35345 3794 9610 38311 27460 30189 10609 21876 40252 16428 42936 20396 16338 22058 27775 33851 26888 10163 8034 6315 40001 23872 30474 44371 9861 7772 6914 26431 311 34261 44688 15056 18402 36973 43127 9128 14437 16223 28214 30620 11112 42215 26439 3633 12834 24585 40833 39317 25202 837 8145 31840 16340 21291 36358 33075 29045 32748 15306 1086 31209 18665 21482
6496 58
15436 4965 30000 18897 37931 20975 9575 38565 33182 6478 7874 4665 27611 42786 38429 24648 19812 31452 23621 26200 16776 23208 28748 40666 18394 596 22482 34318 22128 3524 39871 6606 23836 21957 29734 10285 20300 2299 42882 7234 12456 39612 40050 9186 40324 41195 17796 1024 22081 10164 6079 40759 33467 39272 18851 25006 18980 43712
1242 65
8559 19113 4659 31636 10201 28070 10921 42576 9096 37229 6306 16669 870 38769 13906 8805 28438 11433 24725 23168 7015 14655 9148 40047 39273 26630 12533 14649 16826 30548 16749 265 27111 43409 13884 19878 26051 33426 38083 12316 10922 28545 44389 18341 36977 5167 28386 8323 31463 20133 35961 11441 10374 734 17994 20213 19296 25672 1246 22444 17975 9016 35446 25732 29812
2820 60
44006 8336 16377 43176 4649 1580 11660 13883 29860 29758 40640 22059 15140 10657 13710 7388 40983 33439 23248 24297 3396 17041 31820 21669 6001 21962 1557 7893 34819 4588 41338 23281 14023 13416 17598 27012 6029 28820 35126 25363 16813 25682 3590 35301 34503 28862 9092 34987 29551 35898 21754 22928 18587 39877 41119 37548 86 18113 38776 30640
3263 60
209 3402 42522 10232 3597 11057 44123 23426 23565 21056 21612 26554 17075 13846 406 1947 12601 25821 36096 28532 42200 34355 28167 21701 24424 10897 6228 10518 39719 3434 27033 10234 22597 2016 44543 17453 19990 10705 10118 13552 19323 9040 20521 37801 4258 2907 7592 27781 39944 17472 26281 39484 34927 26104 11313 17386 37948 36400 33208 10646
1373 63
19120 36095 29462 43112 18445 11625 27458 43135 24633 15148 14468 21200 23352 1038 8955 1647 15735 7564 28097 13028 22698 25695 42181 2329 32415 19314 34489 5502 34803 41901 20293 18728 5852 21602 29634 33448 20553 26347 4306 32004 30356 34828 31182 43664 17811 1624 22040 39692 7106 39898 724 26905 22948 44584 21660 20160 19780 31194 5417 43897 22910 33384 29417
4330 62
43514 41421 19037 20039 38495 16771 2925 19665 29318 26947 36316 12920 21194 33006 36090 29671 20345 18158 6666 14459 29623 9392 42109 12265 16494 32373 7367 15774 36359 3870 43765 36997 6576 15151 44409 10255 3126 30917 28254 213 33382 34652 15363 11522 37630 1382 28614 34748 26369 24154 20603 31499 3506 31234 37217 12761 28330 23459 33195 2828 16093 18480
5419 57
14241 5214 39384 13828 11467 16498 44476 39219 17871 20675 43958 13060 16512 22229 41897 40317 1328 41346 13317 39329 25030 21060 51 9139 38912 21911 31482 27855 31451 34831 32055 24061 6156 30755 41096 44606 32437 36786 17971 35811 11830 42911 27539 33591 33667 21151 14046 25560 35392 29252 18832 35846 21835 23027 11047 21078 31561
139 63
12992 34362 44591 32635 4618 4489 2773 30975 26394 10982 12537 23184 32203 12375 13197 36901 30511 28563 29343 512 33647 4295 8173 44119 20408 27059 38411 3888 19972 40734 38338 4200 27670 39033 32727 12745 33774 23205 11988 21264 25093 36656 32017 11903 18395 13306 9990 36986 18872 5415 9568 1883 7109 6635 13532 23525 43780 20325 21239 22890 10600 21349 6011
7068 58
6177 31753 22870 32859 32869 8973 20272 39084 28109 3485 12130 39622 484 19856 31993 6926 36363 24549 37785 38540 28735 21003 7419 1520 36905 23241 7974 21836 28262 25694 6652 10760 31436 39888 6442 592 28133 1960 441 22678 16292 38698 19368 39367 5352 14974 3647 2320 27600 35748 11209 15142 39907 7857 39515 15919 33027 40035
2866 61
4195 21902 19820 37237 43885 9591 19575 1932 20282 39185 14490 12981 25665 44463 15323 12232 34662 27618 20016 13690 32313 42389 8190 12867 4124 38076 16218 20957 13252 38910 37967 17560 16991 4036 36171 33514 12084 11566 24592 6573 30528 33828 36681 24593 18809 13473 38563 39181 21084 15326 37794 19270 16250 15914 23240 21237 12884 25513 27454 29272 21613
1083 66
7713 32472 12547 37830 13150 10448 2205 10329 29502 43401 21632 39171 27419 17118 21215 27556 24612 37357 28461 6810 29332 36138 39058 13395 28917 37647 6571 23756 3215 14512 44445 15146 9191 26348 42047 35004 32934 33890 19633 16571 32103 29990 19664 30344 20343 30976 9061 7835 44832 25753 14647 30102 27530 38594 16756 19510 26911 15609 31208 10991 37257 1950 38327 32742 36336 3805
7123 66
35273 20793 27090 24071 30047 38398 14819 36791 17309 44734 6850 2919 23902 6956 44012 36952 11807 4625 28359 21163 44471 43209 12703 7989 17987 40177 36083 25987 29021 5930 37202 37119 30514 11608 792 18763 14405 13186 21550 13390 10197 15707 3002 7689 3093 42249 18027 42275 44562 3955 11439 39769 44784 39847 22995 11497 9006 10343 26234 14471 21401 6212 28285 41303 30541 9414
84 55
20352 41659 23669 22841 40724 22831 15658 19096 43435 32086 28887 27896 22218 18414 13937 20405 31512 30877 22931 18350 3790 30956 10880 37741 43182 31685 42217 27533 417 23702 901 42651 22371 31292 36918 8301 24840 42041 29590 37240 30205 1301 758 735 29638 23188 21579 5667 34925 33113 42403 5654 4682 34541 41779
770 62
37550 13007 15460 42732 39559 30092 1790 19337 35321 17832 21826 26493 22846 9860 38419 9097 3099 42381 44747 5767 26525 42818 26174 17620 15730 23040 27375 14787 11347 8760 20230 11770 43487 15827 34016 3223 29745 31954 34589 44251 33603 5385 37653 13565 17456 20413 3718 41116 26476 32639 7444 5065 26931 9257 29962 44388 12541 41608 14577 20318 33349 31070
462 57
15356 44798 29949 25715 33855 22969 16714 27444 41028 31069 5460 34974 7786 25948 19410 27934 39197 42321 8588 29354 44470 10641 11323 11657 8765 3634 21350 13652 21937 39121 20880 31467 9554 27532 31112 31897 23305 103 43998 34932 23588 16822 1636 17054 23927 36196 28333 41952 7180 41574 3931 5400 20378 29769 38906 16374 27164
4798 61
31474 11876 28196 3129 36843 19750 29257 24801 37337 8188 38852 32629 12240 32366 18661 21532 33429 3012 38006 35937 28198 716 25207 7708 29892 40152 5367 19281 19559 1629 2408 5997 7384 2199 21969 42302 23829 23521 6517 9602 1578 33562 2435 14833 8079 4235 10718 9621 22142 42713 44773 1977 20270 17992 28571 42393 34922 27997 42560 43103 14508
572 57
44552 24753 28287 31657 8343 2728 30198 7902 12831 16949 29160 37760 13288 14199 39339 16642 13221 19809 23832 40704 19755 14862 25479 29319 35101 7121 24817 22746 17516 20496 18116 33965 499 32699 43783 7527 31699 21996 9032 2121 2932 38590 11233 38354 15403 28562 40670 31967 41433 41973 35245 43576 8798 42287 40584 35293 20992
989 60
2825 28216 21815 2411 26359 16396 22977 30139 9792 9421 26451 9559 3570 25861 20689 2089 37927 30658 3173 23649 20963 28031 43510 19017 29271 11626 34434 38511 2484 32961 22012 34774 39672 19630 11550 10655 42956 10361 340 16700 34451 6466 14645 7951 33652 24353 38768 44242 39368 44236 1976 10739 39030 20815 19223 21914 8440 38653 24001 24086
2055 53
18345 38412 35256 20659 9879 41459 24616 40654 35391 35341 5333 39710 16231 27723 38787 5373 12195 3045 38220 2159 8046 4954 14263 26690 639 11505 44104 114 35986 20308 32166 43611 3363 10976 24099 40313 25009 30981 38789 16504 42803 37935 44741 8812 2412 3894 31283 26689 22175 25267 15185 14457 39200
4027 60
19824 10767 43160 39056 8086 38068 11977 30168 16278 24202 29689 32616 20457 28170 23855 18283 17903 9404 23640 24698 2718 21656 34847 25257 5368 43531 7420 18275 44804 34161 40925 15845 21184 17212 41134 1082 1242 40253 23165 40950 37488 9583 10830 39031 42178 488 5109 43595 27583 28760 24189 29193 13513 24920 37987 36054 31262 22669 39491 36908
3152 61
14442 7576 6758 33307 31376 35826 15678 15847 3115 3985 33961 13488 30215 11772 28840 10925 20891 15630 1068 34483 3545 16272 43239 2812 27986 26803 34459 42953 26918 22224 4836 7895 7373 38176 31522 1016 24409 40744 14272 13328 13239 40500 29528 10837 21338 34219 20342 6801 43397 19723 43491 33368 36762 27237 25864 23337 43430 19810 2413 23259 34310
1442 54
23204 12168 21728 27871 22272 32930 32923 29886 23197 26942 41569 39681 36262 22034 17117 21334 34711 35307 34976 21219 18406 10198 18462 3517 40370 8096 25991 44564 797 15800 401 42274 20952 35544 3193 19919 23932 38105 32239 904 40974 20232 19611 7958 25847 25615 27473 35575 23077 5127 20986 43163 39189 39964
2078 49
8877 30772 24172 6496 44646 9665 1837 27080 40657 2091 18429 10504 943 32709 2811 30914 11201 42436 27318 25681 16073 42473 35385 551 27619 39472 29289 22702 35949 44105 27276 35059 17698 17666 25392 42311 42406 1762 29514 13267 36715 14699 35221 28667 18305 2941 9582 15472 40674
2905 56
30851 14522 11185 32259 10531 19357 21850 27345 34684 5941 26865 26618 11874 35858 1880 18308 12909 5177 17883 153 43659 43451 25153 32407 13388 7538 36729 42927 40534 9660 3618 1680 18749 37808 27909 2002 23508 44684 19404 41949 43489 27284 31933 32769 7093 29904 23203 35147 14755 135 34157 28127 18039 10978 7159 8530
704 55
9348 37479 20202 14866 4063 38679 33954 43066 1097 9821 11471 33416 26952 28113 37585 4375 30805 34841 4289 32557 11681 12473 277 37676 11214 39644 12139 39128 39444 19869 5587 26024 7934 6864 42170 28639 17497 40683 16310 18200 1709 16048 5238 6760 21039 22503 6566 20298 13461 30711 23931 15374 33008 28337 19122
792 58
44498 37680 31094 36337 32506 7545 27666 3909 43985 17935 26307 10282 37714 10680 29717 281 42132 11229 37934 8106 9546 28464 25532 27566 21849 33450 26107 32594 7854 27327 6396 57 17252 11065 39973 3050 35764 5254 24719 34080 525 27221 11329 44372 39397 28182 34574 38297 44464 24872 17860 31478 28696 29024 20384 7954 27843 24776
1140 59
19313 5088 10450 44320 7866 42383 26352 2390 17710 10730 7158 13518 41809 15561 154 20627 32340 33252 29187 29635 19326 22799 23356 25697 28472 40984 12048 29327 40853 38348 29140 848 29773 16545 36249 35969 40588 32908 38296 17339 17466 18410 6331 18149 20611 32357 12977 41735 25435 3371 15833 39130 25832 26578 37753 7961 1552 15913 37631
2922 57
1544 41871 1611 27249 15675 3154 19794 29237 24186 18895 14367 24361 23664 19185 21124 19108 15456 23930 33390 26863 22473 9252 23551 17817 1652 35929 40795 24075 35686 2364 11340 5581 40095 31210 5807 34809 43593 4812 39067 7537 26979 7480 20644 38547 7175 31679 22140 34505 35236 20112 26333 13012 22887 34387 37622 22348 36463
1088 66
43085 35464 30176 35677 15108 13054 17606 9318 25326 13545 9294 23686 24313 4862 34187 31448 4813 28795 23700 1314 29540 25853 44268 27863 36878 32687 34315 41646 11311 7474 38987 30197 39394 30355 36523 36174 22357 8776 24381 10271 1949 1817 20059 15818 35443 34136 5798 35850 34402 20257 33338 1399 11333 36828 8258 32752 31723 41724 18220 22164 29052 28845 11316 11079 18793 36499
2509 61
29572 28004 33142 40614 4584 31024 19936 29482 28543 44844 8280 2045 17909 17829 15287 14949 9375 11053 9467 44570 26087 21667 16309 27252 36736 41079 34928 10613 23828 12658 31748 37722 20359 294 27081 39256 32419 1112 34369 17978 25021 1609 1303 21129 20163 393 17619 43384 12366 13722 41203 19967 22784 5266 2641 3990 34409 13507 8486 38064 21079
4856 55
28555 27995 26315 11320 35343 43615 19985 38502 20176 38795 32929 38000 25489 30829 20937 14845 23633 10583 3554 25200 17122 8818 13357 2355 26070 36716 38386 28259 15976 16129 40146 24866 43226 40971 22423 27735 30033 34367 30473 31687 38642 35609 5948 22781 43926 33625 39659 40958 22132 25183 7129 12706 30630 12022 17528
5782 65
21483 6344 28982 2617 34270 21723 35474 3312 33220 33891 5693 16356 22716 21232 13308 43306 37002 35918 9623 28901 27356 30687 32476 19192 28427 23721 16766 28224 38452 39937 13218 3271 9159 31147 28534 39381 21673 40161 9550 17679 42174 4074 40766 3595 36259 24144 17881 18411 14955 17573 751 9563 313 42248 8788 9968 40067 6754 32498 18110 3899 15960 8718 12046 5090
1221 60
5087 34742 14114 16639 31099 40941 44198 4508 18494 29233 13841 26287 27204 12735 21113 40765 11724 26030 5327 15181 17204 13728 10620 20624 134 16402 28971 3422 27383 39386 13091 14014 8185 4210 43996 21165 5372 44772 20322 42145 13115 33308 20215 19216 9687 1511 35288 39825 4008 4082 23401 40897 23258 16 16581 44396 22839 39104 6881 18998
72 62
30280 41861 41437 18939 12584 14429 26173 8971 2085 41351 1502 36389 29356 12664 30138 21112 33310 4871 8227 26937 39477 29168 43909 32416 15385 44426 15241 5684 18172 22235 23370 23399 40806 40792 11567 33520 40714 5893 2536 38576 27067 32218 36020 42203 6757 25358 16693 32525 19959 28853 2445 2978 2150 23914 36051 43782 16336 29071 42484 35111 29107 25579
3112 55
33422 13259 26432 38639 4943 43640 19503 3609 7599 36739 39844 44106 3697 23177 19317 13345 12254 6780 25114 27981 32919 37593 20800 8241 28061 15736 42087 10372 37942 16645 6805 19948 35507 4324 44135 12851 2964 8437 33082 27178 36532 9942 4669 20204 5402 35667 13176 38930 16061 38731 2844 38668 40622 40868 40325
3089 58
21973 15220 12734 4193 38387 37250 30465 31186 9905 15101 11030 39805 24614 5993 29320 1110 5908 28420 12428 26246 38603 37029 28893 14843 10582 27576 20454 7092 33366 39199 30404 37974 33136 16523 23057 9462 29583 38752 9442 9993 27573 6170 18222 22378 21311 30643 2523 13647 32330 19793 6392 19426 8346 6731 37845 10427 20785 30049
7713 60
43139 24818 22278 26374 41478 5937 23098 40743 25840 13335 9422 35698 23937 37460 17739 9109 1237 25085 41918 42240 23910 26545 28517 20200 27184 17568 41628 7413 42417 23512 23587 31803 21795 18371 32107 25517 5969 40641 2830 14610 36398 41945 38995 28298 35931 42138 36811 12289 38694 3977 21932 5550 25702 35927 23501 22130 11166 9885 42016 1449
5647 53
11611 36396 14341 43547 33951 20653 20647 8573 10039 40151 25768 40835 351 10002 5277 27841 32718 24722 20889 10949 25007 467 14347 11332 9854 12960 21167 40638 20351 17512 26749 30464 28564 29226 26606 14554 25556 5888 22965 40212 5845 2511 7872 18949 5358 25792 18452 44707 33737 13062 7486 1536 33623
1653 63
36032 32332 36203 35519 21662 34938 2490 13337 12020 23596 8520 44134 12808 7205 22640 37218 36596 31782 34206 41876 8967 23897 33950 37197 2806 8635 36958 15506 41886 41123 38579 8831 42405 11196 35367 17018 32056 8353 35250 29245 2588 16938 7948 7341 38964 18098 31530 27662 41583 40607 22941 24275 4746 34474 39835 430 12560 16106 18654 23360 40830 23434 36860
3185 54
28009 42025 35899 15690 19403 43400 22764 25674 16299 32276 7822 8968 1169 5128 21293 1345 25081 5003 34429 13245 30166 23539 31603 427 42892 4632 14500 14360 29277 4314 33848 43967 16256 5770 10703 23886 7450 26628 3598 41204 4398 37234 14766 44612 34930 8497 28930 30140 8507 12922 10038 26794 27073 15255
600 57
9600 33980 15562 12991 12424 35996 38879 18765 11599 32666 11228 26269 582 43571 20022 37515 18577 30148 20162 5660 4420 38481 6474 19339 23312 7240 6218 17368 7484 39991 40222 37619 31446 31441 42639 21549 26065 32890 27288 17331 16160 29957 5292 10752 30130 28837 12824 12024 16698 22956 29573 11115 16836 6717 17713 16508 44032
776 54
24629 42759 39521 42188 35045 1316 14893 10987 12460 26337 9514 44579 44082 12069 42552 31955 436 18156 27996 1980 33297 28552 147 5878 40345 43387 32252 32822 3910 565 41188 22942 25012 33298 24238 19242 39448 36019 38199 33431 20973 18660 21842 38514 13361 22688 19688 17705 35655 12619 9185 16574 3293 6610
868 57
41393 6794 21316 13161 24685 37727 28892 21005 30955 20804 25810 29743 5215 42258 22199 30076 19614 6813 15371 37398 1424 38059 9234 34061 29877 23289 415 38851 34346 40027 30915 44333 4013 14914 41292 6626 3438 3274 5138 14746 38796 36072 37021 37542 33837 7682 30725 42127 37902 22065 20604 15877 19683 9964 27219 2517 43344
4366 51
42654 32696 18018 29548 20441 37143 21321 31027 29795 29368 7172 37552 18527 34997 3814 19465 8784 8099 39355 1348 7850 11950 33786 22415 31316 3361 27083 17654 36702 30449 31672 37015 8362 13459 35982 4004 10985 1080 31384 41577 8070 41909 25498 11271 26985 21062 15837 33743 36329 7177 30683
1933 61
14206 35182 9181 41950 13758 37484 6216 17868 41516 16532 5337 17273 24148 30218 34685 9111 18359 11960 34955 41405 41059 22750 42935 6681 25455 28962 38102 8651 29158 345 13126 7973 6279 23780 18056 37795 24060 44143 19871 44727 24909 39322 8125 2832 26555 40659 42359 12133 2930 7626 27310 7266 17286 18922 7706 26871 24726 8823 1042 43358 41830
874 63
5650 25499 8854 24626 8614 8721 976 9265 20821 6136 32161 5056 41113 19550 201 71 6977 20051 36781 9680 4096 39295 25248 19543 40693 29231 22493 16474 18153 18956 25638 151 7914 6107 33908 20900 14419 28162 28363 20618 23042 14128 14543 10093 26735 27424 42045 9232 34560 9588 13330 15276 21333 11750 24679 40510 36790 41011 16683 37309 36443 21674 12512
6044 52
26884 44485 19248 33929 2112 27777 40720 38378 20607 16018 36873 34702 6557 12645 37595 22791 8536 37411 14973 6960 17320 28246 23754 31619 44015 33363 5253 24711 20234 30489 1149 10678 41670 111 33518 1898 4830 39976 24219 27432 26632 29770 17802 11083 40529 25809 18633 21207 31039 15784 10691 43982
4502 45
1287 13340 34048 38847 33 3161 516 11435 32289 43774 38148 30379 36651 7212 28576 7482 12404 13078 41686 9177 2689 25683 41605 32494 17652 44837 9329 1701 38761 7183 43070 9214 22885 30526 6998 25370 22501 29018 14371 19184 35222 11114 14832 44539 5858
2520 53
4412 39369 35068 38462 44499 21213 12439 42059 26416 18919 10307 10637 38715 42271 22774 15792 34528 42604 14558 33620 33015 34300 16198 30482 2829 6625 29072 13567 15111 23484 22576 12226 27423 5657 21590 41074 27800 30246 34472 1510 15473 25206 25209 31866 27414 28244 29664 37929 34788 11954 4930 15829 33517
832 57
20570 38714 2428 32803 29400 38120 24163 7007 15355 17815 25019 22933 9301 6033 23562 41343 32010 13327 34116 40602 24903 34886 15485 38884 34452 5208 43188 9024 10846 36273 39350 5717 43559 44664 17357 8814 6981 371 37351 36275 4887 7612 41082 21772 22533 22675 22657 29545 23807 14701 36894 23818 11142 24988 7939 20030 6532
1313 48
12451 5364 5257 887 4204 43036 42878 25291 18006 39854 3192 34607 2590 27806 5022 25277 3075 14646 8713 7828 15086 42699 20187 38705 29040 35778 3132 9725 21750 1533 21859 11840 22979 13885 25748 28232 16733 28177 5718 8565 28251 30723 19226 15325 10046 18976 27586 10993
761 48
27869 1620 19180 28334 37520 511 35545 15454 6206 13508 35196 15387 26233 1346 37712 21410 19417 7443 35166 4602 30760 36663 17950 39191 24276 14622 37573 43931 9718 16425 13287 31774 20249 38405 15044 18621 10814 5480 19026 32204 38704 18450 42847 18693 4007 24207 32295 12800
2743 55
8645 26335 18197 4645 6965 44149 12355 24991 17361 21148 16623 19083 22679 143 32625 39621 1288 36212 40029 7330 39422 2001 37091 5086 36972 132 22148 24097 31908 41315 14595 14329 14675 40232 12231 32376 5318 4735 42187 9000 22160 29744 32280 2167 19436 26639 13854 42809 25361 36606 2622 546 32258 29798 26291
6480 49
29692 25203 17308 21947 8051 30985 43329 32377 6680 33583 152 16283 7003 15209 42465 1843 7547 27677 5083 12288 36560 9659 26910 6135 11708 28132 24914 10028 14953 30767 38726 22608 41902 42279 4460 23051 10972 16906 17738 9344 26461 19161 31617 834 12100 33474 20143 37209 43644
253 49
39070 25001 30145 15227 12081 19674 22297 42440 30945 10660 40754 12413 21551 41537 31360 15426 16437 2271 23095 3486 20238 38333 9105 16876 15953 19014 22215 4201 24083 22775 37496 18885 33724 25355 8532 27369 22428 29826 575 7346 43450 29227 32143 44318 5641 44790 19284 31195 3776
1330 55
42219 7855 42006 12262 10358 15851 28973 41029 14918 25776 19343 32461 13355 35042 19706 40807 40265 38201 41874 23321 5391 33405 16271 38676 20816 37503 12470 34615 16410 35913 18840 25724 17421 26129 21732 21793 30101 2453 25744 5044 37518 20404 2330 9980 10240 7812 16110 6621 7067 27776 20419 18617 27540 20035 31134
7040 51
40861 28111 28469 32155 33758 37227 36461 24110 24292 40854 28816 25214 29016 39495 28135 34535 43758 21765 15534 24440 24759 23557 40586 27621 26944 35110 42749 22663 13364 39373 16527 3166 11143 7026 13930 34140 33066 17036 1750 42416 32191 44506 4246 21519 37013 12727 11224 38461 35752 2953 35136
1436 55
24176 9498 35406 39749 22302 32235 18399 13042 16968 20909 35694 36059 14959 21744 22449 6335 16468 33486 41044 27663 3440 27084 522 22691 12677 44622 16587 19405 32662 28042 6616 6859 6313 43046 11398 40221 15952 35503 23452 24693 40609 34900 26254 28423 6239 19472 11496 34119 6142 4002 9972 7567 6785 21265 14661
5674 49
37913 28482 20559 37507 40550 24575 10581 31787 32179 15339 43578 44842 29401 5280 44214 34207 25165 37960 798 41032 12514 37404 15747 11099 17990 35185 7451 28019 16103 3956 17894 43987 16335 12280 11967 18586 12573 1105 40687 14033 10977 2333 32466 3210 19991 21290 4086 2258 8275
333 53
31773 27999 23075 40872 34037 13765 44833 43016 9107 5921 41885 30346 20872 3941 9638 39223 20839 10955 30363 39152 22174 28605 33375 44723 16602 15352 16365 42642 29479 15316 3654 8642 10076 38445 3798 7316 32148 13651 40690 20126 30030 5176 8054 13268 32805 30240 22929 36555 36454 20477 26447 2215 14537
4964 53
2496 880 23816 29642 15376 36384 9274 828 6932 19705 32924 40273 15905 12392 39673 25422 29153 28674 8196 19318 25520 41588 39686 12108 26475 31244 30575 23209 43446 42360 8282 38422 31950 13438 19233 23026 20875 4567 17163 1299 3458 22972 6382 9901 7903 39233 18703 30652 26862 38410 18671 10530 32050
6288 49
28143 29032 41939 20390 39426 33864 39316 40482 9337 28205 26067 30627 6506 30021 12892 3704 21458 15113 7546 32760 9714 3206 21877 8748 37911 29736 24507 33660 36097 44588 44400 32265 1111 6762 26248 26034 8156 18892 36877 43177 2624 31718 40847 44593 32526 6970 30584 33836 13359
2177 57
35060 12017 35966 29111 24509 6355 13643 27231 15629 36346 5050 32744 25996 18335 39047 21916 15388 29618 25670 25347 18293 1905 36484 3457 5721 31019 25952 13646 21252 5836 19325 7695 37271 20476 19522 12602 42317 5668 34289 23496 41467 26795 139 34280 13793 23645 27683 13615 28484 44213 8850 9871 42807 23922 4839 17348 39744
4843 48
32931 44355 4254 25884 40134 1791 13767 19043 13037 10359 15390 11717 8027 2113 25310 1034 26866 33898 31823 41124 20360 8298 43873 13517 22246 35375 32364 34202 27537 11839 12721 34093 16245 15457 38652 25079 35816 43956 10625 26673 28899 39602 27329 26356 4291 5931 12310 42692
786 55
30015 36503 35758 30653 11829 6538 12364 1206 38152 11480 34896 32566 35482 1125 11037 33581 4316 9466 7937 18798 14359 20649 30531 40508 39283 17602 26298 15404 23558 8720 14361 24123 8043 15544 1633 9744 28141 29466 31548 2379 28878 34721 38153 22076 12753 35554 3680 43010 16847 43259 24887 39264 25315 9273 40882
1319 53
28191 9018 9167 11250 15446 4326 8944 19643 40829 9264 29377 43319 43137 38780 23788 33919 7267 42665 38292 19860 20354 39211 41533 4471 21756 13019 41 24118 16825 29390 8726 12647 38484 30774 34220 34984 1121 1280 26574 7406 13210 33409 27977 34839 1506 28308 37406 12054 1841 40026 16858 36587 39298
732 51
4147 29017 28975 16254 8864 6434 43740 19004 12088 31697 2122 32369 32795 11245 2549 18967 38937 41834 10834 19838 6121 22453 6365 39258 9090 28680 17556 5045 14883 37296 25655 15775 24522 33040 28580 16128 36418 26101 17188 38524 35914 12065 38407 31111 28038 6551 161 3546 2068 34874 18843
