7
4328 159
78056 59070 49913 27678 6389 48209 68433 44732 15793 10586 24202 27737 48141 71294 60209 39900 20555 61714 57461 45785 1550 18570 14820 29662 76339 2976 42841 63946 23290 41203 52982 25461 24433 70125 23308 28472 15635 76660 71388 5460 17206 45190 78892 75829 45019 43010 38841 75667 14406 19382 24444 6228 27714 19155 56723 38701 19530 2818 15646 13632 61082 39504 16006 36353 55893 26917 55008 47576 68704 78258 55475 31431 5520 13252 42573 28253 55760 66233 1203 36538 65245 76599 51453 40990 26167 13687 77169 63260 69561 36388 26923 29709 28129 49311 67048 26753 78919 13694 13664 10443 17545 62402 41656 30059 39156 69798 24894 70025 4044 4097 50420 50439 40240 78471 33586 18699 47438 45680 20848 15808 20111 28088 22678 15678 26397 23028 15744 17390 37959 47031 64647 74742 74984 5237 71727 18430 64712 24421 74372 35779 72193 55173 57825 29216 55873 53652 7842 32059 15995 40808 7782 72416 9275 75376 24802 56697 62903 65935 75474
1312 58
1364 13782 5818 77183 35974 65953 71325 50117 43252 32982 74247 5867 33351 2785 68802 61859 41367 33703 38182 13526 48575 53000 33275 13322 35027 27482 68505 58117 63372 53542 21984 60313 70061 54908 9678 40078 34326 61820 16870 36725 3311 21982 9383 71419 25562 41128 54668 46669 20368 62747 27829 71972 75702 48143 68249 30309 42067 55623
3258 25
77298 17616 40087 40933 60352 33054 49704 56114 38105 69013 39106 59109 35344 35819 73709 75767 27436 18429 11373 3128 78292 35402 32462 65551 70820
4342 12
15792 2124 46798 65387 50290 32922 50020 60709 38382 41608 19458 28504
5691 9
69276 76378 949 31029 66683 69816 49945 19359 43049
1468 1
61931
3558 1
68123
