17
213 198
26566 80776 82278 23468 35412 3551 29754 12220 55185 5809 47761 97023 18734 88629 7941 46600 34205 66834 53248 5043 77800 5229 33722 30902 38670 40182 93587 41967 88589 90210 84464 44048 64654 52737 18458 80290 67368 54024 42303 53353 12187 73499 26432 94526 63320 5599 26880 48962 33517 81811 28629 99006 65579 99897 29164 75075 29841 39110 71150 13550 55777 88236 59544 94960 15039 87857 65139 3321 47240 33623 71854 32336 50128 98187 28472 76995 55464 88102 14907 72193 13055 65522 28048 14123 85755 55993 21149 47090 12 56346 43020 20634 13724 18604 57155 4160 60423 33799 76265 90862 88607 14418 32247 20878 87960 1273 84425 23282 14060 47931 60929 86 27540 14775 67637 22535 85703 97248 47574 58869 51791 57576 56284 57039 63110 739 38920 45940 82111 87426 20688 7459 11840 48996 25898 75278 33869 47390 80346 36464 20334 76895 93528 6307 48723 28580 42208 77391 9528 27438 61822 82029 86642 951 22888 88762 98298 91512 36720 74045 4450 81551 61574 66320 63021 12918 19834 68319 38284 79823 22606 38638 37123 8891 39301 81387 75060 61223 59502 81398 4803 48957 80671 46860 84079 1467 32476 28091 87935 23286 91536 14922 65506 98296 74445 30574 95267 62406
1090 144
69010 9869 89301 35841 73526 22466 3163 19332 49808 11510 68404 81302 69096 9615 9451 24258 27871 51039 36810 169 9915 70896 11186 98338 4561 47232 16 87403 75720 8253 63022 12087 9020 93073 98237 32682 98496 494 50278 96251 70183 14386 50995 99892 9745 82858 33442 44498 25634 38118 57149 55783 37400 14746 12659 68828 35264 86450 13609 1886 20312 47115 76543 82770 17506 9306 21290 20760 33423 54263 77992 88671 18839 96886 87207 98516 96709 31691 33917 78972 65984 89247 53061 77966 68942 75280 59437 75597 35749 25101 37430 23494 90280 49636 60003 60424 71462 64701 36153 19227 67285 19248 13697 5309 86662 55300 32074 6640 33717 48501 72932 90242 83355 459 62075 2231 40129 20446 88289 76723 6111 43808 92421 1454 95493 92460 3120 21585 21482 54553 476 39991 11690 74602 30892 49338 22216 42848 21945 78662 4438 19057 80679 77026
1432 76
94558 11974 69956 4568 81620 39209 53552 64055 93995 20690 28090 46132 70081 59999 89580 52652 66012 71233 43499 10819 54088 85731 12023 37527 98785 82098 32774 39129 30992 9607 97826 50704 62106 22341 94297 86103 89626 22233 79592 74606 98930 11866 62297 64984 97951 52971 53054 51765 95037 93867 93525 89409 29929 28133 32638 56582 38967 12713 57479 76340 91937 61182 39887 21384 41145 43217 86743 44364 97618 76748 52402 26501 25902 1340 25107 49048
363 62
54554 24718 36944 87985 41534 78035 79476 2235 6914 96781 75739 24558 74992 53315 90179 52813 81321 85088 68674 13075 50674 94365 88841 33466 40999 67909 30204 75429 51938 30976 82446 85971 4394 7532 70000 24823 803 83677 34753 25895 72136 89464 31261 7124 25756 72124 92005 45999 90461 35286 72209 23944 50354 11152 69307 65426 76096 46916 94647 65167 72476 5384
1782 38
29877 16799 92403 4615 35108 88503 95004 27617 45279 49446 85003 21170 21244 76971 50624 48987 45951 44070 86307 39417 30185 88062 33728 70481 46776 92319 94397 36788 71466 71507 41453 61308 50471 41046 51122 10159 44320 75861
101 22
82543 43219 3457 95446 86601 72769 68512 82302 76926 57343 35148 22019 43193 73852 92268 20502 74931 40521 5967 2311 99915 31876
936 12
68870 80285 4231 47662 23169 86333 22841 27321 54650 15302 90733 287
1981 14
90002 64833 7860 26633 18282 57556 34108 48639 69550 35926 17413 30798 51883 95095
404 12
61516 96495 46314 95818 89497 20085 84048 72601 18394 38074 15203 41487
1961 7
24775 81381 5064 72668 83321 28381 13336
3322 5
85026 34677 42326 10532 9739
2414 3
79112 99506 88638
658 3
91559 41239 60097
1038 1
43229
3468 3
8980 79493 89161
654 3
41012 39853 63594
3674 1
89806
