375
0 9
1203 56904 76473 49943 17527 6298 48922 24678 5026
1 9
76886 64774 20003 7251 57200 16479 64043 72568 45699
2 9
4993 64115 21680 16334 22070 27052 47272 54584 1225
3 9
57615 39379 31214 45055 34671 23981 57281 44344 35527
4 9
77544 58157 36648 50474 33481 43595 51824 3483 31780
5 9
40316 69418 31565 57443 66659 51964 75021 71325 10453
6 8
33699 16986 19531 76269 10439 64909 22436 17211
7 9
50885 22554 41338 7743 72741 73933 56025 36468 57419
8 7
41429 68101 19708 42157 23952 8983 54233
9 9
56477 72134 28820 42890 59837 36472 48865 46356 78408
10 9
32319 19343 359 25642 24402 47770 48567 16455 20842
11 8
18453 64174 67476 32063 46717 30772 37260 33572
12 9
52992 48520 32057 8340 26766 2327 68853 48404 13278
13 9
43425 1036 19197 79642 11723 6773 64244 26724 23391
14 8
55122 48015 72039 10525 47907 68457 60285 53638
15 9
41660 8341 10426 52503 11607 35781 50323 70312 60810
16 8
67492 12361 28883 55258 60201 70784 71746 9210
17 6
35277 4051 61563 20301 35409 41102
18 7
51022 79398 7580 23195 8886 37597 43703
19 8
43087 51420 49764 42081 72448 44551 4345 70938
20 8
74910 13320 25341 70756 17469 67385 27333 74442
21 6
56945 16492 6150 32172 17830 13894
22 9
12240 62551 74 48278 63861 23882 48736 26018 40397
23 7
67084 4474 18188 10250 63882 46846 25951
24 7
69396 18886 66011 74021 43235 47053 51968
25 8
44914 15714 32287 30234 74943 27840 55411 3124
26 9
40218 45886 38795 23375 45605 51697 28232 30621 26778
27 9
75589 73532 16090 56848 13509 30107 65038 31488 55621
28 6
75444 42601 9497 14009 76194 65490
29 8
32965 32299 33109 10772 74347 7069 77877 34568
30 8
52885 1284 21566 30754 3568 67196 22065 28610
31 3
34128 61493 11770
32 5
54326 3807 15951 4699 20272
33 8
64916 65766 31715 7561 65193 71608 16911 3309
34 5
45975 38992 14270 79362 15090
35 7
43528 51375 18264 34343 29508 67578 17782
36 7
58456 44995 9508 9892 43783 65485 34006
37 6
77443 48863 36135 47076 25745 3219
38 6
47958 69994 4793 7294 54770 17712
39 5
7614 27421 46750 26929 42100
40 8
29844 71273 41006 74626 64955 69595 67585 78532
41 6
54054 16581 35176 22985 2127 39085
42 5
48259 37589 70528 65556 64343
43 6
45197 44730 30389 63942 50182 79388
44 8
12073 7521 79313 40906 71177 227 62627 2586
45 7
56735 42330 51345 78863 18150 52425 43531
46 8
79377 35178 49316 42423 23496 60609 25514 74743
47 7
38388 36895 61352 53853 31034 8434 37014
48 8
4821 12689 9944 30155 15715 79508 19659 4304
49 6
27062 51012 30743 19887 25861 44448
50 4
24475 30525 31685 57832
51 7
32718 76535 15141 17686 19770 32976 43757
52 5
23508 13224 23788 36675 38399
53 6
12586 37041 62901 45096 44792 73962
54 6
51857 45244 24459 66240 2318 19851
55 5
73983 13533 2540 67529 58088
56 7
33127 59266 58810 32134 27233 50051 70638
57 5
12012 57331 76790 37409 63705
58 8
15280 4392 32432 73221 18000 13661 5505 5579
59 7
1026 18375 46664 25370 65926 21619 5891
60 8
24209 35141 7956 3820 24636 9960 34091 51546
61 2
5340 10296
62 6
40864 12353 64703 69420 57877 53317
63 5
55850 78680 75710 42286 7529
64 4
27570 59924 23822 45626
65 8
2962 40471 7115 28672 12252 70982 2670 59394
66 5
12639 65999 59223 27726 52326
67 7
63365 70576 22298 24408 57442 25331 9990
68 4
31999 15475 6090 5650
69 7
41204 45785 55321 5208 1907 75294 56589
70 4
4361 13211 60620 32316
71 8
35502 33808 58390 8377 25486 57895 34691 58885
72 5
55061 29737 16242 13094 27573
73 5
26288 30005 37834 17936 44824
74 6
36497 40329 32303 62559 37840 27516
75 6
19710 46570 41327 70360 55037 38396
76 6
49431 74804 36834 29413 73158 6739
77 6
43337 72537 49691 54572 57008 9663
78 3
37905 59622 2580
79 5
8748 50487 42622 56256 54355
80 7
8137 48107 16729 34597 46028 69611 74205
81 5
5963 36780 50130 51611 68703
82 2
18079 8401
83 3
12312 56942 100
84 4
45999 46589 853 4680
85 2
62916 39579
86 7
43296 8441 7662 40934 41912 63537 56209
87 6
71306 42261 37782 47567 4665 68331
88 4
72005 78019 17323 53888
89 4
74145 48109 4974 78316
90 6
69134 37798 14670 16373 47599 992
91 5
32662 7302 6149 44565 7332
92 2
75085 19000
93 6
66879 6243 36920 53471 31058 47807
94 6
70145 3304 65849 44648 51276 38268
95 3
27952 29148 63803
96 4
21965 48883 45319 45813
97 2
11684 15713
98 4
40294 32828 12426 58143
99 5
42894 18960 26949 5928 57461
100 3
5429 78684 66933
101 3
41872 71129 58754
102 3
40232 53733 17714
103 2
66968 2867
104 5
74019 48825 54533 49625 32548
105 3
55821 65914 7966
106 5
74077 13240 47746 18451 57248
107 3
55110 62008 33243
108 4
55959 58311 40799 22308
109 4
74668 61126 7458 53651
110 5
56852 8005 71050 50111 61608
111 7
7914 51462 55018 51797 21083 56192 74227
112 3
37433 17212 31578
113 3
31199 17490 21399
114 4
35974 45371 71173 72118
115 4
24471 23983 18371 43319
116 2
61457 4865
117 5
6302 68176 23849 6678 43441
118 3
69903 36000 51343
119 4
42405 648 63048 8459
120 3
19440 33701 36011
121 5
29012 24640 71919 1766 22054
122 4
52350 15095 6042 6031
123 2
48100 4289
124 3
12242 16771 67881
125 3
74958 67898 65437
126 5
22456 11344 26781 44771 44047
127 1
24666
128 6
76585 13620 5671 65602 60548 51608
129 5
34836 17173 6312 47774 31374
130 3
24216 10729 74491
131 4
55144 259 16115 43678
132 3
33102 30914 44923
133 2
58726 38314
134 3
28260 22417 57228
135 1
40129
136 4
22160 25282 7286 46914
137 3
17814 22185 18004
138 5
49 18094 58571 76028 20025
139 3
58192 38794 58537
140 4
35326 42133 39738 20554
141 3
39707 32214 17832
142 1
29549
143 3
43379 46853 71950
144 3
31150 48451 75772
145 1
26360
146 2
37923 66637
147 3
67904 38742 15949
148 1
35398
149 1
19969
151 3
58486 1801 62744
153 2
42123 52045
154 3
13815 26027 77011
155 3
58895 14808 31296
156 2
10061 46026
157 1
11310
158 6
6292 56615 30000 39748 76951 19566
159 1
53429
160 2
51062 76677
161 3
59921 41726 5598
162 1
9642
163 3
61959 31835 45972
164 3
6899 12681 51335
165 2
19667 59468
166 2
25402 376
167 3
60523 37687 39517
168 3
43828 59201 34866
169 2
48500 68017
170 5
16011 57646 78672 3396 74888
171 4
4317 18313 2422 10559
172 4
6504 34738 32449 70741
173 5
8628 44521 51767 46114 2972
174 3
47425 48463 1625
175 1
21567
176 3
60045 69591 49594
177 2
976 5507
178 3
51096 76888 40113
179 3
72414 74811 11838
180 2
8114 19815
181 2
12713 17494
182 1
1506
183 3
66041 48809 57243
184 1
44453
185 3
36724 5317 6477
186 3
70577 45013 39815
187 2
13716 19326
190 4
78843 70962 40942 75100
191 2
35105 59493
192 1
33643
193 1
33583
194 1
54068
195 2
25685 69016
196 2
46838 54488
197 2
48290 54931
198 3
12062 18568 19776
199 1
61692
200 2
42849 58140
201 1
8358
202 2
18830 45471
203 1
45316
204 2
41882 69249
205 1
5810
206 2
51218 19042
207 3
78813 7604 31812
208 1
26728
209 1
11171
210 2
13421 20541
212 2
48423 46300
213 2
7224 36864
214 2
29667 15881
216 1
75356
217 1
65030
218 1
32562
219 4
15488 20730 30071 530
220 2
12798 54487
221 1
32554
222 1
26859
223 2
30720 3693
225 2
20028 69667
226 3
25375 1066 26819
227 1
18969
228 1
59159
230 2
70646 72735
231 2
47032 66076
233 2
78776 17939
234 2
20722 16182
235 1
31888
236 2
18324 27175
237 2
74721 36886
238 1
12931
239 1
79433
240 1
40816
242 1
61936
243 1
44717
244 3
77364 38058 67575
245 2
32661 50649
246 2
67154 65318
247 3
17621 69009 47353
248 2
54535 13991
249 1
56951
250 1
54468
251 1
50707
252 3
47696 25923 61418
253 1
63319
254 1
79073
256 2
28446 31099
257 1
78910
258 2
22415 35900
259 2
63719 3908
260 1
58451
262 2
68240 52273
263 4
35948 26934 66355 39011
264 2
3293 75441
265 2
33829 3715
266 1
50342
269 1
17319
274 2
58389 50756
276 1
79296
277 1
16865
278 1
59536
279 2
9915 19193
280 1
65913
281 1
27977
282 1
70043
285 1
48093
290 1
37216
291 2
61456 14373
292 1
2080
294 1
62213
296 2
61558 65781
297 1
13510
299 1
43053
300 1
61638
301 1
72635
302 1
39624
305 1
44972
307 2
11071 68513
308 1
39319
311 1
1866
312 1
659
314 1
891
315 1
65731
316 4
71731 51555 4561 25057
318 2
36623 459
319 2
63753 57098
321 2
73472 58762
326 1
40805
327 1
78612
331 1
72603
332 1
3307
333 1
60875
334 1
60159
335 1
10407
337 1
68227
342 2
54504 21583
344 1
67876
345 1
77273
346 1
45687
348 1
73752
349 1
6254
350 4
31253 2987 64684 64551
351 1
55264
354 1
26229
356 1
34370
357 1
44116
359 1
79736
362 1
69003
364 1
57029
366 1
39268
367 3
14831 6126 46200
369 1
32065
370 1
20135
371 1
40595
372 2
6146 51469
373 1
11562
374 1
70731
378 1
66656
379 1
28724
381 1
75057
389 1
50336
391 1
27258
392 2
21886 22381
396 2
28101 64330
397 1
13553
400 2
32939 24380
402 1
72637
403 1
26195
406 1
33364
408 1
63877
411 2
58848 2394
416 1
70591
418 1
17512
423 1
7446
424 1
11987
425 1
74232
426 1
23468
431 2
54193 18678
432 1
63169
434 1
43022
440 1
2333
456 3
77700 16638 58089
461 3
78363 44863 53508
463 1
51800
464 1
35299
470 1
948
472 2
21480 66711
475 1
50320
476 1
47777
488 1
74698
490 1
61505
492 1
57796
507 1
74639
510 1
34622
514 1
56384
530 1
7975
548 1
8925
549 1
79039
553 1
37192
556 1
27632
564 1
75751
572 1
23723
574 1
5681
575 1
26588
583 1
27055
589 1
38666
607 2
30151 54921
609 1
30109
646 1
12474
674 1
21518
694 1
12826
712 1
12245
813 1
12741
854 1
38299
927 1
3850
1018 1
77823
