26
2585 132
17009 51873 31837 47076 74450 23141 92969 98878 44557 54646 24823 8963 756 30072 47861 14936 28654 40454 93649 66973 65199 15850 94941 7924 1142 18082 59480 54142 55126 11917 42273 69412 17856 96499 71079 89359 32222 49134 57520 92520 26621 70218 87051 60503 84119 87687 54667 5534 52520 12666 62043 2577 590 70052 6967 28655 59711 97968 62981 56663 83512 80026 65065 41 28845 59494 72290 18163 93724 2669 6946 52465 57245 12457 33826 2581 80462 39670 56699 97327 14362 21916 63696 25981 38919 73813 3543 18293 24799 78259 14506 12891 13844 16768 1779 83092 45364 70249 33818 19868 69679 49662 69910 45909 52534 11480 38945 91220 71024 13465 66498 88003 21396 86540 64848 79589 75674 87185 18517 92774 4633 52191 99257 52081 30901 97831 76711 73236 45764 67995 78642 73132
1431 102
13472 66319 535 90156 33381 62057 74371 92260 13662 16612 72286 54379 21864 69394 46860 70892 44478 27734 33425 32191 66247 77659 51075 95125 49569 93709 709 30838 10026 43330 56404 49666 93776 31486 65920 27764 72120 85227 64599 59526 69058 87907 83945 50411 76745 33605 61913 17811 40743 54932 46988 42497 45064 34894 31875 16535 23340 33277 72443 83239 21067 42352 54458 43866 90526 69986 18900 19670 21798 59661 51240 42721 60821 29948 22944 3844 32304 13291 22365 14663 83387 97358 31908 80765 58370 69088 84868 14422 80249 8436 21789 25715 53604 51392 27230 79793 77515 67045 40796 91934 99628 52756
919 79
21655 60224 81587 1931 26341 8695 58054 97442 6473 54410 75836 25584 3807 49840 91577 85657 87838 16371 2894 99670 22323 32226 75915 22598 33772 49297 11261 70679 5880 15703 85674 71202 46496 73565 60610 61832 74421 45365 1842 22658 30821 34773 57089 66905 2762 97868 24940 88377 8778 43303 13879 5904 98207 11758 40857 85994 6184 49214 28324 57270 26808 83740 21423 7451 8447 52487 85880 16550 65193 81829 4204 64008 83543 30577 56975 32209 13396 74694 4100
816 61
88035 64689 53515 41854 86757 50859 32795 73079 31211 82714 39245 24094 86660 26243 88061 44875 61108 74464 10798 95947 35584 81453 56847 17712 50375 1604 84876 1423 47838 97046 62481 33099 87248 74829 11532 64452 14599 68229 1486 5074 31267 60244 16939 97855 21848 74761 10396 29293 73973 78662 53274 2155 96809 9141 82447 40190 9346 74385 15014 94573 3657
2298 40
48178 74577 40692 88090 29187 15676 68756 40476 54526 9002 39602 68377 51309 39354 32645 37108 92749 92411 72486 70138 4643 10970 52456 75165 42714 29633 83316 54040 78557 88096 24179 12325 50152 91457 63060 47002 71778 23869 58637 16259
3403 46
43559 59800 19185 30947 78244 29275 4838 85520 128 22931 63765 7126 95040 59422 1197 45131 97024 36663 8884 86460 55349 59978 91254 95791 3911 77750 2335 15035 39403 42198 83788 54222 39461 93997 8170 37474 1192 33453 32936 60646 12861 82654 92385 75826 24914 48979
2616 26
3796 56417 85726 94140 10639 76170 1032 27786 66501 54568 11819 49453 12489 42846 21606 87751 92654 48354 36393 31443 47877 69019 6051 63495 86875 3939
1989 24
10329 13473 93008 21377 93983 13202 71725 10743 70252 26680 69330 71535 57530 46550 77940 86324 91395 93694 46407 2970 34152 42109 96633 87113
179 22
97989 8579 43123 40617 44392 38167 16290 24797 31550 59634 51855 72258 58324 51431 52567 75549 61348 24474 23279 40434 59255 87098
3522 16
87781 42327 42586 56517 72457 32880 59539 48296 33114 17986 57862 44132 55239 49815 63787 76386
3452 11
15515 54579 88213 96319 27238 944 39722 46775 98605 62762 11511
504 14
7789 21378 37014 97352 44078 17693 80603 72964 49377 10773 86691 95106 66381 66336
1944 5
2600 36473 37742 28997 93702
1543 4
84480 49780 10427 1130
137 5
3836 37045 25941 28927 26398
3909 7
46467 97959 80430 85519 5647 38323 5657
1720 5
650 38727 49265 27066 98927
1727 2
17018 20617
880 1
94727
1602 3
19839 68068 33278
3496 1
90858
629 2
52020 94824
2972 2
810 27046
2215 1
71097
929 1
91923
2264 1
41118
