116
1075 17
21383 86258 87863 23211 34081 25146 99497 9522 38656 55787 61518 66825 97689 51512 76035 43072 3785
305 16
63855 2319 82402 41302 47766 17496 63521 20647 129 96098 23946 77699 87387 65617 92420 50410
5814 13
34626 8523 54793 43835 97004 60386 7909 95051 53862 98465 28026 7854 80701
441 14
5806 40470 56915 3060 44323 98382 20242 66013 11789 36957 45530 71400 11701 87210
5171 11
34762 86636 13303 2568 84697 4834 85683 80577 42093 74761 73292
682 13
19915 40433 3806 14211 24111 42891 88431 37452 49569 6094 19536 43494 67258
5265 13
68775 60750 26637 21199 43520 78870 94595 75025 15836 80781 49214 67696 1250
1971 8
5328 78027 47264 22594 93020 60713 37486 60840
6167 10
95893 79708 29113 7900 50043 80356 20612 46358 7734 62369
22 8
75922 71648 56110 55354 988 55474 22871 83709
5971 7
96744 40364 42800 72481 17516 80605 69270
716 11
24208 56975 45709 77052 63113 84356 19126 49044 1227 67190 17357
3036 11
91237 82365 63374 2731 26043 32491 38637 4018 36958 84828 9389
2062 9
78784 17634 41529 22443 72226 39747 94861 45378 44060
1805 5
69950 8083 6428 92802 87902
1227 11
24481 18409 24420 71625 4455 73643 63622 15327 66820 71123 18306
848 7
71611 19040 23032 50886 4812 3741 51273
492 9
60904 32379 36676 51775 54979 84063 67249 16980 30982
904 8
28594 20671 27694 90848 71594 86833 47485 69968
4985 6
95361 35905 3837 63694 12128 49646
518 9
47287 70046 63005 74097 19238 29318 82213 59630 71888
6355 9
57430 32272 16532 22889 11505 13811 88717 72621 93510
2482 6
43042 31738 97974 45501 3512 81974
2850 6
9562 79191 67551 31029 21151 52467
832 6
82200 59372 55218 60735 6032 28116
4135 7
77141 2763 3451 4825 47886 34855 57943
782 6
85656 7827 62039 15978 90345 79604
5639 6
29277 63616 36520 95900 5869 88070
202 2
80273 53463
4238 6
4593 28361 99997 97397 83172 3312
2618 4
27884 29614 21154 86438
1608 5
34341 65705 83536 69160 84308
3278 3
75241 60598 53244
701 4
80462 56332 65929 29150
817 3
78780 66634 18551
6298 4
79813 231 58271 59834
2668 2
16409 49329
5593 2
45572 22294
6324 2
51175 68543
1159 4
26564 98095 50821 96498
2211 3
61634 32933 60759
923 4
50056 72872 5544 15972
6807 5
39935 77537 41597 54357 65652
2881 3
22464 71169 68443
5985 3
59241 29367 16636
8 5
74937 64356 37095 22170 53407
5031 1
82156
375 3
68155 78839 75279
4217 1
81016
1656 1
75651
3661 3
61044 81944 50836
242 2
82130 83495
4309 1
9552
2820 2
60849 46432
1512 5
71827 32414 15319 25109 34252
4665 2
52965 30279
407 3
82419 79041 37336
5890 3
75444 16931 92718
3715 2
45433 31423
5257 4
18009 74505 22508 58317
1146 3
28461 13305 62125
3246 2
58347 14676
281 3
92337 35743 20702
1937 3
3221 32001 27003
5794 3
34427 69724 73338
258 3
72684 45048 87582
3132 1
81731
1788 1
21989
6705 3
30039 52623 3280
4802 1
34166
2824 1
86323
505 1
59313
1340 2
62783 32320
269 1
92540
2318 2
54854 60981
353 1
6176
5205 1
34755
147 1
71230
418 1
87486
6044 1
598
5899 1
13775
532 3
48039 96552 61536
2392 1
59852
3143 2
79965 83832
3348 1
71587
624 2
16667 94605
805 1
71651
4082 1
6812
2370 1
68302
973 2
50602 75649
6529 2
8911 59252
3283 1
37605
4923 1
5138
1367 2
22437 15413
816 1
54734
1770 1
72483
4925 1
39776
4098 1
9769
6213 1
43653
1022 1
62063
5516 1
79320
39 1
27359
4456 1
487
428 1
85322
484 1
60406
1012 1
9283
1730 2
75912 58456
1925 1
42569
887 1
7670
6021 1
48992
1599 1
72587
2787 1
78364
810 1
39855
6728 1
14124
690 1
87834
6346 1
74674
