98
1066 9
12954 66109 34349 91657 11657 92526 92029 15056 85335
4542 9
58322 92842 69352 7641 20986 79049 78936 77391 45530
3187 9
23031 78990 26107 68908 34370 76764 45660 85047 13579
4595 7
21511 82387 49909 50810 75327 12955 86434
1099 7
73101 96030 32141 5283 5349 2500 45367
762 7
19218 65708 66770 53354 71272 31595 13836
1539 9
16064 41030 30050 70187 28710 81597 68063 69357 87444
2034 7
45723 58077 66131 79545 69342 8241 96040
6655 5
49787 94998 62801 92117 33277
3757 9
76352 80289 60964 22200 11407 23483 12728 31716 47127
4358 6
37634 15382 13334 73191 57031 73847
3976 4
73557 25947 80256 22245
8347 6
78205 47088 6935 33616 49261 33133
76 9
37955 19703 19597 35250 90614 23193 345 45414 89309
6580 6
4827 69621 48797 69808 66276 23637
10152 3
72894 95182 84019
2693 5
67477 26587 69450 78199 59312
13845 5
65540 44744 5222 80285 95669
4993 6
70640 36797 74625 41795 6817 73452
178 6
17788 93222 76169 25466 69444 59188
2189 6
89528 14536 6366 17905 23145 54497
4312 6
84974 87189 76839 29666 47169 60323
9915 5
69786 73813 6130 66744 46038
10587 3
21283 59591 6267
2478 5
58115 6904 15746 53235 8526
1074 4
29031 86667 79691 19269
2528 2
8022 11122
13006 2
19986 86357
1701 5
81913 16741 10287 32882 63377
2962 5
7282 48553 19993 56232 7683
660 8
76555 5091 5297 78601 24381 57234 33842 77246
3683 4
5251 66557 91697 36900
6541 3
84665 24633 94013
14742 3
18344 90421 43547
1894 3
4047 16776 64188
3362 5
46451 2666 87018 4906 74530
1484 5
52040 46260 59317 54956 54542
4604 6
19816 10981 84909 46137 71236 42146
456 3
74875 40483 3349
1777 6
39853 32903 7851 73342 16053 33018
644 7
67050 25649 8825 16743 79816 55138 27402
1970 4
86642 35471 39593 68011
11981 1
2781
4249 4
57085 6512 43294 89670
80 4
14981 31330 40780 73018
540 5
8059 89417 13290 41250 47640
1000 4
11826 92761 59721 58621
8728 3
42327 20886 5502
4916 5
7172 44652 48964 27139 5545
315 6
672 20833 42092 38104 23108 30983
3080 4
18632 51577 77879 96094
3114 2
28057 6667
15198 2
24403 6548
5425 3
5362 5858 10817
2295 4
9339 76102 44561 83471
1937 5
8085 57165 65811 51932 34240
2303 3
89816 47971 87395
775 5
59485 32139 69495 74115 90098
947 1
8482
2691 4
38282 27348 46136 5387
2681 2
64567 66004
3521 4
64049 12323 29383 63551
4428 3
73946 50238 52851
23 3
40089 76487 26485
4435 4
39966 50356 61773 37693
3613 2
16011 31510
2 3
50321 40519 69487
6144 2
71758 13595
1273 5
75035 84385 60095 21921 61958
1406 1
1359
4817 3
59423 29568 31835
4492 1
92335
2604 2
85662 8404
720 3
36512 24987 27420
1562 3
32583 16391 29485
3958 2
65093 55003
4703 2
30026 63658
14246 2
22281 63458
2157 2
76940 11004
4077 4
71386 16802 16431 87726
1930 3
14507 36244 72103
22 4
36440 75430 16608 81651
3358 3
60234 53211 1561
1448 4
72143 3760 93460 82124
2120 2
35585 5564
3341 5
88063 12386 19921 42532 27004
1675 4
60018 28342 14122 82255
1815 3
711 76353 28707
2198 3
17247 55528 91547
1591 3
90026 47639 86430
3239 2
53418 4614
8612 2
51155 770
927 4
22180 81067 17313 86171
1658 1
73628
1609 2
10434 39710
4445 3
25852 60690 33536
3153 2
27597 30030
4876 1
32737
