17
599 216
70024 13583 35643 37126 54408 1686 64515 1892 69530 51826 11799 5137 47080 87162 23152 27906 22906 42010 20901 47922 82513 82799 51027 46183 73701 8197 75916 57355 7607 98727 51379 14818 86316 66515 53314 49892 58263 66037 34034 47525 14354 52393 90389 6326 95330 86008 409 86796 44879 965 69981 56923 84977 60183 12701 55918 5913 61486 93226 3021 7140 37028 92401 79599 52143 36040 27072 11332 1174 76235 36112 66068 97785 69547 46969 13289 58617 84771 1102 78956 33564 2063 60756 92479 56562 51645 77987 96420 40150 61933 23849 19425 8959 33019 80077 23969 14569 71221 43680 29546 69138 80549 72048 53067 11060 91202 42151 27920 41771 58392 66273 55962 22142 96828 32245 54195 91803 18029 81378 53967 69742 24339 92953 47509 3483 55279 45377 2746 44630 15379 10347 74574 80484 19545 97602 86543 4638 18825 34353 13530 6027 64180 51908 65096 41555 88351 46568 50618 6268 25905 33508 13856 70925 12038 83292 34500 41137 88648 21444 12948 75988 20128 11097 1236 12482 49507 15764 41838 17221 86213 71733 20186 42649 20869 92797 1955 99434 6864 4826 71066 90870 29401 97781 67616 13209 46769 93724 26395 23395 45229 87611 79268 78293 99891 26262 83101 8934 66100 81616 74396 88441 10941 53636 41592 43934 88461 82263 49903 12939 60650 40209 50310 7350 88352 12531 26684
617 146
72656 32377 20094 42080 68597 89317 47586 83042 3062 2221 50688 21927 30698 30432 5403 22019 77643 74239 58221 89224 80401 80863 38420 79986 40218 97820 54444 80895 41231 44997 59146 74099 38133 9265 70466 22176 11350 41123 26431 46662 67084 41212 1282 98036 55851 2125 9227 31038 96272 64383 48852 5478 62661 62632 40160 51554 17042 98560 95467 47723 50925 58213 84913 56317 99380 44221 44111 61344 42121 89892 77426 2403 49382 79378 82833 36646 73043 78117 43615 85002 47194 99752 97682 77211 6535 56639 73304 8562 7566 62533 1264 44068 10846 33312 47730 43826 97488 21732 99809 52902 28555 37495 91113 94871 32216 46512 42306 64644 23414 89722 23266 41296 96230 31074 80925 99508 5569 4163 28089 10882 77478 13411 23258 52688 59462 55331 14315 14123 71015 29469 67712 63420 1667 98684 13474 52589 30545 94285 85982 77947 92352 11303 37721 54646 78138 47009
34 86
82272 54554 77831 12250 30819 34761 93486 92310 99322 63501 12578 28104 55340 79497 35638 78069 45149 7439 67718 34683 13182 35503 97116 91772 42829 16194 20903 38003 24324 70210 66750 41674 34814 18380 87903 30806 72041 90036 34029 22880 90519 74366 35565 14245 4837 40773 4431 59700 19813 44336 37110 10984 24138 49300 82084 66658 60696 28057 22124 53892 87320 90009 43463 56694 74365 37980 47330 46816 44825 95548 85377 40646 81702 96346 25428 27664 84099 38525 37913 71452 43983 51620 17743 94519 98698 49748
22 73
34736 10618 99331 47817 4764 78749 81774 45176 77790 31240 64296 39005 50863 26248 242 48366 49332 22324 50201 47900 1931 68962 69039 82032 16008 83513 50805 47119 91237 37767 15246 70919 61917 93885 85547 78996 19201 5654 93729 38603 34345 39733 3397 30048 39636 64623 44710 44191 47767 27085 3668 73828 72046 37385 20260 54389 88200 59169 11386 61684 44521 6551 13275 46624 63820 95676 25460 67263 65671 1437 57199 21109 48941
324 48
85485 34711 35177 91257 70519 24384 43273 96374 72990 89245 99218 99683 16010 44300 42030 27232 47046 71382 12488 84548 17567 30120 40376 92172 19735 18904 96350 96267 46130 25309 63174 31402 26243 31527 76140 50445 38232 60312 50699 83562 58080 69614 16863 26143 3622 30351 44189 69142
724 22
16492 64214 71959 80153 39071 24721 8725 78428 14583 17109 53936 42002 19170 42916 99353 75118 58640 39366 48507 86680 25875 98453
314 11
32741 68718 16612 70138 77302 37903 85125 58901 49275 82004 84602
883 19
38599 89738 3768 50627 86043 40489 84276 49153 37265 75534 49901 55899 7594 18349 74085 42250 72841 19699 57737
872 12
6 78943 65208 13677 71013 30745 12092 12172 12433 71192 45995 23226
115 6
95138 75153 14167 19566 54212 85372
414 9
89020 40537 75718 89567 55607 12396 53848 15065 56530
307 4
30390 65260 52279 74039
766 3
21900 15225 29044
255 3
31535 40214 88507
337 2
59944 12877
508 1
42116
545 2
61155 82422
