42
2950 119
20346 74878 62431 49961 37299 28129 19903 84584 77853 57605 16213 68383 91120 1141 91896 68630 7778 31017 72625 54041 73094 87023 63063 32998 9226 35710 88760 92459 72894 67984 10371 45687 64073 40460 43624 70497 23868 28208 27762 25022 34662 15466 16084 64662 31896 70869 39497 34691 98417 80272 96989 86065 19535 65974 72304 43287 85423 34580 22165 64334 36511 35955 34998 45572 44988 59897 67980 79953 90449 36556 41904 24 87663 34484 68460 54464 59585 37063 91776 18398 3884 17645 24267 73711 70178 39588 40737 69807 7459 29651 92038 37101 68111 4659 50270 80910 5159 48112 42154 18801 24974 45582 24064 34727 65329 7290 11881 53726 19500 3199 37606 76851 44059 53023 13440 97592 60969 12695 4275
5451 105
91264 8907 14012 24352 95424 61877 16293 75586 43691 93284 29118 79420 83548 85071 14953 20181 23891 86492 92351 83911 82052 41326 98390 97936 74188 81179 25694 43369 63692 87130 98153 64164 32972 29358 61269 55330 84847 22023 3828 91345 94845 3896 17261 48925 13762 52651 20716 76192 43936 9983 76538 88340 12075 10010 11060 22119 78443 14946 76114 84616 99507 9798 35702 55692 78439 58559 28587 76150 91690 7181 85842 73989 12402 89850 83421 95463 36191 59545 43440 2309 74182 65204 87742 53135 7574 21500 45668 41543 42889 36891 67571 55509 23768 92527 13663 59081 77711 20322 10899 46484 43679 62240 49184 85029 20909
935 86
78106 21620 88680 54292 41035 34432 7530 37108 14070 82498 26371 34492 36267 92235 61068 76203 2389 73174 94338 8638 59339 48568 19532 78711 16373 75249 28621 82679 92811 35690 12709 96267 80762 92260 57241 10851 9677 7546 54853 69290 74981 88489 71494 95779 53951 67174 33905 99902 18113 71404 89162 65986 42649 23659 25649 28011 4807 32721 66290 29879 45634 475 62192 93649 67303 92816 12059 65459 79710 73178 78628 36510 67442 13064 39559 77008 6807 40165 20855 68949 66811 76516 26800 22381 60001 47196
5177 73
37468 93885 12705 96251 44360 31265 17610 42674 70184 22913 16327 65563 6697 78056 98817 66761 3503 68381 13006 68063 81118 22418 72238 88295 58235 78719 54602 75532 89193 90965 2525 38786 49936 34033 62928 76936 44006 87455 92825 71661 71649 75664 42512 7909 45896 2795 35827 95406 9803 6930 92555 18360 9500 90188 28061 41427 52045 39274 66197 18909 11457 88628 88226 74045 49984 99934 74470 20679 12138 56750 32001 24811 25289
1681 65
34011 42573 34027 70805 48611 94913 95163 82463 91140 65147 12235 71951 2601 69289 33600 69094 58096 86177 92252 90161 10308 53768 73199 32471 95153 52148 8234 42504 95723 45400 12942 71098 56009 36221 55861 96478 38910 14130 31728 58647 39074 14294 92566 68711 3499 94404 85301 32993 61670 38803 21244 68242 86352 95314 73037 39278 22923 49604 19648 53214 95759 72503 68246 12371 83027
1678 54
54181 14356 98365 66972 40190 15208 92635 62055 21173 56954 9476 21507 46639 27518 63633 75342 10986 65586 1875 22643 6333 13426 72313 15784 82114 56870 15018 76875 40465 59328 17079 50073 30392 31816 14277 7288 51978 29554 38261 85729 22743 81550 43474 65548 37211 35786 94306 74911 40370 52278 82797 28449 1905 21040
4251 50
86204 533 79770 28098 97328 98562 25571 32573 1660 34898 27984 23146 3564 56680 17830 50267 53766 16651 63199 58493 29900 26726 80051 65388 28158 31419 51299 29301 99862 80246 90345 76276 63075 24893 30902 86856 6583 93459 45660 5621 6074 24260 70369 49589 96557 91037 42424 1992 40367 61252
4092 50
95464 18335 93263 66848 63357 62613 56118 74909 62683 2843 23212 89543 5555 81044 51244 46751 53088 20374 63419 54482 72469 35852 64244 18083 96097 7486 75565 98861 43777 69934 10377 50670 6173 31226 64069 57450 46663 8465 4418 82999 1470 91254 65923 30358 72728 44867 54351 18102 81358 93584
1285 37
12418 76030 99299 80439 68546 12834 27775 49572 4448 11929 38026 79196 2879 17175 77103 77179 36007 90880 91016 3713 28922 85361 22345 97816 32601 93359 78676 47168 69344 69018 78797 82408 64256 59857 62617 95369 14732
754 39
68729 64043 5955 17402 59011 90470 60486 90272 69808 29685 44743 59337 61460 62052 33504 7632 76825 44471 43380 36864 37463 60590 15141 21036 21101 24846 70909 90862 50456 67835 40909 66891 52955 19896 52163 11999 38677 11654 4486
2086 34
54780 36540 12227 27361 8461 86385 98407 98960 82177 16521 40419 67439 67486 5105 99167 12301 49578 18012 20795 89826 70416 27472 59074 84402 85383 14801 531 42877 40742 9623 24486 37144 303 1594
4100 22
7681 75048 10356 42733 39270 40706 33248 60485 68925 8669 83533 46023 89795 59052 99722 73516 22085 72521 22818 82212 62456 13009
2849 22
12453 73932 75208 71296 89017 23342 37175 50121 61213 15874 44933 38912 72127 85559 29 63976 76397 23737 9140 73874 6606 85700
4730 19
44512 21382 74365 43664 24619 34485 20107 38880 3082 23327 39687 15223 65235 94809 52094 67300 58563 77721 24425
3231 14
82057 18541 311 8405 5170 65083 47096 63622 28550 45820 19507 9650 84582 80532
21 16
45614 53379 37820 93731 98758 42907 14542 9041 18280 27085 90318 92769 50541 65402 88262 80347
533 9
87696 98230 37184 43234 7368 5400 9765 22077 94620
4305 13
96355 13156 3446 16591 88677 71892 23433 95812 66085 80299 31800 20890 7413
1645 4
7599 10578 71146 26309
2074 15
83788 71816 8028 11226 43125 70168 67313 96276 17750 9724 12012 15390 31617 6967 20430
919 9
9710 58362 1102 94440 96492 21307 601 60922 66455
5142 3
90210 86700 35821
4256 7
83977 70199 48661 35341 31946 42287 76556
1167 2
11925 34584
2777 7
69183 31592 21219 44137 33915 25255 83360
397 12
2965 26238 18421 63081 43501 95025 15434 44802 29165 76629 28401 68098
751 3
43914 29766 9505
3712 6
71509 18762 28479 87536 25522 83260
2092 3
14555 42799 29535
986 2
50306 48007
1835 3
84658 82163 60464
3506 3
52009 52920 86279
3183 1
71938
3844 3
98629 68543 81678
3906 2
63555 94168
952 1
61402
3228 1
96640
2379 1
9457
2370 1
49164
779 1
14407
5370 1
5529
19 1
69523
