97
718 22
6147 50983 56292 25029 3355 81603 5077 18882 60852 44990 62835 15628 55585 4638 18196 72224 65122 28971 30835 26526 23736 11288
506 22
18757 66067 17502 43333 7324 41945 71026 94667 20072 81053 85714 65394 10704 70816 20462 36138 47438 14622 85053 91112 9029 41406
106 20
59798 61718 64409 40972 99905 7630 62536 61283 21195 58482 81165 88201 23836 55706 7265 6381 61487 92775 10446 85685
396 19
60475 10816 2087 7182 83905 67911 36582 50043 88196 86362 36113 46703 1238 36199 28381 20076 28899 22006 75621
9777 17
74215 46607 55649 17017 95502 63419 19712 16969 79830 61650 95869 12878 28642 49804 75691 6514 20740
6676 16
43432 3393 29400 25883 32914 25954 32867 60970 42290 13932 44165 69836 32876 30192 64168 29890
10534 16
69548 46549 41653 95178 3422 63043 70104 2623 51721 6564 78832 42525 75697 15484 54812 72235
6542 13
7277 35553 97976 72288 31986 98195 24795 78124 8267 49537 4002 56700 15499
10617 13
97564 86839 41042 34599 40322 38345 86155 94472 22115 31335 44910 82297 50636
6035 13
81745 65102 13640 55268 32827 16903 84955 18427 73986 27259 53663 92517 1049
659 13
40835 1276 30482 79024 54762 71671 38573 24877 64124 61801 11637 65087 46691
7906 12
99081 52480 53122 51659 97544 89196 48593 96550 4417 81383 1898 58730
1437 15
10486 20711 67604 5917 53448 26596 69416 31728 82813 22732 76948 3643 56957 61793 82426
22 13
66035 65340 58218 82623 1427 60918 78146 48192 61278 98050 77206 53532 11241
8946 8
86085 80136 1423 60510 12679 86868 42868 13614
554 15
83103 35195 23940 4611 69158 47499 52727 51724 73403 2172 56135 76335 42632 78212 88149
162 12
83281 62616 2537 21822 83705 95238 84580 2645 44874 8136 96569 65961
54 8
96599 98084 28258 55886 261 28622 86356 33088
269 7
67981 13235 41391 56659 80776 63628 68275
4508 10
62525 42317 80044 83819 51506 58213 13218 60823 35212 39212
6446 8
31419 34825 83556 94524 70279 73118 15017 7051
10022 8
17495 34372 91441 5717 19746 28924 35323 45579
2004 6
64380 16753 9445 54523 7534 52490
237 10
24982 77035 72545 75907 98435 93470 65627 37388 23570 61392
188 10
11395 87230 93584 58281 71727 85836 65596 15818 74645 87711
100 6
38803 86710 22096 11955 16470 99335
7087 7
23354 50569 36068 7118 7543 72694 77246
4092 10
25367 34086 52657 95808 67184 47340 75841 60234 62039 89297
11271 7
68647 19570 4942 40571 59003 55049 14148
591 8
3601 97800 5925 66980 82087 78971 62080 7328
1366 10
7028 13781 32931 34324 65661 72945 30187 98897 28157 79079
1436 8
21137 50226 90870 40347 99385 38209 21562 81861
97 4
36287 74088 19429 28040
10949 8
70232 65919 83450 28122 88924 28904 11 72683
255 6
88231 77757 69735 98617 9812 18367
9391 4
49242 49081 45457 73732
1426 8
3604 92309 82680 95005 32466 8429 90498 42019
386 5
7687 42756 6562 47185 57092
997 2
28588 50201
7542 4
12318 43632 28491 76685
1493 6
24952 64706 15549 45378 4214 34025
8857 7
47656 61009 54843 46282 59725 71803 60016
2270 5
43496 27855 63595 63973 90935
7139 3
81196 85156 71336
6796 2
17222 48962
809 6
63857 1275 11104 98029 79040 53743
10487 1
57102
1404 3
7352 67084 9758
5652 6
44235 78830 22099 11654 25851 96614
1125 4
56188 61289 40066 39164
1303 4
18935 52925 59189 85288
6536 1
40924
7170 5
88773 77215 19630 73611 93697
964 3
23032 16114 69540
869 7
47625 38058 10758 4077 48000 12563 54805
4863 1
97310
7521 2
78621 52158
3887 2
44160 73372
9811 1
44176
1783 4
5357 7741 72650 29068
8401 2
45025 15949
4918 3
61949 56447 49174
2547 3
64429 44263 16755
982 2
48732 66376
8418 3
3472 70855 1874
1079 4
78989 14200 52233 86518
823 1
40636
445 5
39314 86937 69831 44547 31982
7793 2
40501 3264
403 2
22091 69574
410 3
38819 95801 52860
10237 2
2866 21045
10960 2
32828 60763
5148 1
50877
6814 1
58946
10927 1
77755
1086 3
11975 89556 40862
747 3
53547 22833 33695
7309 1
98830
186 1
25552
5685 2
58811 27556
10885 1
58470
1235 1
5680
2953 1
16235
8185 2
41692 81670
838 2
24570 51661
2896 1
86718
5197 4
79950 21410 80263 6636
9173 1
43140
9604 4
25824 55648 95764 39208
971 4
90141 7368 40677 29603
1003 1
90871
7140 1
97731
9721 2
64729 16968
3402 1
11072
8769 3
29881 1217 31237
5291 1
36626
