19
3932 207
9552 58250 90110 11011 26992 59951 91392 60397 32865 68507 31488 85671 10827 31698 98748 79852 84504 85925 1487 66035 82744 78169 31500 99332 45336 52932 25083 91004 8855 36623 64481 94702 87985 12544 44697 3802 80677 22754 70929 68386 3952 28884 94994 73885 86849 45249 83778 29862 72436 15715 29427 74582 91413 83337 72965 28185 66757 8324 41398 6626 24061 32115 62332 62280 59123 46885 54910 66253 5275 84388 65796 16603 61975 49155 3838 29225 57639 58111 33605 17444 30574 89844 4887 88630 10959 29321 41318 90616 22312 57916 59815 91886 11915 38588 52426 31290 14657 93727 37171 4510 75437 49661 43043 81772 14487 8569 95006 54017 25745 73387 85081 71885 1841 1306 95484 16345 9117 97146 45672 54965 44156 85939 40546 17029 31458 10467 82824 4827 24132 36982 8064 93388 10854 95443 48394 20220 29643 52670 29583 80165 83167 76070 75699 53427 49337 69676 5108 27508 25282 22729 2207 13645 47306 58434 39697 25236 58770 39710 9096 56476 19421 83600 84427 24759 55262 17093 5589 49081 97317 12440 25828 19383 62522 58243 69925 82948 41772 67042 27057 28439 20005 8991 91826 16745 16624 39237 9702 91638 62617 34232 32689 23519 50425 46020 30158 38031 74390 93295 91367 72360 57543 38320 17450 86512 3284 26969 11841
1183 147
79258 83764 3026 90249 9405 73659 28155 54418 57483 91301 87214 67247 39660 72206 13782 38550 51807 138 17349 53710 34834 38439 75747 34683 17789 65828 37731 19852 73095 91471 64558 51373 96792 74733 20904 69919 43465 94391 49937 71331 83843 92376 84132 20276 76260 22950 32683 16621 67039 60390 36302 98438 88042 11423 813 52271 90713 37841 50956 19668 59872 26047 42248 53456 86062 86949 45713 72467 95935 31987 31081 5095 16837 92588 42115 46052 12609 44011 76262 14471 67889 18692 93982 89158 32907 73236 69472 24236 61074 13004 44239 29358 95717 82854 66565 20368 95505 97717 39418 20961 68783 94680 63734 61469 29497 61318 97469 11022 41470 5486 39039 10696 41009 89300 45454 71518 55873 50800 90789 3521 89236 35952 9690 42595 23943 59549 70277 84844 20491 45425 20593 41282 74930 30716 91639 40480 54028 77822 58580 98212 74515 56360 26276 35329 79811 51852 48685
1370 103
62219 83039 49665 21137 62297 56852 15288 7552 37783 48793 43529 60406 42224 4959 95881 15791 24585 11176 94102 70194 70726 46777 24246 32189 47098 26734 84633 79780 76840 23449 49907 74579 94809 51445 10357 50080 85058 27098 42483 76946 34600 35717 61413 70581 29710 33380 10463 10264 3614 15298 51534 38274 14669 13389 82821 48631 19337 40677 43971 50506 57440 21024 92768 72166 91474 63864 20900 54802 92858 26267 50503 89279 65776 20833 20362 19690 26743 54756 6807 16306 24968 37266 3118 39177 99707 87904 20435 27664 48351 55133 96127 39027 11295 35953 58498 14915 84252 72693 24176 87709 37356 40464 10731
656 75
5815 231 53752 14399 46962 25068 72146 70621 60625 74418 12687 94746 3663 43985 48058 77128 18471 27270 69505 51268 53865 99832 74981 72571 31333 50543 65875 40576 46385 26813 86612 75517 27423 71188 20588 61649 11361 18084 52277 39357 26154 57208 27489 27871 28852 33572 57438 21579 47827 13220 99226 26569 55071 40727 28958 7748 28250 39885 65979 25643 38758 81475 85416 43830 73318 30165 82184 60212 2813 20409 82931 25532 23802 72233 13264
3405 47
64844 60098 71294 75894 79132 28414 6194 74666 68022 64445 49696 57313 13513 80862 99150 63061 81335 86931 90990 53663 52001 18539 66147 27207 18278 43512 72777 57320 82996 15455 72354 29322 25056 67766 78597 84599 95660 50151 70294 95988 39874 46010 57767 48723 71604 5224 78566
3137 29
72625 13915 21902 46865 20344 81786 64058 82056 64486 96531 11542 27283 27194 40984 31865 90739 70184 26249 86160 66700 51866 55256 49911 22148 20698 34431 30474 43744 87834
4727 35
50316 8070 64961 31113 58148 15514 35634 24367 67399 36308 2756 16196 69748 9656 57491 70740 86498 64625 13817 56716 46247 34253 49228 82438 2631 16060 56064 93624 31274 53298 69686 54620 63140 29407 76027
2197 19
2953 24714 53533 87576 24150 26094 74349 77456 28914 62227 11412 83874 99065 48023 89033 83455 54684 20515 71256
4427 15
15007 84122 60513 40616 80528 39440 34964 27151 49521 35860 83944 24273 42759 56830 29550
2096 12
10500 71026 99465 81948 8316 68171 21159 67696 93400 19489 73734 6238
966 7
90838 14467 96810 47232 20419 12183 3981
2693 6
22066 36960 29271 71482 55311 68412
3859 3
18073 35544 59762
493 2
53264 35462
92 6
93011 66323 64508 36239 85944 25203
2866 2
57695 29146
4287 1
48700
813 2
65668 8185
4255 1
45373
