18
2747 188
59034 30161 78246 38022 2241 16671 50353 17721 8380 31197 87183 92817 7323 83928 54632 26117 1178 31402 3568 20625 98420 75157 24463 53845 81110 22178 11455 88844 87258 20269 20257 65740 49409 99458 20571 35255 26477 76264 35529 77404 22757 69719 55919 81223 92725 1336 71672 60688 76828 22638 2125 43714 54802 17502 56997 61473 80141 84649 49238 72355 31885 60262 84186 5858 79756 35981 92062 63343 19663 98535 88839 51906 27124 69974 23554 91084 96151 72459 3343 89981 40614 65569 57404 62514 601 19559 32048 61079 59771 6119 67900 27347 72606 59716 7234 9448 309 66370 82860 74407 54261 35696 540 77083 44312 85601 75793 29852 52876 6183 19105 18322 42600 70932 91961 42178 78518 18024 78835 24508 71603 63038 20177 3635 11842 63894 20207 89487 77116 10398 52888 9017 2503 2384 30040 86216 2635 83564 72109 1487 55173 98151 70486 34880 18674 87089 68214 18158 12192 86108 25346 66321 8019 66402 50208 7848 68833 55309 57059 47858 98472 56645 794 43180 29135 24553 39185 76208 27247 96509 90079 68509 93272 84079 86598 71482 44689 2248 4762 28122 56178 27490 9591 26168 81457 48846 17565 7980
1986 137
93280 69644 79498 33664 19830 52464 8351 96978 62501 21095 69188 72455 17631 51582 78113 64752 18087 62782 95134 21311 37943 35265 23038 51285 43564 64482 95190 64495 87845 89131 23443 62595 62717 88094 41133 89774 27362 37795 53877 70622 17436 21141 89428 58555 34692 92699 52910 73229 3655 24864 11560 41061 48097 8578 4660 83268 5986 54569 19725 45366 16931 99120 60847 68800 62154 18434 4734 56191 9081 37902 3515 42721 81122 83783 41852 15278 12640 47677 82838 3316 36857 58360 23868 31082 22564 5166 97342 67554 31785 25089 37758 7763 2920 96479 26312 71813 52948 22592 57102 27356 75941 54273 30616 7359 26768 7270 11079 87030 81295 2431 25833 1220 42408 20742 33806 26345 33741 45758 60784 87732 70973 28309 31906 56585 31566 67415 49921 70631 94002 73280 36010 12879 48957 68563 16160 86903 85962
1211 87
8263 20402 702 35990 42207 43022 9842 9048 37461 77812 54678 69556 64406 36408 79604 36485 87633 76911 21750 93351 15436 71864 93362 69623 85760 27200 59948 75965 88626 59159 6704 22106 24683 19415 99481 7769 97978 94790 28460 76294 10896 37634 23312 29572 28057 76168 91127 87627 14175 12765 12885 17405 36438 46674 14477 80906 86180 37527 64669 6549 32237 53118 32392 34458 79423 73955 10916 39737 63048 63494 48710 84261 96952 57826 69947 12016 35164 71124 14579 96144 32430 60967 19653 84752 58006 5411 76406
976 64
34968 86394 41619 38766 12010 57626 81871 82964 93610 66691 31771 38124 96799 54056 74845 45030 78811 52710 63889 44092 78126 10464 66477 11628 77090 30795 78308 13575 74922 17861 17053 77997 38534 85291 70504 29645 5090 3383 79510 94936 59178 10687 82214 18444 41588 55328 17576 15386 4976 45071 48203 13341 76234 93914 58035 92790 71799 87547 28149 21738 43490 8818 98112 19142
2567 48
32822 93725 1810 50288 82355 9744 81079 774 47361 82405 98452 8903 47431 13899 25247 2765 46975 16347 63683 52864 99264 34668 9892 493 46168 4683 68337 31054 50081 5785 93100 52834 19526 90606 39952 71043 6712 635 69147 22987 98947 91702 94276 47020 73876 61016 96283 82042
2902 31
5744 48026 50285 80902 42278 89317 64892 22458 95525 22478 66050 13939 89894 80702 97825 58243 24325 34764 45221 82318 3434 23948 48199 56210 97494 71449 94078 51084 79132 34273 32747
1934 31
97563 36615 48720 52753 97080 48842 77409 46649 18652 24672 60598 30212 20814 69920 54883 67681 92824 91040 3692 20271 82730 93281 42952 49981 4900 38393 77352 6343 53132 9644 70439
1352 18
22388 95185 75942 37763 19689 61732 39189 80696 98419 44694 26826 52113 51882 87024 35652 63618 68373 50356
1110 13
80042 94285 32808 22039 68799 85978 83692 74526 9041 52614 37368 3465 83753
1222 10
16999 71905 64314 53563 46794 79159 58434 75134 13567 60740
884 13
55242 96602 38221 22048 58584 12459 39831 10762 3924 62899 46513 36831 53670
2501 3
36094 33964 47305
2413 2
70112 3019
1853 6
66007 38814 31208 98095 76073 19805
616 2
69714 29419
1831 4
25761 34871 52355 71250
3139 1
34750
934 4
91557 36132 39081 28528
