24
5682 146
38974 64202 23505 63104 36782 5546 76313 50663 89454 70182 33638 52124 79969 76695 39459 99470 1106 96042 34316 56572 91846 19041 17265 46751 71976 4495 19315 86975 17439 6696 91740 76387 40274 92467 94295 72801 98681 33333 75165 60562 34144 89427 84515 89715 16494 69612 83194 2801 8853 82771 99094 36913 28584 40249 21605 25084 51656 3748 95076 10053 48442 4635 94779 90697 41909 98032 80955 92339 1282 29406 16425 86930 94626 150 82437 29592 38562 77873 34384 85023 50299 81971 89358 53544 88478 75656 44927 19349 66103 48312 919 62226 42171 71425 26022 38628 64 60876 42620 22828 92216 67341 21805 92408 157 92350 48 26182 19690 97774 96433 63360 47450 83176 50404 66278 12460 26456 66919 36368 75854 2120 65327 69450 5277 41076 20630 35368 14420 97367 50589 33124 79020 2861 8511 38938 89452 80281 98482 7966 91927 21919 41146 86874 40355 69761
5040 120
79891 35493 87573 89508 95807 67331 27790 32995 4699 12269 30616 78519 57105 43216 4078 70625 95798 78810 7786 46774 75106 15084 85952 16468 12157 31574 1615 15925 958 33241 81723 93728 11013 30044 59514 53936 7278 95193 11088 40995 97244 26507 70171 80161 43846 57931 15313 92027 99623 24772 88039 31753 22039 223 45190 18107 73481 33185 77491 67170 77520 40642 19635 65151 10624 22961 41485 30467 85920 36042 21359 78129 78533 42763 9543 1258 93126 411 46895 60534 20016 61439 77414 96748 57606 39146 12226 5109 94235 96780 86256 60600 31604 68405 17572 15489 66477 57371 52534 83179 75541 52385 39113 68334 21676 3981 97268 58644 69475 79606 81469 44941 98185 93565 36476 81681 40538 2359 35701 2525
2053 82
15549 30568 73833 82988 81891 47433 21572 77265 75330 85528 19238 9946 12722 1363 39795 36573 43364 4347 43851 71561 93819 88577 33593 39900 17681 18148 27982 63494 87712 17283 22347 31549 40794 22443 69973 78348 11546 89812 92244 88499 25536 76245 60195 48232 14808 2508 7687 48617 34965 41334 49097 2475 56332 37283 98916 65325 32785 49852 30034 52873 36708 92830 25444 96593 48417 56568 46827 99285 82889 91699 89975 1451 10842 83181 94252 75345 95578 68258 94636 34860 17601 69433
6426 68
91125 99520 4639 29547 24362 98046 43816 90827 60318 83853 46902 34314 55383 40763 38958 13061 66734 35379 8675 42754 65693 57963 50262 27254 7218 93377 725 67855 40824 9661 67515 38413 5496 38030 49510 61354 13806 7658 94283 26434 24079 76525 32694 19609 6481 73258 12323 74787 81884 45253 86393 27780 42166 26123 13522 32844 67645 85436 81873 35291 93635 69074 40529 64828 64457 47001 77301 77881
6220 55
42732 73214 24625 52963 19737 62549 98257 64956 63892 45959 43183 70478 54196 49634 18985 79733 96627 16020 80704 56036 65427 11213 82931 98449 83685 52397 869 7674 14963 57425 80683 50562 38110 47256 46242 19335 24354 44731 5597 63063 18524 43727 60911 47111 41820 94947 53572 41703 63860 66732 47662 64901 34531 7789 92925
3857 44
19794 33014 53399 47032 68309 17413 70006 48619 98200 71373 65008 1714 25244 57457 8626 77632 35922 86485 48334 91815 69071 46211 59467 51745 81003 522 97358 35375 39404 9447 95508 87358 14845 51345 15294 39741 53473 63040 80139 69929 78140 51994 64751 10566
730 27
12860 62039 19981 56211 92254 41290 98190 76899 1127 50206 66190 46655 98024 48059 3796 39978 18331 21006 32874 95520 39327 60879 11305 75262 70450 53890 886
536 33
32751 26955 49119 38268 54875 41915 18876 12919 3122 21598 90300 61335 19033 22258 43070 72658 59943 11197 20923 95428 68681 93396 89743 47354 23471 497 66758 93394 87213 77716 7099 1396 1004
4594 25
43838 72418 80770 70152 28424 35362 49916 33243 85418 10716 97728 85222 97435 8336 17233 44765 28858 87063 24308 60765 9877 7455 69854 4933 16561
4971 16
18577 1249 7397 28941 83817 66715 49082 29314 83073 68111 39698 75400 98181 86580 91195 53960
5910 16
54905 45071 72102 36752 72445 18773 29631 43716 80431 89503 45619 12633 63515 32884 94168 75490
921 16
79794 29457 44529 34139 92107 15954 48392 26264 19410 65701 85065 97825 76595 68292 24194 42921
1667 9
24949 78594 90684 20438 86916 24286 30936 33004 97409
5264 6
16367 58402 28368 10064 41917 12436
3000 7
4860 318 18736 16669 96768 60821 81634
4455 5
61121 18074 99738 57715 9055
3785 3
33204 24565 81126
358 5
38434 64591 9352 47351 16274
423 4
63060 28418 59488 37209
5438 5
64199 3614 6470 72787 90607
765 3
32936 9856 54437
5096 2
333 86591
3902 2
92705 72381
147 1
66601
