35
3329 142
88666 38815 20543 65026 98426 61976 27639 35882 17010 73250 37224 25322 32363 83750 71550 97921 82965 93881 1466 61186 31340 26181 33790 14025 77325 63414 24019 12493 42736 51637 29460 72649 75940 7095 17181 63960 21155 86562 13698 57140 4546 65712 82860 96765 36701 601 12565 69246 16527 43974 83063 19351 90448 27131 15455 11027 33605 68782 93722 46712 76797 89838 38894 26191 62287 75623 97001 44530 93038 64031 36751 27853 22991 42055 46628 76912 19717 39894 97123 77446 77889 55876 63083 80417 96570 11803 62770 15399 34675 12875 71259 71786 48717 36458 35027 82827 16990 73513 11400 93381 77744 51812 6500 17829 35248 96477 65752 66132 26390 64339 51929 41008 87930 29809 78150 80792 11166 65219 79500 70747 32266 81634 90694 78062 62950 36293 88535 69625 92740 94623 70845 92709 6265 4167 67356 30486 11040 65069 53060 87317 26922 37609
1622 120
97161 6863 89062 33524 49943 86653 94544 2581 94346 73607 45060 93717 49098 13405 43880 72733 78176 53072 30669 83158 77090 16014 68870 23317 77542 79161 52135 77922 1312 72962 42469 29660 51968 38321 70987 63307 27939 84646 69034 95518 22040 48845 75618 57294 79617 66977 51855 74638 81316 5601 31296 56447 78779 63393 27539 65111 77583 33001 38232 7444 43641 97154 70637 10155 61231 76623 27290 2084 96862 34142 39444 68285 8585 30326 13055 82853 53765 54964 69743 7445 52283 57228 79844 86932 10267 41408 52192 43527 57560 57414 66454 54057 28324 72010 49746 44675 24524 45398 1642 15327 90975 54894 78552 31312 60322 64414 35189 10654 94854 85241 64651 23313 40479 991 32053 51735 85450 91395 58651 17343
6053 88
18108 49534 33972 4237 2277 60399 44236 77946 29195 86532 2111 84067 4571 19238 33004 37895 69104 80916 70707 5335 48627 53127 54482 64967 87693 36565 9271 54612 16847 76642 81109 93826 89888 43930 40140 47451 67567 81181 63790 91788 29532 31359 72344 65996 30091 99666 30931 19329 362 55362 34640 99086 83197 97864 92119 50187 98097 31354 19793 93164 82657 74645 81787 83190 42896 14477 21941 4957 79155 99298 23713 96969 64664 41625 52177 30550 75332 53546 86218 8076 4152 29159 85524 59819 57185 67056 48849 54781
3669 81
15653 31724 90125 56938 3602 57477 58838 75498 89473 61565 52062 54833 28537 47307 12614 59841 43528 43251 17677 68041 37553 47206 45510 20745 15950 52879 54764 6052 15251 74380 96466 60073 59448 78874 63240 77925 40082 64934 26414 17060 13326 97761 92197 37413 24232 12040 55183 52623 78983 66118 73561 4202 61233 53233 92838 47653 6268 70064 84276 66226 58603 24926 58799 78489 72629 77332 86026 54577 99322 34021 51628 60529 5705 51705 13954 27371 40184 65814 31358 19448 88028
484 61
15075 88444 65513 17549 63102 54768 39799 80672 27031 82745 98014 74188 86367 72183 82813 39710 32158 5558 93730 67496 90627 63598 38020 25897 7987 13815 94258 62451 17651 59110 98443 46837 30857 40559 76444 36653 83056 46442 85417 94664 8855 36012 62715 52646 71265 75695 65132 2785 51515 6454 67295 48254 86934 46135 1260 74198 68047 15267 41754 74541 41422
3235 51
24097 39038 66764 56634 13336 45040 16133 13008 82993 54020 26509 26002 77535 69927 94654 91918 29269 42657 60385 57021 15457 55629 38714 41372 15363 52240 9086 2551 88493 7977 1197 45934 45237 28946 52165 88500 35066 80116 67582 94723 74884 89669 853 26069 28353 26607 18545 4414 16468 30232 10387
4839 41
38782 70833 70816 50520 78522 71347 41882 82594 39748 33267 67494 48375 47798 83235 81213 13128 40914 61299 48556 56660 19582 55416 97321 89997 15307 20071 72533 11854 94086 35067 62943 13617 60183 41337 70210 4622 33235 21801 191 66105 11891
1779 34
71383 39364 79818 60372 4697 95143 49023 67890 54717 11197 9719 58368 23290 68705 99080 1559 93446 54712 85160 9060 35393 68819 35052 16838 7265 19914 6688 33832 11931 51982 61815 90613 10135 47449
5687 33
24572 88648 94993 85001 4133 47061 95835 98127 71741 81294 53216 19206 60273 1398 62796 42603 63654 11473 33434 38011 78045 80845 35931 49670 66957 60148 78504 74588 98945 56700 92898 80661 50148
1512 25
74733 91545 36600 9906 58775 22950 54596 99904 41568 3668 38384 29738 21254 57896 19447 32097 33697 921 96483 29848 32368 62293 51828 35425 9841
1303 18
70096 64835 78770 41285 83092 33874 33150 88308 97237 37073 72300 34152 30313 98153 77906 46809 47737 76606
4828 10
68840 33238 97892 78500 93313 34198 70839 51517 57263 9524
3416 12
74598 31222 61902 72676 55543 24710 89840 39193 53258 54006 50018 89833
2804 12
56649 97698 81430 20110 95717 16844 75008 54469 61545 93712 53661 9544
6315 11
23461 93515 43902 91493 68084 56438 16033 73584 91734 9368 83179
643 11
81670 96949 44485 8160 1037 27607 69720 61030 28446 13014 38095
611 7
88125 84549 57784 93519 65151 84213 59602
2268 8
59445 87505 15430 92116 65003 86537 12793 79363
2196 1
11599
4621 7
13461 33241 89456 82774 79567 5498 36913
476 4
76525 84062 22030 69694
7000 2
74652 45150
4084 5
65582 45012 92249 56692 38763
5218 4
90084 87528 18359 82247
6156 3
61748 39658 70767
1233 1
60238
743 1
81864
2807 1
2886
2975 4
57944 67209 11794 19319
5806 1
76589
4846 1
57513
3875 3
70269 23465 73899
6611 1
19536
6986 1
24647
5453 1
4990
