9
482 271
7690 91806 29767 28926 14005 47070 50788 62534 39226 50366 71491 86904 69172 17618 68631 35749 92391 92954 45422 65507 34461 56726 16397 63839 54347 62327 96098 41344 79387 35963 25009 12344 68901 36839 25697 21103 33197 8518 86445 30329 45656 16530 77067 83235 38804 25380 44002 88857 10490 48400 68648 81452 43957 60991 7874 68609 72624 48330 95414 95447 4013 76463 47892 9159 85672 45064 24550 21591 6090 80680 99258 59238 51011 61198 23855 85017 59651 29993 45573 19463 76598 36636 61834 98539 55071 74531 860 74146 86734 60901 94475 92618 70754 8135 77577 7833 35363 98661 49679 56040 7488 40204 22754 79215 20127 31636 62156 66585 87831 89638 14717 30019 7395 1296 60514 96989 40046 40045 20850 54876 14296 52836 75608 81820 90069 39796 30427 61983 5561 41152 82878 5387 298 47731 92946 82704 28379 16565 69880 83046 69117 34844 82231 31726 87994 41072 80011 78307 73294 51987 80209 97332 16997 33888 77854 89802 14099 82802 28962 61201 42799 43615 67826 35850 54132 47800 60052 7705 443 972 90685 61777 50067 28612 12222 86609 85445 15360 71644 21280 50824 67244 48743 2530 16988 24150 50071 46569 22415 69133 86164 33961 79222 11255 74333 48428 7312 80605 54619 59479 29283 99140 85490 20633 81383 56418 36906 92832 3053 74808 58715 61157 73887 13756 27015 22158 82259 40495 80779 58905 16892 20759 42522 90662 29033 75409 5689 92696 28185 58452 20113 35422 83331 74287 76550 10272 46905 33812 66281 3961 93499 19499 25811 19168 67488 90757 24765 70932 57484 68864 77377 93133 98363 20632 14681 41308 75941 85528 42077 16496 503 65201 88937 1739 87074 17111 71005 96038 65685 16897 85985
98 113
40521 91086 59005 54540 14094 37150 20868 71151 30096 70038 95023 83522 22843 50544 61170 3912 25743 44258 8928 52878 62826 78401 46274 9864 92837 33506 36568 47111 23029 78182 91331 94461 64497 14627 75081 76970 12703 31354 59533 29344 62773 80633 93255 9105 98482 47996 90843 53989 74911 71313 48781 14088 23341 39329 43276 42736 47933 22643 32927 32844 17227 510 14748 25122 12591 37613 89458 35018 88181 67450 52045 96713 21850 13990 85887 84954 53604 22891 86075 9557 83648 33947 68683 88591 60022 19759 67048 20337 43089 14728 24185 64515 87374 54669 95383 26256 28617 85346 3415 43138 59693 68587 9259 86716 37915 98478 82111 43368 54247 21277 37601 1599 80088
2444 44
79850 82104 40097 21792 76595 56714 78683 52151 17184 13117 82265 23008 7265 33657 93833 23432 55330 96050 4185 3642 30246 76736 97956 37121 79567 86994 33299 91373 46383 45507 58464 92110 55312 98974 36920 88717 88053 42272 64740 65660 73177 73362 8187 40635
2190 17
63211 24946 79161 68063 83174 70529 69725 26717 80293 80704 28305 77975 76599 52823 99027 39666 53221
3638 10
49881 25205 62584 65148 20934 23315 3995 48566 32765 27556
315 6
72601 85806 85714 88445 74251 69740
1459 2
21719 79000
3101 1
157
2351 1
97975
