17
40 167
20810 20926 32149 10770 81438 52339 43681 23375 32541 51986 40764 12611 54764 51195 85645 80836 9986 15967 28456 91078 16141 14733 19886 47097 44041 25372 70646 37146 77133 84311 32502 3566 15121 60439 84418 616 31791 46795 87504 96102 78249 59346 70865 21170 38781 97004 77011 13750 38020 96491 92424 20877 54094 29010 14090 1493 73925 25514 43031 96437 74547 8223 19096 63717 76617 46687 25829 35980 23027 29105 12690 91958 11211 26257 96176 46558 52524 49816 77204 31426 94076 69536 61052 76665 1985 46401 26981 20265 71093 33509 94403 98350 81519 44930 93747 82704 51014 23988 78139 22699 59434 17940 99447 7000 71402 49612 79566 66030 49870 12602 87432 6090 57632 4398 67094 69446 17879 73170 86972 84657 43044 54770 50134 77964 90071 84676 86170 59844 84805 59441 87144 43276 85354 84322 20049 86423 67182 43339 3773 96313 1235 56303 49956 87615 91779 67487 32788 75884 27627 42851 88268 82591 23630 41107 98626 9764 15954 42676 79870 46537 31804 83702 7039 8597 24175 82057 13713
552 103
34078 46670 83682 84072 86565 41736 83140 7963 54014 61998 49266 73951 18880 76947 26288 77756 80421 91553 93297 72241 43621 76509 96315 84263 88230 71049 10616 98920 87605 1401 49725 91975 34897 77105 19156 91812 20544 83089 19104 75995 58780 28488 94082 35677 53706 95121 3505 48609 31015 52564 32496 93123 27524 63762 36681 46244 78744 15205 19441 40157 54349 73822 71300 50037 52052 9727 57856 20045 24668 81766 60866 43904 64207 13855 71520 14878 39987 14571 92411 23836 26823 33133 97443 90620 90875 18456 60534 65224 37635 35300 42918 45601 33702 82564 46972 65742 5061 50294 93542 42172 31253 78473 92080
2073 64
95531 30674 13424 58935 97826 37066 95546 54544 10564 82850 37947 33303 972 29920 55707 84827 68760 96355 51984 22562 20043 85377 14429 83799 83652 55764 94601 12953 27256 58666 6446 51251 42171 64012 95297 318 63225 36956 79670 77858 80593 23891 47386 31497 94871 39861 23669 38868 91223 89772 27015 19212 86000 97865 45155 47512 60312 89706 80826 662 14803 9391 4018 17331
4488 48
91365 34499 5910 29971 78717 42875 43869 87043 84411 75323 18552 91814 94676 52915 68064 58670 48009 49879 18700 41267 64190 71223 95748 99002 59314 8916 22056 5670 35339 19354 92832 50731 27839 54071 19967 96063 70557 80861 19263 13329 15132 99482 85683 88570 25846 72662 59121 73332
5527 37
68666 44476 31707 72593 67618 25410 85237 50168 35944 10286 46103 78224 59900 23940 37800 56152 40542 95899 14975 82379 48218 5496 23446 97243 87776 20125 91334 28492 90791 34728 715 30432 18259 8489 49547 94492 74846
4321 18
78818 10466 68975 16404 6073 41011 78880 2498 72510 75029 93284 96365 62562 45744 2760 24996 63027 23854
3487 12
22282 99191 19241 96607 16216 47786 82534 81038 56936 85879 37116 18937
258 8
68740 99249 68255 56773 8356 16265 85019 63339
700 4
13577 11431 15740 11316
2137 4
20339 4774 76198 37327
3531 3
58128 3674 45027
3507 2
8095 99215
1401 2
98545 18044
3780 1
32510
5555 2
60177 11736
2406 1
47985
12 1
14906
