5
974 496
45951 69337 59905 69911 11057 2684 84579 78199 76466 1961 89750 38995 41471 51572 12990 80315 74544 94894 84878 53320 85127 95626 65480 97176 51532 14119 36981 43055 87447 5809 95173 98807 56098 71357 27768 97860 86837 25530 72312 48727 8140 75441 15192 47044 17130 31813 51123 67261 45598 29596 2353 48027 52449 91276 58979 95482 95194 81307 79442 49750 63735 6521 90018 89226 94532 87891 3497 75037 16504 23306 80007 18843 69924 1900 16378 87613 30001 672 78599 57127 16002 45395 43332 46910 16791 46429 1364 23599 43638 26112 87348 29528 98422 27537 26976 94662 92532 66888 88743 11417 73290 96831 9526 4624 28126 41223 23540 36454 73319 61241 43008 2864 94452 71330 84683 3720 28078 13083 95092 59999 81486 76402 26498 11277 78639 6331 51582 99171 75945 41501 27615 81862 95718 75550 49813 7651 68469 81420 41273 24834 10458 99640 58721 95571 99525 41851 48764 14590 81274 43147 2147 92391 43328 11726 99945 36262 70637 54602 17434 10917 14073 38255 6358 60577 42004 63451 44710 79746 95628 12651 81092 82306 97466 51348 72562 91895 94290 84543 64333 75015 17032 11383 44798 58148 14627 61311 82151 12064 89853 69620 47014 18318 13514 2829 92483 97374 71593 16705 36713 19378 19219 63433 50380 75617 96131 59758 14662 73727 14475 80269 58314 45134 5736 82079 51556 66664 88724 42820 99751 12638 55838 79781 38017 49498 46214 3032 41142 77144 17637 5729 46547 36915 31786 37661 6102 32130 81248 9865 32413 87243 44111 29381 70246 62215 82603 60574 18742 78415 49023 63008 98552 21984 59473 95885 29343 39467 68038 41449 64383 31125 59334 53767 35591 14942 51238 92919 69581 91177 25144 9489 17572 15834 36615 91803 34570 17171 12011 66987 97193 94394 33207 17026 23531 91657 6499 64596 48420 27368 5924 13477 65786 42733 24981 58689 95857 2410 64415 91863 9976 59468 80472 36978 7560 44889 51081 35324 44546 62666 62589 18154 21505 41108 61920 98387 24747 45513 81640 96293 17819 5047 69505 60195 49484 86882 81430 69315 55906 32073 84593 17709 52459 19875 31324 40539 68753 74177 73231 83238 79470 25952 8017 7634 7411 39385 52337 26459 88474 58506 53690 830 65344 82462 99619 17830 1789 95000 20914 36756 90631 85335 29044 16928 17914 25617 23967 91327 2519 82110 87092 61698 14360 96906 59148 88624 71903 13257 53730 90081 13420 87345 88436 31761 3980 78365 36203 58832 84435 42510 79847 57724 28962 15546 83939 40420 87742 31292 38568 68559 20304 94993 82430 7619 60495 62018 29520 33307 3776 87821 46886 87422 17625 76709 9643 86543 78312 5325 77912 33329 82805 65335 6421 35448 52821 82453 43181 12068 66925 51152 77238 17057 63003 78889 37444 91095 56176 48708 80546 99707 58561 89169 33211 26890 92324 49447 8323 67980 944 88742 59053 1330 5587 21810 85036 86195 98416 82726 56984 61420 50923 16685 49877 62906 4066 84453 43749 51431 4955 44196 67271 9626 29422 39049 30546 98752 10791 98874 69564 46574 17447 54801 80350 58504 70733 45390 3886 73729 88988 20639 93746 77591 33509 27317 92939 33499 24137 32614
47 247
56927 47805 93320 62728 89097 16065 61565 28199 25100 25719 27175 8208 69708 49330 54538 4130 51351 26434 93226 53841 31866 6670 81705 47553 62146 24907 96526 46873 87538 21891 12095 98284 41654 93045 11695 14025 28801 23822 1210 76276 11923 40633 46892 96266 78571 34211 70580 95697 51135 59113 85576 86971 72247 89030 50359 57488 98229 31728 83518 59881 59216 93926 87238 54543 1199 79491 18952 43626 24072 98941 51307 16792 80799 7849 44048 20033 27999 64896 85592 90563 96209 35234 58798 20643 74343 96664 500 9698 24553 90932 90026 70000 62969 50846 34159 85184 66596 66187 75425 32702 4060 29653 50337 54799 6678 79023 30103 86717 21385 9993 90415 63470 13394 88030 16608 69904 31549 2172 4852 18401 25661 92632 45717 75877 48818 14197 58911 41991 88386 57080 92930 33636 96535 34111 38002 43345 12751 46107 27310 6962 69486 12238 8626 7532 2014 73481 96958 96763 66277 73703 60117 96756 9624 78483 12271 63506 18435 39017 9356 61906 20632 59795 50585 6222 45548 512 3468 50001 8088 9540 44517 98455 31360 67320 98430 3640 75887 71217 21059 66913 31869 6382 21051 82379 20943 54320 46250 58392 9468 32984 64322 69410 93983 568 14161 53045 62015 7670 36456 91736 96757 62131 20365 31106 89704 21331 14165 81343 80544 92707 99413 5378 26940 26157 61563 8484 60157 81305 42577 84833 50536 74650 84327 86775 82632 79654 15095 24145 29421 43555 33960 87102 89559 37430 31156 64671 49143 31817 33868 54339 57704 82871 69299 40199 32235 77537 76002
292 109
36145 65104 47125 90320 52473 52944 9216 98998 64574 63959 17772 23832 19536 18898 27681 50788 82216 82590 45252 51565 69919 28017 6640 54864 88948 5332 29070 80932 64033 8000 93240 10573 29406 45464 46924 98338 73183 76486 12174 56810 69601 27430 93959 54846 45217 38856 3708 52328 40616 1535 8251 24866 8850 68660 36329 95623 1631 56230 83236 86671 18941 7184 11030 1044 15933 86593 48147 38613 91212 99005 48020 22229 86840 78147 90373 57232 7686 63963 53987 63546 69767 22347 2852 38906 9242 16778 58163 44982 12776 31068 12436 44076 1948 99058 72910 48577 63599 23384 30775 63056 55091 55913 95561 52114 18345 14771 66022 39551 19151
854 54
75852 81570 13603 20220 34216 78525 60042 59425 52356 47557 32015 4625 14571 97236 89936 88540 28878 81585 77745 11964 77045 59889 58048 5359 97486 40268 39305 24611 88443 52674 7830 80788 4735 59873 44046 23605 30516 77125 88237 7274 71967 10167 60010 83498 20244 65512 59395 8386 40083 67430 8989 30541 93694 85709
255 24
71682 50127 43435 18796 1607 32953 4126 37609 79080 98795 88874 40977 75588 27822 1518 24440 13820 25552 43060 23798 31247 17961 44322 24393
