71
1123 18
22109 49102 50696 37140 20704 5692 2957 38519 10781 43015 202 33976 1318 25531 14297 60858 41316 6533
1976 16
22010 37407 28415 13570 42561 7431 3631 21195 23127 60752 36541 49387 38880 34877 33831 5928
373 15
58863 37378 6883 10990 2071 13178 27978 26296 55389 37409 2880 20583 6191 30159 29013
1959 13
9296 47143 11071 59075 18142 22117 28375 41096 17138 51568 47269 36399 12995
1869 12
36345 25124 38242 26082 50776 22336 26674 37284 37269 54750 44459 58491
1061 11
27523 37132 50375 13965 30128 25250 29440 28692 49832 25849 52080
2229 9
21436 1075 44225 45090 53056 30684 3178 55943 7917
2163 8
33958 4050 45578 3814 22987 29988 36177 49170
3252 7
42081 16391 25938 33194 28605 32749 20480
745 5
4737 6140 44553 57272 44930
2314 9
53708 21850 3462 25915 13937 36144 32478 17300 61192
5393 10
9729 48519 7532 2200 43992 52141 46954 52802 55823 45575
5743 5
10967 21167 44206 51924 5813
5830 8
46411 36887 33918 41952 36779 3212 27849 21933
4476 5
57231 5426 42867 48741 4822
1451 6
53802 55017 35935 13265 41723 22337
2772 4
58486 279 25979 30924
4306 5
1309 15875 19067 53312 51414
4872 4
45514 44741 14339 39715
4695 4
51700 1379 20844 61106
260 6
30386 42450 3498 55873 5033 55772
477 5
60340 59242 12169 56324 28031
4033 4
45368 60289 39597 30168
136 3
41733 14955 12119
2728 3
21210 583 40271
1776 4
13142 44655 6099 5245
739 2
30317 2739
3442 2
11656 36737
960 4
35768 3481 59658 51463
1139 2
52285 59468
4899 3
15510 2660 20527
5171 2
36989 29284
915 1
21496
6400 3
31039 49577 14243
4962 2
36625 48481
462 1
60102
4180 2
23443 6016
3530 2
60596 35669
4302 1
42620
2875 1
3518
5823 2
33473 23463
3835 2
55480 29336
2196 1
2297
4624 3
28283 16523 12809
2428 2
43242 40855
1837 2
57256 1080
4621 1
49123
5061 1
38489
1583 1
57906
4756 1
9826
1050 2
36167 53591
2755 1
41954
15 2
32450 39219
989 2
45260 55654
5479 1
31515
6643 1
25067
704 1
54945
677 1
1859
6169 1
15755
1263 1
23581
617 1
43803
4685 2
37663 22544
4959 1
32689
5730 1
46643
1858 1
15593
2434 1
19222
4944 1
23544
2543 1
15091
1195 1
19464
189 1
42041
3563 1
27421
