109
4927 9
8550 46636 3912 53963 53119 44835 62236 63312 67542
7612 8
56129 13491 77125 16485 57408 49804 58840 35392
1255 6
59031 40783 51948 14639 64581 51067
5127 6
42170 65306 41247 37220 53995 12093
2881 6
38892 63963 22395 54317 39430 73822
762 8
24436 58224 10036 64729 9940 18990 25481 77009
881 6
71064 72265 59228 35562 15119 60824
1553 4
17984 3095 20512 24499
5002 6
14662 75482 14149 7066 41012 3834
6008 4
70204 67239 66901 5223
2210 4
16769 11242 26651 15744
3426 6
51643 14182 39480 75933 45326 13842
2841 3
17344 58451 38725
1898 2
61045 1695
2533 5
56592 2731 3060 136 32068
7945 5
5504 17906 45284 62548 17208
6967 1
13338
5275 6
51191 5370 24906 3056 73815 75062
2123 2
38046 16159
358 3
30949 67582 23246
4391 3
11012 65905 44370
4215 2
39846 10660
1061 1
10668
2022 2
13189 59451
394 3
75850 33296 57023
7247 4
24648 47724 6743 38670
4858 2
45697 27081
6695 5
26538 9383 46189 37860 2202
5053 1
61233
319 2
38568 46098
6362 2
74155 47968
1758 3
40884 7280 48547
1910 2
4107 683
258 2
73848 28140
1295 2
30712 58199
4800 2
7983 38944
2973 3
26636 63904 68081
4617 2
60086 30390
6485 3
75740 17011 66558
93 2
28534 43008
4395 3
67826 21335 58280
3200 1
52675
3583 2
57836 20775
7428 3
67021 37181 20995
9331 1
8095
7688 1
22221
3546 2
33439 76345
6253 3
62957 59448 3836
4761 1
63344
7521 1
33783
5777 1
10418
4933 1
31231
7321 1
74583
3472 1
10822
7607 2
8462 44494
3703 3
72566 49347 32595
730 1
13982
9226 1
4570
3014 1
14299
6141 1
34119
10852 1
10599
4569 2
58506 48436
5987 2
45880 5146
4183 3
26315 67992 13968
2623 1
60097
647 1
40688
178 1
44438
2636 1
30402
4262 1
33095
1434 1
24786
3013 1
49686
3799 1
71020
1848 1
14486
2832 3
31073 73077 26248
3149 2
19932 38690
3798 1
70078
35 2
32388 53191
3515 1
62227
7466 1
48930
2581 1
72042
5064 2
58513 65580
7115 1
31006
1011 1
4581
765 1
34594
4192 1
71737
3679 1
24024
1966 1
57190
3454 1
32166
2586 1
15458
5007 1
18476
2619 1
59876
2391 1
54520
5485 1
10117
1338 1
35699
7722 1
71598
532 1
1917
57 1
72675
6582 1
73795
4802 1
20692
2073 1
23334
3220 1
72317
4013 2
19907 725
1715 1
40969
6220 1
52347
774 1
44765
691 1
59650
3123 1
48880
1244 1
23855
1414 1
10639
