14
1980 303
3966 38931 84278 24728 47120 34252 25076 43699 14192 93971 82489 20516 74165 41806 91669 2241 55088 88886 9940 40109 14005 48746 76247 18499 97864 54242 71433 21693 89273 2811 26177 88564 41066 83692 83427 94749 17115 63828 66165 80099 41049 39588 85204 78622 36117 10020 52725 96547 63629 75954 70383 72684 33218 6274 90921 63142 27791 532 95380 42562 69901 84883 67101 67947 41672 29452 8827 32516 59562 39114 13964 16663 73364 27442 90435 77382 57864 17469 13169 17827 61849 98675 27367 542 94832 86992 55433 18126 44770 97245 52690 21851 1363 97764 44425 97923 41088 34198 63890 38722 61496 92943 64926 75929 98289 54523 45395 4184 38876 7845 6139 94824 49281 60386 19921 97327 85578 32167 23916 52040 4390 10966 63442 10780 84586 45104 62065 96000 98269 32732 41836 48600 94007 97547 25022 37443 9109 86075 73816 56150 902 51572 48305 15542 39172 66917 95585 1649 55791 18298 96695 58687 68898 40804 99523 1732 57901 40336 36570 71822 40814 41204 59175 42435 20543 2291 40382 80318 76942 90449 83328 64178 10935 10409 6311 61744 63871 42954 87719 2097 26214 80788 26838 48744 97503 68162 83321 2103 2470 5248 63593 27346 68740 98864 50978 60119 77012 95609 36207 732 62703 9968 66979 58391 19082 52684 69082 84521 62907 86092 77967 44358 22050 89552 10890 86637 41422 999 74985 3319 75047 44537 54312 63979 33076 15358 63323 90711 10474 20548 45685 19055 78381 67081 38684 29283 47492 90761 21391 93284 9926 22467 75366 74081 20338 44651 48242 36260 66853 84638 66970 43797 72116 66609 31946 23918 45541 15934 89633 5711 56602 55843 38268 88968 45238 44816 33401 66902 82746 22157 7883 64872 87282 89186 3007 80967 27757 28613 57428 51975 1670 12231 93038 26016 33553 99160 25604 23148 2286 77188 40826 23795 78347 16548 89442 56250 86553 23719 3106 63332 39722 4581 1332
862 178
35194 70526 75801 47058 42472 45176 90121 23104 92787 62344 65970 49729 61450 95917 81301 60420 14692 25204 90212 22440 73187 87765 65319 47440 93529 10209 20216 59238 63757 399 64781 14845 80692 10126 58951 10714 18209 13532 43376 69856 89533 21027 4154 47450 1303 91012 58658 48655 419 43192 98159 15322 49407 9545 6366 28855 14769 98766 9611 27943 86839 96560 41109 77020 50464 85188 36615 98801 43331 55543 24862 47937 73493 91351 83931 73698 47184 60187 5425 19405 59015 59754 20387 83709 33748 7404 17984 67295 91527 76944 10631 81461 44960 46344 74822 14612 98961 83168 2977 29193 56358 38068 36847 30322 18237 5346 72893 64201 64351 8199 49047 98334 3361 52890 46393 29142 19895 30196 31176 26730 4030 13828 90077 68940 45590 48478 20206 19328 83993 57706 82216 70849 94455 52680 29272 79340 71368 17654 55264 72193 15667 15627 47368 88441 17838 21267 84738 30426 69437 99829 97997 97963 22882 84320 10836 20102 76073 50021 58719 29435 20281 44319 77754 42151 35486 54645 35595 70567 49813 10686 88063 35353 93669 18083 53418 82343 74305 9534
2951 101
89540 70367 53617 66648 7980 77069 43718 69817 40973 95837 43615 1847 1825 5433 12069 2231 8081 94482 17776 83621 84149 99944 28847 37624 41535 69865 60145 82810 22012 11805 20726 38574 60183 17899 59725 3021 58166 22812 66845 58655 7768 94871 53337 59756 32771 16096 62898 16032 39438 72521 31616 12779 55747 20466 42767 36740 71531 14924 35104 81293 90011 53078 23799 42889 75971 56955 1890 52838 13736 7903 44495 57451 99643 11935 91969 63531 70885 66383 20169 47123 19216 53340 44335 49665 28482 40806 50252 41366 71150 32950 27923 16744 52772 42816 45650 95631 31327 15176 59043 89300 29963
2056 63
71620 57710 64148 29835 39603 80149 31742 66623 77437 39653 28568 55046 43616 55080 45611 81757 73251 74234 81033 56009 21885 46417 73533 21424 67881 82790 28486 34408 8461 61766 57322 78944 18939 50483 29031 2975 34480 91436 9397 85407 91953 14858 1884 712 7424 53472 38230 49668 91421 83143 78185 76598 81420 89262 62653 35966 44842 41371 11869 5804 31088 62175 8495
328 31
56778 79170 80529 68173 62018 29430 17287 28544 67233 82334 66996 33640 70690 32975 99471 42211 10147 45457 44969 59523 24410 24138 67853 10257 50134 2323 41 47032 50748 71633 41923
942 22
51700 38005 13204 31454 32240 26469 18054 85307 4682 60511 8585 8332 82877 78151 8534 52761 88475 13470 65340 22309 76792 40652
2222 14
76899 82883 36655 74767 29497 28591 8780 7110 98745 38893 64517 52613 73476 22583
479 9
61013 62004 69179 8193 56412 79222 31915 84821 77046
72 4
42163 80307 80319 50379
1878 4
8132 92831 20274 79991
224 2
62393 23363
1454 3
90827 87814 10155
1752 1
42719
967 1
67451
