26
792 182
18451 43879 53575 72587 8832 16214 23137 83878 14304 96867 14486 8608 8346 7039 47905 37819 30257 98646 68733 54207 40066 78715 47598 22098 60823 7395 73798 62900 72216 1974 32298 16164 18846 66756 16638 36256 63098 10611 57612 79298 49421 79639 73271 4539 89574 79360 43847 61596 49377 20986 64422 2067 95175 84592 83845 40358 43667 15399 76489 96951 23046 19422 77805 7044 34676 96454 25786 18771 56950 59422 48731 64792 31870 72187 64774 22533 84230 95071 3595 42253 97041 38346 12975 97693 65244 15793 23796 57111 66053 14988 82084 3201 87765 24388 93491 86417 37269 87190 66859 95557 52680 18996 68903 15382 40031 3113 24742 45599 14997 91449 81480 22284 51657 40063 95264 98501 62812 60282 78190 5022 95398 58619 70833 27731 94910 35192 6635 92672 78463 67235 7198 33058 95119 6492 84695 67893 6511 94230 74326 83784 12863 88374 90878 72988 66377 61216 31171 87316 78842 63379 8198 54087 63605 97451 44394 84803 59519 78581 18105 33533 19793 17182 18472 25671 8921 47314 99562 69363 96641 33668 93080 67015 16449 63898 39811 32717 5533 29471 70574 79152 43936 66101
3198 139
89948 77893 49441 91245 54795 74879 85999 28293 61057 31042 48657 1928 21629 41527 1053 10199 34188 48503 96384 36122 87357 78890 70619 52213 34868 57763 44614 97440 78903 85148 59698 85107 16579 31571 76553 57935 58685 64218 16437 43790 16611 85864 78373 55608 88226 58151 80942 56319 14699 69665 31232 64264 86124 60297 58357 72021 50903 46259 19365 19185 32375 87902 37608 79868 31642 68367 88120 6004 93347 35022 52579 33866 33667 14698 51023 90517 16279 19407 37617 60088 99937 84672 27583 43980 98853 19008 63187 20358 89442 45910 8932 48416 19078 53703 29412 10919 46519 39949 58524 56594 93358 60185 33573 9001 30820 76019 42321 50091 89147 53327 66235 25290 28724 73795 66414 62001 72065 62466 17794 61576 87499 36194 48276 89818 34847 26729 56113 91242 41278 89361 30476 46747 77693 27513 31871 74348 89315 86288 89191
1874 104
62048 38643 60976 76260 62540 29170 52821 28992 1594 42091 74197 83788 92117 9032 39224 67069 31527 86006 18412 90349 31201 86782 54614 78529 1636 42477 85749 32906 60318 86984 20245 31499 41382 18703 3234 78486 74281 62237 71783 496 38841 62381 57312 86309 92209 85093 91343 21114 9294 85211 24449 25730 74640 91109 35185 17691 24685 93138 65357 67333 13764 31554 30896 42960 28339 5408 89044 57869 52676 50098 2856 52795 46561 9631 63398 39920 82850 37596 58329 78302 14747 69781 77442 67380 68830 97606 94123 83805 30437 69929 59703 72705 91889 26939 16861 48630 85780 87989 51658 33009 58907 74606 17326 22474
2930 98
19685 64701 60932 15248 45156 74418 61536 35879 4726 61589 22064 46362 58817 54939 43798 28712 87434 69150 38188 64681 53225 95748 54470 95068 83271 41364 82693 63368 94840 7413 31635 75778 79808 6494 70881 38842 63119 99381 6392 75580 3665 6808 66267 72813 30788 46166 54883 17569 41960 8634 104 17712 15465 81126 5139 36449 58371 90436 956 43486 4367 40560 46972 50076 69700 23539 68739 77428 7996 67404 96157 89433 20532 6342 5325 725 89187 59523 14880 36452 90986 10870 39111 53912 79489 10885 27541 69832 35206 83290 62852 51861 39563 66726 24368 58282 86021 89700
3763 68
97896 13711 91205 91693 67674 76654 38164 60974 21833 60727 38507 99129 54511 39126 13354 90703 94430 84349 60193 65117 49886 85011 85281 93015 8430 95675 24509 56226 53727 22460 66620 53264 50060 5646 63047 61893 48979 3016 53583 15704 34562 80882 9325 24091 58380 98459 54942 13679 98342 28867 2667 78353 63585 31716 9349 14373 91491 73797 41918 71653 57673 8992 34076 17341 89847 93919 14581 42959
4607 54
10148 81398 98705 7714 46660 68691 97812 88558 59537 73253 73679 15561 83505 37742 51904 845 7640 9610 90326 60951 89386 62062 40173 73747 77970 94120 69693 67109 88640 4495 71440 16005 13914 57795 42226 97388 7008 35511 5703 7148 45053 27198 33355 25968 99445 75857 80967 5810 53866 8910 302 1896 48593 12874
3322 51
31285 16206 28557 24088 6255 33063 75767 16075 53658 51199 18194 55387 71732 23842 85897 99035 89335 76057 51705 26190 43632 84400 21289 63449 50139 2248 54053 18818 70491 99468 40593 59747 53574 71901 4427 81699 97406 48844 67798 35528 77905 31744 42146 18640 24827 63774 40080 1184 31952 93729 98073
4124 30
84023 40491 65534 1419 34714 99133 62457 88126 90217 84555 60629 22231 48682 62715 74282 3529 81727 58195 27798 76900 35859 3316 72155 63105 61648 16939 39555 61209 85358 19174
4112 24
18170 60835 85598 73887 63816 42276 33416 34610 81590 19730 3104 12318 49327 72991 43434 58970 67901 26070 88007 45737 84253 55894 31252 77279
3579 16
79075 70987 40569 40005 15824 12405 7001 80277 73621 89900 23063 69810 32423 17629 34738 60470
741 16
36915 24945 24620 53213 49904 99122 96499 15720 34039 81989 65527 86046 23868 74380 64031 53579
4153 7
26966 84128 10625 46620 81034 89649 25780
1936 13
87311 79582 42183 13081 46860 29737 35886 4248 15260 83953 18626 37531 93939
5369 6
41488 22515 65775 49241 47157 73990
2402 4
62847 54140 38451 77240
4430 7
80196 82096 24434 12307 18436 84255 39414
2564 3
4009 64680 9484
1074 4
99201 7388 77578 1977
1218 1
63824
122 7
7663 79528 60311 89932 62748 12406 98486
2836 2
23261 94391
1646 1
32089
4495 2
5728 23624
1735 1
40055
3271 1
86993
4098 1
20438
