255
0 10
20651 42190 72400 57512 27256 27975 22949 50533 16753 74158
1 10
29525 57675 66042 29726 12280 67132 75936 37514 25645 51845
2 10
72766 30713 74173 14451 44176 6997 15245 70780 10860 20313
3 10
50046 47995 15141 76230 32013 7776 22299 27610 26779 58307
4 10
3667 40901 26055 3215 1302 43948 6886 64070 24134 17697
5 10
11585 77276 32993 27472 65451 57416 56165 60906 50090 60702
6 10
7193 74032 22537 11000 38173 30556 17131 35972 12069 72281
7 9
8564 29240 76369 35838 71305 58670 61656 16605 21721
8 8
67061 2468 49094 15050 57876 51506 13670 17490
9 9
17533 4889 1844 35910 51718 7422 18956 55151 41911
10 9
61008 11386 16891 26113 66246 8433 61490 2449 21817
11 9
41928 29653 58071 9774 22611 37595 68469 50430 70497
12 9
13168 31309 68775 50710 69726 22504 64297 6748 1824
13 8
51116 15180 41607 62476 64161 4138 52190 42069
14 9
43826 46514 70534 3865 6573 33095 68024 8241 52195
15 4
55031 35659 20378 76428
16 9
33179 68261 43630 23532 69855 36426 58013 62182 985
17 9
50166 73805 18459 40486 67180 77639 36909 72847 11681
18 8
73647 22850 49096 23466 22079 73201 11493 59113
19 7
75648 31059 68721 4464 67893 6235 10166
20 9
1521 60999 2383 40285 5996 54938 54265 16656 49941
21 9
56764 32919 48978 59656 63390 20424 73140 77175 72139
22 10
24121 44826 77009 7278 18774 31945 18112 15505 12339 25287
23 8
33710 5182 4073 15897 58816 19141 71330 70265
24 4
44547 68621 39217 61825
25 6
34562 10206 77494 25698 70679 45023
26 6
50978 32388 31761 12322 12152 34506
27 9
25930 18048 26280 43825 71850 73680 31088 2218 4773
28 6
41615 42989 19663 5871 31725 20762
29 7
1144 16856 41301 49912 17266 3714 47989
30 6
18302 42191 17176 13449 6679 53659
31 6
46627 58088 49044 3350 35747 46013
32 5
49582 22533 42373 26107 75574
33 8
14945 9391 13649 54914 55126 68338 9119 58910
34 3
54669 30873 6120
35 4
45510 50640 12839 8407
36 7
29927 3979 64295 44830 472 66640 63589
37 9
44468 5608 35387 15802 503 45407 52730 27961 22868
38 7
33456 94 73649 66748 34656 74005 38088
39 5
35031 73477 1189 58518 32404
40 7
75330 53669 29906 35552 14672 50513 14007
41 6
37379 50110 65796 43509 55903 21469
42 8
76038 9852 1495 50095 8866 70648 1743 42379
43 6
75317 23562 8771 60676 77377 33435
44 4
64360 42529 12419 9960
45 7
11414 8403 62123 47108 30919 66059 71040
46 6
12246 7730 67585 25310 67284 54557
47 8
51727 32905 51673 2036 45067 13886 63582 29209
48 5
15160 31745 14485 18856 53253
49 6
58190 38220 41517 4064 59027 20239
50 5
51576 24011 44904 77200 4420
51 5
72863 73441 37651 75096 67911
52 9
25111 74629 68099 16159 50031 2212 33515 30286 50042
53 7
37370 47280 37324 35238 76628 14100 53360
54 3
50558 21854 46445
55 4
2475 44583 2471 24416
56 6
39163 2765 37861 1723 61078 41472
57 6
52659 67205 13437 43641 34774 21891
58 7
28280 19008 56821 10745 21751 40324 13162
59 6
63743 35561 54940 1479 43736 5443
60 7
65668 21276 51952 38608 36610 43037 23079
61 6
34926 677 27190 15099 25750 3209
62 5
74895 76310 34294 61422 68476
63 5
59185 480 21771 11608 21011
64 3
2300 18346 57395
65 5
74080 21125 43534 7160 50975
66 3
11147 18235 77006
67 3
73261 63170 69295
68 5
26598 2263 50236 50155 35578
69 5
16726 21277 4236 4410 74862
70 8
42528 16249 30890 49302 22278 56412 71233 54214
71 6
21310 30112 1219 10228 61257 20387
72 5
32015 4381 5139 4900 13248
73 5
19026 29857 11140 40140 29611
74 4
54846 33172 54285 35393
75 6
59308 69966 55481 35931 21661 16501
76 2
40830 30618
77 4
33795 8307 21051 8584
78 2
76100 32550
79 6
14802 44621 653 71478 6631 59373
80 4
48451 40173 73652 12966
81 4
31107 64528 37614 73612
82 3
70796 36599 33908
83 5
66210 47313 9252 31341 71965
84 3
10326 27100 32063
85 7
22384 14371 9323 8504 62251 47085 50003
86 6
36879 66086 75416 71060 67322 15455
87 3
21165 46338 70465
88 5
43824 20825 37631 26563 68849
89 5
55241 57201 59997 22976 49855
90 3
7063 9678 46148
91 4
4710 66532 17541 75439
92 4
2585 74446 20501 2001
93 2
74006 8971
94 6
4901 19894 7803 36361 46870 51170
95 3
4035 7965 9414
96 4
34689 38434 370 3582
97 4
69221 43212 71219 9125
98 2
40716 76228
99 4
30809 27332 7449 14022
100 4
35616 21079 50616 27473
101 1
31529
102 3
73760 54252 9203
103 3
16500 20420 914
104 1
65006
105 3
36933 1401 66236
106 2
42132 30373
107 3
73737 37748 36659
108 5
68146 7624 70344 44774 2098
109 3
74982 1918 40375
110 3
74958 31970 58551
111 3
17415 33702 55575
112 3
41832 37900 12270
113 4
54010 34706 18560 33396
114 2
26743 26109
115 3
9872 24288 61571
116 2
62823 8053
117 1
53252
118 3
37887 65986 10071
119 3
20807 2724 47122
120 4
44841 33661 2904 2023
121 3
74160 5654 61572
122 3
70390 1904 6115
123 2
13762 41298
124 3
2546 55321 13745
126 1
71866
127 4
67934 57136 29808 63529
128 2
33128 34440
129 4
30801 37440 42825 8439
130 4
14740 8823 62887 69779
131 2
70775 15666
132 2
58031 72199
133 3
75143 49386 15522
134 2
53362 38023
135 1
14839
136 5
5176 36023 62097 66152 45683
137 2
69911 54725
138 1
69429
139 4
20577 47459 31331 4417
140 2
49823 53863
141 2
22305 64018
143 2
74518 12945
144 3
25355 1590 59786
145 5
4892 33466 66766 74703 42232
146 2
37153 61640
147 2
46986 19925
148 1
8190
149 1
3852
150 1
60338
151 1
41041
152 3
22816 48388 58277
154 3
67649 77621 25203
155 2
4845 70467
156 4
6819 33658 64619 6181
157 1
6428
158 1
52254
159 2
56464 16513
160 2
51073 318
162 1
56589
163 1
7900
164 4
72396 68793 6572 69321
165 2
50543 975
166 1
11962
168 3
38710 62999 20826
169 4
17568 10009 23867 321
170 1
51001
171 3
15753 33502 32476
172 2
64106 51562
177 3
66564 29974 41930
178 1
16340
180 2
19954 63111
182 1
20736
184 2
74513 22627
185 1
25767
186 1
54374
190 1
15330
191 2
47165 62703
192 1
37785
193 1
50229
194 1
35888
195 3
65377 29056 68521
196 1
47564
197 1
12681
198 1
14635
200 2
24208 67044
201 2
49248 34450
202 1
69644
203 1
31289
204 1
1199
205 1
3961
206 1
6807
207 1
19580
209 1
56968
211 1
61826
213 1
55917
214 1
38867
216 1
31323
218 1
77799
219 1
11021
222 1
1884
225 2
5693 16916
227 1
10726
228 1
34898
235 1
47318
237 1
59583
241 2
17895 56925
242 1
17134
243 1
4104
244 2
53154 23084
247 1
68589
249 1
76106
251 2
32167 57556
252 2
71838 31832
255 1
25770
256 1
15645
258 1
39310
259 1
33384
264 1
32111
266 1
15964
268 2
48982 20655
269 1
20404
270 1
71067
273 1
58573
274 1
10753
279 1
17721
285 1
24658
286 1
11732
291 1
58815
294 1
7046
298 2
49408 49348
299 1
9219
302 1
70270
305 1
31939
307 1
69908
314 1
75567
316 1
9208
318 1
52231
326 1
24377
342 1
44592
343 1
68604
344 1
10116
345 2
29767 34853
362 1
59761
372 1
65401
390 1
9397
400 1
66234
405 1
75958
407 2
18444 50509
409 1
47624
425 1
52980
428 1
17287
441 1
15418
476 1
27306
497 1
14086
562 1
55004
