107
2036 17
85774 73284 96214 74136 20150 76878 62876 82987 88213 99447 39597 20647 45897 77847 3342 90198 85702
4843 14
11657 11878 57669 93275 28660 95890 75032 90524 20782 99786 33401 52984 11059 49742
4394 16
26780 63094 73247 19193 15984 7504 82426 57541 26009 99593 44363 26492 75562 69916 57539 72642
1973 13
73191 50393 18241 75996 53102 85719 43042 94426 54318 58991 13948 68768 72985
4347 15
82049 37307 41565 33898 42684 23002 47423 67621 34705 12037 38710 57738 74619 94566 41468
1429 10
27177 4929 54430 16100 26549 15481 89431 64401 58244 6304
3926 13
38876 36224 92792 91653 55236 10496 10729 75281 57128 78272 90776 34921 45420
2551 8
71721 51534 34836 36773 97750 9625 79268 64069
474 10
42037 83147 59334 72974 94034 20514 12971 49162 55247 47036
3696 6
28526 42389 38137 5250 35093 51698
5388 5
45982 61084 31347 49072 31490
2168 8
80200 69935 12318 24188 1908 33508 91001 10129
2376 7
67449 58339 46883 20383 86910 93711 95760
2162 8
76749 649 99605 97027 47899 85615 52375 3614
635 7
78163 31464 19792 86928 42173 82897 20076
1257 4
49577 66884 14613 90703
2351 8
1241 75177 64356 26546 5954 3659 44415 20093
1020 9
36795 48568 8898 40510 32446 27380 98884 45231 77373
1262 3
67467 47761 37045
2988 8
11521 39199 39349 18615 31676 35869 23307 26429
4454 6
15862 51168 90248 58945 3693 82082
2726 4
89726 67958 91098 55276
418 6
56024 73350 29235 49975 14440 73493
4040 4
89887 67836 49387 42914
97 3
71413 56684 49856
1373 2
1619 44846
1892 4
36034 56667 46271 15465
4070 6
24711 68471 70449 32227 36957 41904
843 2
2502 66558
3116 3
46019 16673 72819
27 2
13657 87007
419 2
27087 47101
3647 3
6123 74706 95628
1940 5
38719 56523 72386 37000 92680
258 5
41887 28631 95973 60799 2973
3861 4
84248 17906 73568 1355
2952 3
9418 72299 8584
2401 4
54615 99732 6006 75749
233 2
97632 36682
2536 4
17834 32929 4970 31847
3453 4
3645 60201 59460 46811
253 3
94636 29557 70738
3734 2
79710 140
3492 3
48959 79095 53772
3206 4
78492 66740 673 53817
2684 1
91034
2909 3
42466 49084 37773
3348 2
58793 88376
1389 1
85707
2529 1
42340
3293 2
75312 40693
5246 2
87137 24647
4956 3
71604 79261 24909
2955 2
59008 65980
3312 2
65448 97360
2815 1
52987
3638 2
56710 24465
2290 4
20058 25712 50491 69527
4587 3
72563 42642 26169
360 1
92556
3239 1
76308
415 1
26629
3325 2
99180 96741
1329 1
85595
4316 2
47438 11417
2371 2
68602 11423
199 2
89309 4702
3695 2
32168 3412
4710 3
80622 77871 27275
115 1
18298
2019 1
33097
5303 2
60808 72368
2788 1
6427
4354 1
99481
2052 1
51557
3496 1
94029
3481 2
10687 77170
1198 3
87790 23100 2934
1734 1
11462
1184 2
10524 86334
1342 2
82148 91831
2313 2
63179 32925
831 1
26283
1693 1
61424
4390 1
88547
2245 1
12543
2402 2
78254 77019
3227 1
36363
2082 1
71310
4527 1
2529
4867 1
94235
943 1
94076
1220 1
70292
839 1
89327
4314 1
30922
3472 1
32068
1656 1
54848
4301 1
76296
5748 1
63337
5309 2
65638 36919
591 1
6769
1945 1
54653
2213 1
52779
2945 1
64299
4066 1
61078
1039 1
25426
4185 1
55048
