33
2691 128
96331 96193 23679 91090 63945 88889 48908 21289 78249 33178 61436 36421 3047 20110 3803 50496 76580 49340 83572 61985 16137 48169 9402 70790 67595 28213 96653 38011 94022 45844 2658 95305 63175 76389 49224 1047 42133 92256 54486 17373 36982 18802 42042 38399 79693 36606 78301 79114 12410 86438 5243 99847 51876 376 41608 61062 71600 34535 17197 22478 85085 48021 20429 7633 9646 94525 65464 69851 34793 6682 60342 88080 46215 69423 33692 95039 11531 12 68515 67923 43951 97877 38495 95727 46318 90860 42091 44121 31759 76343 88376 15392 2107 84964 3533 80149 58018 86553 66686 76155 57590 71671 6506 28864 57336 5105 94622 57164 85876 11874 1149 3049 30745 45999 37968 36303 47823 32106 61795 64423 4908 34586 14897 37986 18341 76248 69226 3503
4157 102
38355 8118 64366 81911 12264 29626 96660 30948 87903 20413 35404 26609 15047 71851 16145 96943 22244 30705 5951 59744 24474 81203 79412 69101 13389 66591 70421 87621 13203 74019 93647 82467 92943 16612 24898 77945 82271 99839 44255 17933 91601 69209 27538 30467 35136 22903 93811 24346 76132 7707 65624 59381 80685 90673 54355 77609 65011 23558 82340 45572 5029 99994 62795 36038 78953 86240 98065 88961 36523 80530 47780 35000 18599 54329 90670 48060 56768 66025 2266 78195 76957 5513 13767 76916 63629 12936 27446 9123 74763 10863 12326 59859 88835 65995 24241 51203 42271 52462 45772 94607 29641 77866
3589 92
50984 30983 49371 24984 63273 67262 67319 59127 61106 31933 21790 55270 70474 41744 47656 75664 29528 17915 75055 86861 96531 53488 85446 15617 40479 44558 41493 13301 19461 83704 44787 39829 29808 34197 45075 29603 68361 30026 98420 50231 10157 84014 79350 69894 11793 65576 19522 57974 7339 73002 97876 47138 3780 57058 14246 24643 40495 52840 7915 1185 45741 80869 33373 66964 18658 62433 15283 26651 71589 58440 4588 51334 82659 56651 62686 48501 98817 17569 76527 46723 23581 93755 2401 51549 7116 34477 75023 29592 61008 7191 56214 1966
7760 61
63592 87848 39076 16973 61290 61574 60678 60517 81288 15714 32644 61390 9752 80724 64567 67153 91641 70880 81992 60136 86118 3083 63891 35158 97660 66631 73408 37483 84055 16566 2071 77683 75142 10848 52338 53752 17370 52016 41188 99344 58151 94556 3967 93276 3767 31744 40504 51154 32547 28182 14436 13099 50357 45950 1885 25182 56491 79298 92873 67179 77054
855 43
4939 59305 40139 38772 72012 48076 54967 35287 16250 52180 75425 41895 74139 98047 67399 5169 57560 88094 24170 95983 67392 87462 49938 90422 33687 79736 42737 22135 20475 32583 52512 23590 13619 98112 72016 3241 14801 24503 27723 48765 14125 85836 86791
3035 43
7584 19362 55767 98747 9201 12913 79250 75271 34539 41084 50366 95142 87583 29453 82695 75065 68644 82876 82320 70783 46645 61768 61438 7848 98726 73151 83937 91466 61554 45810 83309 16029 48517 58403 67839 99174 59865 2269 755 95729 92860 23702 93208
5033 44
44982 78759 58795 8035 34326 4830 94971 34635 46534 45927 10008 32977 140 79122 53193 49600 69854 34162 34930 8668 11689 33342 79399 30522 43835 65014 6655 82368 30271 17336 17763 86979 9080 74333 91281 20113 98256 58273 92801 86157 35656 53520 64381 25773
2405 31
95492 47692 99440 10452 61238 72909 82142 96221 56708 44909 70597 60423 51285 89275 38675 17487 61819 31674 75574 67998 55471 795 96958 457 60803 92328 19606 69273 18926 14322 36976
6704 21
8582 35816 59884 37801 92712 91853 3648 69375 54493 20828 55810 86236 82620 86217 99354 69018 54505 26268 86342 58999 65479
1440 21
33234 25771 56250 77131 91855 59961 68240 96262 82739 4582 54470 96009 7168 39499 776 5787 19045 33086 66789 27083 72260
3697 21
55952 79083 8432 5848 48860 99188 35315 31969 2122 58022 31120 30235 64183 31608 95118 98457 76231 4078 68180 54026 28009
1822 19
20748 95778 28878 29889 95473 14491 4602 79682 48279 3714 70868 80361 75886 6709 65082 75426 8156 30835 81160
4189 14
1659 51004 41282 18729 11652 95066 83886 31931 2492 21334 7446 72421 23337 83044
3451 4
25395 65402 94295 2009
5018 9
90628 32786 92638 48652 1071 2181 40853 6647 78118
2054 9
48959 68434 6889 94983 73694 70871 2924 89934 42257
2485 6
55487 11657 78934 18364 16844 74983
1098 4
75846 49930 63102 31936
326 6
47517 31509 98147 6784 99834 96191
2864 4
6522 81076 6379 91754
884 7
41236 56216 88541 91827 56004 47508 1411
7382 1
88755
6672 2
93930 3679
4777 2
67074 48401
687 4
91395 69564 26026 94446
748 1
41304
3187 1
4855
4090 1
80729
1831 2
32157 89537
22 1
58730
1468 1
65596
322 1
39966
1110 1
41465
