47
6574 94
64378 52834 14806 94775 49707 64397 64210 33742 79965 55899 1456 73565 5871 97052 52343 16595 72769 88824 27919 89281 36697 70469 70167 13243 78764 73437 49989 59814 90494 2254 51366 12680 90760 21583 27281 41751 21086 55922 33630 14426 35675 41319 29337 7142 7742 53424 16333 22893 36302 5496 60626 46911 54261 43171 73444 57905 15852 78019 67781 76360 78367 15671 8549 54765 47717 19682 10618 12022 4504 14254 34397 81677 70839 21607 28077 62505 83430 91253 15024 95349 58584 16315 71026 2809 30240 26401 84459 9811 80379 31733 34774 39065 65591 66805
5094 83
97375 86525 27969 9131 26491 86082 20421 67822 13755 65276 40162 15936 43960 63863 4439 45309 90221 5148 68493 33238 23060 43248 69843 99698 61779 44038 81025 86351 63381 97628 66017 37924 95548 78778 15039 11783 92449 4077 99985 50746 41663 82873 36946 2210 53673 26462 24969 51225 24122 75984 19384 49633 39269 37757 13975 1951 61466 39917 71031 43800 72771 29080 13386 59962 80482 38687 74205 20670 70154 11303 7923 98363 95559 87911 86029 29863 48019 63487 78949 85587 49586 20855 2220
1750 73
47486 45187 98500 70720 13811 83723 47173 35124 97122 25052 9694 65537 16893 6337 27621 14648 11458 30471 63913 64683 35382 58472 61893 24032 9967 66027 70991 93905 3457 58575 8356 11634 26210 93323 83432 37897 55500 62487 17613 14710 59234 71534 41702 37128 97873 90239 11526 87142 72785 99348 65423 13225 84411 8236 45262 68571 75242 11938 51028 56287 49005 41292 33028 4082 95477 66198 17608 50952 81767 46327 31500 78045 64789
9566 65
95425 51044 5558 93280 96223 31495 3821 21802 62796 93940 77893 35848 16497 12114 63468 41600 96439 85423 80763 1877 73197 2060 30635 80595 96570 15829 27267 27504 79194 96937 68607 91550 10890 58425 37799 69702 59894 34533 38430 84049 975 12413 24414 57164 32594 32301 1670 51388 36536 54720 35708 72071 9486 53128 20336 23467 50401 58679 78859 84046 76643 99916 14470 19333 4453
679 57
14787 76540 41588 95763 39878 42791 36150 30831 12352 66171 93251 71045 2450 17939 78709 81460 25962 82394 19795 49325 94644 8502 42029 13969 66922 72333 32233 77058 16244 81149 53574 66934 19936 12990 40424 76251 14343 4713 99143 46389 63384 17930 69580 73954 91027 83722 70712 6188 99852 49945 7338 32742 35520 69253 45763 11382 74417
259 52
57000 65003 97190 14727 64690 89567 79699 8569 2623 78470 75889 52498 87008 90788 96941 15803 48217 45010 30592 4351 9569 98981 72147 32974 27492 88464 14847 23097 79317 71162 35907 41905 51996 9849 1826 55337 89291 89099 99695 2260 57708 39874 40954 60583 91195 46489 14645 69809 85055 13695 15153 19545
8439 42
39074 7374 34804 1323 67323 50065 72965 9139 17666 98461 41565 53731 14023 1232 87870 44452 19983 27780 59772 74574 2953 67387 19050 96972 17454 85992 67529 88380 51925 23257 12054 15602 89340 54994 25389 90956 74756 62664 58830 3255 81582 78358
7943 33
60471 59083 37579 74693 84053 47555 39351 3905 42008 26896 9388 40906 93166 60690 52165 45933 32067 57204 4606 24031 94197 19052 22161 51866 89517 61446 57344 56647 88074 93099 40627 98525 42719
4980 40
21074 25139 58101 6667 93111 50704 67172 44664 3538 3533 26045 54648 6692 64273 52749 40867 88028 64587 79924 31452 27240 84360 29343 8999 90511 84687 56405 82403 20416 14064 91202 774 39926 36569 12096 10613 9889 80040 82871 55799
9425 20
79353 76766 66055 18418 25601 82187 50087 95895 73890 66411 72097 93639 89446 1948 92703 58041 85014 49691 25811 87562
8533 23
99247 83683 81191 81498 54110 40944 67872 76368 69470 45252 36633 66731 50856 25328 75205 50314 97762 34667 13405 87209 39290 86773 74349
3867 21
30584 17294 91887 20920 96503 50326 36896 3941 4921 85693 69582 73632 18278 22378 21757 7650 67454 89721 89016 89961 22667
2459 17
18755 5988 41471 77024 91030 76268 95430 17100 94364 63206 19686 53725 49995 16280 52436 20181 72119
812 19
83439 16157 64148 91386 11880 30038 36801 71215 56999 21330 92459 1427 31959 86801 3836 48904 80889 46754 1185
5479 16
68791 11089 25859 10050 717 22240 62098 96242 31775 85790 70503 14212 78461 66938 28809 46537
6769 14
77208 27737 17363 87526 65767 10021 414 75578 69140 33619 7643 56558 36460 1688
1274 18
10316 78219 69556 47456 81970 40238 99775 67310 87690 60648 78059 30896 63935 58953 18307 94609 89411 95602
9585 11
58245 11582 32325 70114 3842 41598 67236 25552 2838 22337 27660
6144 10
49250 10106 34047 3494 93198 66247 93546 22217 5386 67436
400 12
37767 83154 84675 539 57688 85017 15192 54464 26109 64902 28603 89507
3786 7
97829 96336 10694 76105 196 63210 10122
7464 9
91802 46340 42122 67011 4155 37735 67275 88344 7199
1083 10
30718 89075 81129 69289 69304 92598 42002 17778 69229 53479
9668 3
99545 34373 53318
7775 3
96387 52222 646
7087 3
19312 58485 84942
9335 2
18839 81793
8929 4
50090 99098 76008 87867
4393 2
55744 80346
6245 2
47102 58821
3849 2
50711 56337
7474 3
1606 90572 84358
7795 1
47492
316 3
73666 61636 19082
183 1
32905
5584 1
54344
9556 2
63255 77973
4300 1
68419
3187 1
66545
4163 2
16034 81472
7850 3
13656 44613 95611
5222 1
6870
9737 1
15028
2642 1
84014
7627 1
70086
5715 1
28326
6093 1
95054
