121
3296 11
61665 1607 45453 50728 14260 42070 28847 16698 53542 56476 56585
4898 10
46651 40652 62157 6644 44084 55438 58353 27759 20867 38101
406 9
27537 27318 125 56817 2382 32424 25028 56082 40591
203 6
34479 60000 41249 26034 46552 57349
118 7
13578 39502 46297 1907 14776 59269 49723
3804 6
55425 5505 10621 51913 15790 30331
3215 8
49789 7376 3749 36825 45498 4063 9459 48898
3609 6
7789 20611 14919 5577 37077 61603
6140 8
49464 43389 21150 27140 4550 29051 23855 25304
2011 8
43946 20337 1738 127 28123 1097 28996 8786
4902 7
57481 27629 54472 55377 1785 42370 9649
9981 4
34061 24953 43173 40730
1238 5
12364 61241 59040 35138 22985
2236 6
40188 27605 17143 26496 45827 42923
5155 5
22669 60538 39226 9276 2676
7646 4
29668 57210 53521 34468
2221 4
45260 6483 36212 27548
5422 6
38243 10756 6929 31003 52174 46321
401 4
60240 17973 16214 52472
9858 1
11275
5058 2
24310 53362
3111 2
17122 55641
9446 3
54313 32773 44367
6023 4
28815 55887 22480 58448
1694 4
12964 54080 30924 53552
5486 4
60152 6105 9050 52625
4545 3
28828 38749 4192
4106 5
48032 60729 44574 7224 59017
1572 3
12346 52246 52298
1140 2
37560 2997
5765 1
58660
4928 4
42457 47102 39103 32016
632 3
21973 554 21419
2418 3
37215 41108 55230
2983 1
20452
4893 4
4626 28534 10577 42695
1003 2
53209 55743
5968 2
50010 14343
5159 3
55351 17873 22663
938 2
52128 45631
1208 3
3734 20873 60843
1707 3
60287 36395 33249
540 2
37960 14072
1581 1
51589
2311 1
17478
198 1
61390
3637 1
27495
58 1
51027
5215 2
32258 23817
5365 2
12579 32785
5921 2
42662 9678
1667 1
12768
1477 2
59226 22470
5364 1
9740
5632 2
15145 5588
1393 1
24068
5597 1
9605
6150 1
17005
2055 3
3105 17798 28036
3682 1
25009
4618 2
18697 23662
1766 2
25806 41232
3117 1
58188
4771 2
26529 59512
4012 2
25712 58131
1843 1
55353
2302 1
61232
963 1
24636
5566 3
50012 34710 52400
5646 1
49026
1741 1
40240
5764 3
23750 45416 46158
8736 2
20828 33437
744 1
34769
5612 1
60931
3183 2
32473 9484
5645 1
42094
5406 1
32510
1124 1
20350
448 3
23416 40112 247
821 1
11143
1256 1
53001
7342 1
30995
4722 2
49112 35111
402 1
59983
1006 1
27004
5958 1
45378
8912 1
38815
4146 1
1017
6291 1
35649
3204 1
15228
7148 1
9397
2847 1
33054
1484 1
17934
1859 1
31944
3695 1
30629
1648 1
20761
1495 1
45371
1921 1
24397
1740 1
18006
4588 1
28612
5858 1
33712
4971 1
40140
5277 1
41979
808 1
833
665 1
42646
3676 1
13363
5874 1
13223
6206 1
61935
3393 1
45087
5380 1
25714
3310 1
4160
3037 1
18648
3074 1
22711
2109 1
26159
3906 1
49991
660 1
12906
1642 1
3791
1771 1
24613
4552 1
57537
6081 1
13679
