13
2651 328
29971 70557 64501 1290 98360 35024 73680 49684 66512 56240 58399 30351 64752 77670 3871 82830 5551 81855 91421 35471 56008 7956 97973 57727 76667 97382 35285 96252 59306 8188 47166 15943 92060 29884 55433 29168 86671 3618 18622 3783 15240 28575 51967 27145 70149 31746 64231 11322 28037 35224 36460 48838 71030 40664 94143 81948 61787 68906 58268 12120 19826 13344 27710 97180 11096 79077 75358 2886 67231 3429 20347 31685 12968 22349 51075 46170 46866 62476 2372 17248 30437 76091 39106 69825 89280 2547 33468 23302 92963 62675 40909 3282 38723 2069 82498 55644 21734 8976 71060 35042 83669 98462 22740 29638 5297 21621 42847 47740 85371 8072 47746 34041 33432 57323 73656 71409 49159 54468 4258 41775 29975 52202 9458 67129 73776 5326 47317 57503 61888 13305 64611 19539 15585 73677 6912 37381 83399 42754 11273 66199 27895 16491 54726 61977 87694 39191 7694 39126 83439 2484 85163 88358 49139 81025 83342 60152 25574 59282 82564 68846 28828 86723 89470 32527 20568 65242 6950 94429 9294 10737 39634 72895 65735 85127 34212 75906 42308 94626 3573 60808 68199 68190 61414 63707 55910 34187 71703 18762 84979 69547 64129 42871 46813 80989 52818 85080 71353 3392 80795 9151 76390 483 24112 62292 21888 82264 18091 50410 80660 20673 83407 32167 75277 44993 31121 77803 94377 23087 11802 68713 52895 97405 39255 40543 34125 43990 57575 75871 86197 22220 90629 86638 70546 40009 89288 17167 45840 40829 5221 64181 80041 32218 18730 88332 34354 43344 52856 89039 50885 8752 69924 20980 73753 7184 5464 49900 52816 63180 27194 6800 83513 82434 55173 67627 25324 15174 10866 66016 19183 72151 75564 13904 10284 12978 83749 40212 80135 84121 8027 98107 20801 71053 52801 48565 39078 22759 97094 44452 26792 23915 52688 71189 51067 1989 73698 39111 59775 77646 89540 37284 8475 35210 90206 69503 71446 37561 91789 37798 22520 80961 43382 4176 68672 18541 46389 18093 41101 5424 9722 27220 87751 60805 13112 86485 1648 34404 43169 97992
1206 173
19504 18342 74680 44528 43099 41844 20255 75950 16659 69037 11755 17803 20128 8154 98786 86890 1233 21197 13834 68729 46077 26730 57476 2315 70057 46700 52254 15338 48021 95022 67362 50433 39069 74916 91989 92943 99390 80947 8973 69319 38162 79250 18067 88210 79661 91331 79132 1794 1503 39841 14735 66675 71921 76852 1700 83748 13627 11870 98485 76516 23510 29636 2878 57338 6885 3885 29606 99650 75491 52522 39965 66980 32236 98784 78631 92115 17640 4960 98284 33015 63408 15269 1896 76139 6012 99883 66377 92017 68357 84682 76639 27904 2109 80278 39811 64981 16930 36801 92576 31495 93587 83926 19835 47560 67662 46265 19122 32452 93257 87092 82437 67092 10020 143 97121 20560 71485 81040 76720 77643 26627 75188 96526 65724 63381 62568 76043 24945 64555 74380 94618 19491 7316 48286 3437 35704 80303 22063 41994 93337 81241 30419 484 27430 79701 74536 37964 79908 76981 23973 94985 57322 94291 86751 13924 99745 86534 13391 56236 12820 87862 87872 29574 40786 74194 87719 61817 63102 90024 74714 53045 73758 92238
1621 99
46774 81615 72771 76338 74404 41356 6985 50327 97945 83953 33813 52898 68456 22402 8883 23580 75225 88248 62322 75779 61691 12354 82042 72572 76385 15708 8729 42273 94456 44577 92357 30770 25874 63994 58552 64783 64079 28191 18635 27240 596 25010 35628 51626 8445 87979 5122 96453 6259 78617 69297 73888 16605 35992 67490 4391 83963 22513 50556 49558 56962 4220 50245 64100 50793 61531 26868 78221 56828 71351 17434 684 37157 7241 55192 7923 59293 65598 60458 40757 77486 46384 89678 67593 18791 61552 48685 33113 31666 45977 85920 30116 60641 76862 28330 67333 92113 54411 52167
2291 59
11107 95752 38751 11254 99352 32903 98585 41387 53314 29294 96122 7960 41461 5520 33876 31319 20135 16546 75590 94643 34173 5981 1876 71155 21938 31124 42155 41035 16365 68958 45553 3684 20272 21109 8116 36560 55394 22947 28656 83004 9468 95006 64361 48493 69943 70023 79495 2449 25928 64635 33135 32335 3493 98261 26300 70284 55126 49232 64362
2565 27
96387 37722 47846 21642 1842 13400 13910 41773 64367 89413 13193 60803 25794 81112 29046 25810 34077 99346 96342 5931 37063 24830 66484 14588 95898 90210 96194
1997 23
49449 713 57219 28505 41756 87343 79804 14116 76802 2909 97229 8122 15580 7173 130 37666 50607 16749 11427 95711 92973 77200 35185
404 8
18603 53145 15892 35767 84734 43391 33838 59351
2447 4
99338 50167 79169 92559
2835 4
14940 57605 58097 59710
2662 1
77144
1415 1
52787
417 1
38878
1848 1
87067
