226
9906 13
71504 14907 66542 74684 30731 39356 69144 41540 52220 48617 66076 8852 57427
8692 11
69396 9010 4436 66179 79521 16612 74742 46491 31630 36499 66558
12109 13
60527 46422 3962 25463 48976 34636 77306 12626 35798 67017 42625 31767 29241
9360 12
4439 15303 55938 76966 40901 58159 26135 1719 58162 49003 20166 12050
8561 12
70178 51838 64710 54730 10841 41522 53599 11020 26695 11190 66513 18562
5259 10
4745 36512 13276 51564 17333 36493 62317 18894 30888 74452
8202 12
77613 29890 54337 72166 67099 55790 38792 39202 80295 27276 28282 109
7547 10
13255 42733 78070 11776 75284 33621 53441 32328 24160 21518
18685 9
54408 6106 9999 38934 6463 32082 43703 14657 35143
5541 8
40246 55993 72293 34795 32004 48926 65692 72191
4526 8
69237 8783 51923 25115 36617 4954 46418 26413
6107 7
12559 43132 20030 30724 15093 23363 32184
7932 7
74533 22462 17806 72427 59548 64567 11082
8304 7
70998 28770 50722 65578 48251 36970 46087
9208 6
41317 76950 7504 20155 27911 32042
8071 9
33812 63957 38853 1723 25698 20327 28986 36028 2260
19396 8
32889 40233 74324 44356 63433 71956 38550 59726
9484 6
60935 71631 4949 30317 22315 25446
9567 5
70337 53248 20942 18193 29955
10098 11
35164 8754 40606 41447 66462 45585 11969 33017 44232 55405 38299
7003 8
20526 36409 78801 74133 72843 68048 37806 76633
3230 6
31525 59708 32080 38108 44564 75305
3540 6
64299 37361 71260 72719 21698 9694
2955 7
70610 50085 8687 40426 45015 21808 3906
10567 8
16909 18080 73200 69287 72283 21365 16231 11299
8727 5
816 35175 80494 5610 31850
14564 8
72964 72960 28603 3863 18113 19007 35036 33622
6749 6
58462 17490 48969 71052 45304 47276
10718 7
15914 64527 2858 4206 36953 11131 31267
16888 3
46008 5798 10837
6651 7
30222 39020 38313 56121 12125 40373 75352
18243 3
63235 56709 32111
6388 6
54222 8519 3785 74239 35206 51215
8388 5
5985 17970 42863 62744 11687
6524 5
37773 79058 6192 16746 38610
1304 5
64304 77387 68714 62400 10664
12283 5
2121 52522 264 78427 59624
11840 3
54909 59491 56788
12794 2
35735 4116
7748 5
8318 3942 13367 45308 785
335 2
15120 65337
10619 3
38508 27407 9793
750 3
48775 80566 18733
2925 4
69132 62269 2418 61636
9343 5
34845 17013 49292 34896 3654
11365 5
39841 38607 32589 23749 36358
8321 4
60698 9633 50698 28999
2828 5
5694 65336 51833 70409 38555
10387 3
35956 76692 75575
7558 7
72145 40496 76530 21990 46973 36849 25724
6962 3
8652 7968 43796
7613 4
78533 68784 9613 58285
12633 6
20083 73423 60551 62949 41168 54384
7054 5
63620 15353 78379 73904 70739
1706 5
4664 1164 72574 11081 36949
3650 4
77234 69704 49904 40484
4690 1
28621
2800 1
74434
11705 8
32792 50992 54383 59210 44115 19453 2254 51279
7879 4
3592 41651 54786 23944
9753 3
56740 1896 34554
7385 2
32350 47691
16820 3
6124 47570 21196
3223 5
9515 18921 52618 6452 11085
344 4
70092 46253 19770 20880
7204 3
62115 75460 29971
8684 2
43748 63209
12515 4
76228 54370 57355 14347
6493 1
61691
6902 3
7068 39601 72560
10888 2
48461 53610
11641 4
12788 51537 9726 5442
887 3
2108 21804 9645
3153 4
57076 40404 1098 78073
9401 4
34591 51568 43220 69454
2280 3
4774 34244 57358
9770 2
5665 34152
3095 3
35387 43285 77097
3935 1
48391
871 1
26768
6479 2
50322 81034
12651 2
40454 72673
543 2
8065 13488
6175 3
51634 41134 41955
6563 2
65771 6612
4801 3
30052 17693 70589
9799 4
31422 73302 38570 23130
1730 2
31018 73949
8138 1
19331
2003 2
671 20340
5212 3
18301 4856 6312
7425 1
311
11138 2
6835 67405
6274 1
51383
9350 3
50869 35330 17558
4275 2
10330 43517
4680 1
56902
6830 3
66706 1089 20535
5692 2
11877 13999
6874 1
13782
1384 1
61505
2107 3
42344 39467 22837
9825 1
55715
10032 2
53693 29968
1913 2
53866 77846
5146 3
58220 17544 31786
12622 2
62766 30027
2032 4
5579 54436 55355 62681
10179 1
37692
1815 2
51548 5152
3484 2
21949 52481
6004 2
33794 1286
10729 1
46106
434 2
48174 61488
1687 1
23968
941 1
12713
2347 2
34855 1476
388 1
20533
4902 1
54372
9913 1
35780
10075 2
57374 67287
17055 1
53554
12567 2
63344 29175
7416 2
66362 51031
309 2
80015 11922
8330 1
40640
1394 2
23884 31829
4365 2
3008 29892
3306 2
74635 29918
1983 2
41324 63610
19307 1
64292
5717 1
62031
590 1
65287
2933 1
20724
5784 1
79720
12000 1
32600
419 3
41140 47208 45476
2009 2
2419 42492
8554 3
70302 41649 74844
11945 2
14856 52390
9292 2
52025 61835
11120 3
56929 15542 60431
11848 1
56909
13307 1
41666
2313 2
56604 30953
13687 1
12343
4926 2
78234 21976
7099 1
75040
3163 1
73863
9000 1
13957
15219 1
37848
8949 1
27523
232 3
14382 51455 3111
7641 1
80719
19763 1
78854
2547 2
8301 60670
15042 1
58440
5626 1
38001
11426 1
1518
4848 1
48859
6410 1
9117
10535 1
14549
5372 2
70764 9693
8530 1
44019
1209 1
55736
333 2
65728 62798
1613 1
73615
9854 1
79357
2287 1
61365
12492 2
29112 80169
693 1
18770
4029 1
76245
5337 1
77983
12533 1
61794
3296 2
8583 44027
2135 1
76265
18231 1
28493
14105 1
48696
13029 1
78573
9303 1
49221
3413 1
59010
7731 1
43521
1224 1
6082
3449 1
13286
11833 1
53673
4008 1
16582
5161 1
3405
2833 1
63887
11902 1
24337
3883 1
60688
2343 1
13752
7884 1
53939
3722 1
77412
5092 1
2546
8777 2
12955 79254
9346 1
55370
3204 1
10906
1510 1
40300
7124 1
32084
8787 1
14140
2959 1
56197
5931 2
50068 41020
6226 1
9208
9554 1
634
2996 2
69052 43188
3187 1
70718
3506 1
52569
6864 1
75269
9273 2
22786 67726
5703 1
31660
9844 1
22356
3267 1
12742
3749 1
52600
7329 1
15911
9647 1
5717
8977 1
46209
2999 1
25590
11596 1
40024
1228 1
49570
1139 1
21833
6078 1
77922
6380 1
47735
3990 1
60570
4780 1
19714
3983 1
37827
9002 1
26106
