91
2499 38
62963 4258 98996 39240 69162 73203 4956 75743 6878 29707 46379 60870 56920 86895 11835 35535 3238 81239 4742 59526 88611 38701 60617 75999 47087 15291 17090 90413 86457 55188 85780 45152 84917 42911 36507 67293 74771 10303
6420 34
77263 68192 32912 19104 38954 68051 28210 23110 24016 64643 95520 83642 14624 62429 90411 1827 88951 12827 36298 45457 67411 76984 11291 45980 36320 83968 49703 34590 11724 21471 14059 96593 13002 59189
4771 33
96750 59086 79231 37063 85094 17635 97582 77052 9163 59298 89564 70349 29267 10593 59255 34648 73287 25054 12191 17210 76334 53086 19564 41109 28677 75907 24001 59572 28957 30507 47242 59902 62212
4436 31
95394 82463 15995 72188 49768 5048 63560 7042 49031 16102 91103 19654 689 23831 63868 80330 59738 2433 77867 16898 35860 12590 86905 22134 99125 19680 11219 63717 91932 31393 91039
2379 29
31673 37601 98859 64126 90882 14013 48719 22267 36383 59169 81603 80818 44732 29468 89327 95300 86717 30670 4820 68964 95809 90963 33169 65451 3780 65685 5620 41583 68046
2909 29
57594 21082 23599 98678 64109 89420 36759 72156 2705 6248 139 59248 59827 1608 88997 62842 21187 45024 41437 58502 99948 7888 33608 49673 98288 37816 55800 84509 46256
5028 28
12241 69306 86644 68365 60440 50850 80032 58151 33318 87764 60137 826 5247 97281 16174 37223 25508 99016 87211 49953 81158 39470 69204 45763 41683 4793 86293 67679
7142 27
22640 41532 56780 5626 8148 76149 91833 94035 9196 85139 65376 26633 20534 31113 82089 31652 79741 53142 73446 55028 5825 9023 1015 16105 13824 48046 27609
1249 17
99496 5169 27614 67617 89301 37789 22516 65002 79457 4575 41410 16087 56056 62670 19090 60614 66799
2167 25
93347 31237 32668 26457 58384 57393 91245 2151 79463 88730 19376 42895 62096 1220 62546 11243 65778 61718 15004 77362 98750 23864 50856 24835 47517
1955 27
16451 13895 13914 14300 67806 54518 43580 77315 14548 37389 56288 73717 33948 70067 66836 42887 74168 81387 49051 47658 37424 99995 67221 32491 88373 7580 89203
6137 17
36406 9681 65923 70357 29002 87507 14078 44598 83253 40022 86531 21463 53861 58302 24730 71951 2583
5294 24
82977 74091 77427 44004 44585 78165 79951 7716 99987 84715 96927 32399 54618 50091 77210 91974 35042 68858 35486 3481 59346 521 23025 17687
2214 18
61041 38992 33339 73496 47828 59160 25194 786 19713 65110 11563 45936 99882 71536 17950 67972 63444 88740
2470 17
30875 76177 58191 21291 35779 36467 9872 84075 29771 2243 59161 38216 5803 95305 47767 10898 9899
1068 16
5987 83284 33995 39999 91742 34378 17027 73854 79364 43168 7847 38848 25922 99184 52976 66245
1486 15
39407 8190 12242 29217 43325 11989 27154 81765 35879 93393 53554 86474 49425 34834 41631
2225 12
65639 21911 22007 59330 64223 16129 36279 39438 98834 95982 58186 53380
554 9
414 86755 24833 3226 40249 30149 99421 12022 31493
1487 14
86893 24095 98498 10398 3569 62795 97903 51124 49968 59811 76008 92649 41700 66480
2170 11
352 82019 21251 73989 30148 52119 36324 64774 91215 66108 11792
2278 11
585 44471 54756 89694 5695 64822 70312 72013 43841 71667 66231
6019 10
81992 18049 95389 22137 49823 91726 80420 25609 69458 24962
2684 7
17772 17671 94753 86817 66478 1326 52232
2183 13
51893 92568 97897 83092 87105 10328 32198 30508 39829 79189 74862 11409 4724
6123 11
79964 51943 79660 33918 82597 79888 91903 87787 94040 20070 28356
18 12
98027 62359 21833 23086 12562 63752 48058 70140 80077 20434 74953 69442
3880 9
38707 2691 29445 6687 63199 27859 17895 2246 46023
5068 11
67714 90049 84513 50198 54829 80485 5737 36348 23160 54684 5112
1254 7
55310 88444 99652 27885 10990 60627 60041
536 5
64937 43655 76336 11640 33015
4926 7
16871 6343 6889 22321 42455 8510 99169
194 7
53677 80940 45166 96740 90069 19216 78595
2707 5
48317 71982 73312 16633 66271
5808 1
32174
7170 5
63660 91694 33054 63532 21912
512 2
5012 9486
1616 9
78268 89316 62532 85526 15332 28899 80351 68702 21404
183 6
73362 49135 73035 68597 12282 98079
7744 7
75203 91615 72541 27934 78897 17946 4873
1510 7
57079 24963 78513 48669 4684 62048 91567
3278 8
80378 32127 3468 14770 86674 71734 33815 34351
2321 5
91247 10781 20884 92995 34530
7629 5
27284 94802 18958 5863 40017
3357 3
64392 45055 28792
6204 5
83745 11231 25632 76266 81324
1424 4
18621 20875 70407 75520
3036 4
89804 59374 28844 99657
6301 6
13282 61635 96793 20521 73460 77969
6618 3
91849 86512 94616
2554 3
97950 53403 67989
7265 3
62116 53047 58213
7353 1
9452
227 8
32536 12619 49803 70446 4279 48045 39410 19794
6709 2
1244 78817
6973 1
33025
5806 2
32841 68296
2753 5
98119 45370 2494 53202 47484
515 4
60833 57279 48712 91447
5952 2
93461 49858
4566 2
38613 84055
718 2
75192 58790
6636 1
45662
797 2
78530 80721
7790 2
57952 25090
2004 2
36246 33594
2457 3
31158 68373 3315
870 2
57756 2586
7666 1
87002
3575 3
28456 26506 3579
2346 4
27306 93915 79127 73872
6305 1
44957
1831 2
20774 28211
5556 1
6388
3294 1
67420
2045 1
3765
5144 1
84023
6672 1
63780
1869 4
17416 53892 21716 78234
1994 2
66807 38201
4586 2
23184 78772
6011 1
75132
3378 1
18682
965 2
42216 16660
2333 1
38433
129 1
68492
5279 1
36680
1465 2
19848 7304
3339 1
70343
2248 1
86715
239 1
11076
