10
1053 324
46930 24240 128 41535 61394 59709 78645 58056 9283 308 46860 34433 91610 1940 47882 40649 46101 2601 45753 79589 62362 48246 39372 36271 30077 77565 26128 82573 90312 37684 12573 36063 80013 34376 82613 6254 2187 5189 86434 28455 14850 42050 41688 34212 37947 8068 80219 25376 20362 64599 54609 64982 66279 83496 8913 62217 61853 33853 37054 75812 86647 36676 26759 51221 22560 14088 66434 45512 88458 10158 20412 1141 56435 26587 7894 97946 44071 55661 42688 82140 98039 5289 66644 67154 15362 42227 90147 52321 67063 69169 15022 26174 65127 44981 12376 88051 17112 76104 6646 38932 19729 63498 2842 65905 94180 67772 74531 28288 98670 93322 27026 335 40896 63311 26614 20082 22938 58100 3560 10740 78355 13377 33985 31368 34905 20819 3127 36348 90467 98970 73896 3776 26328 36279 50410 71861 18017 57464 84320 90444 6325 62475 43142 69760 52052 77317 33670 95017 89738 37207 82779 90495 17769 50344 20546 49055 96013 23060 62728 40761 60769 61825 42694 70180 95617 68439 6086 88796 92142 79574 567 3763 90818 27394 77232 94764 68407 76219 89773 76401 54036 27640 58501 56604 44079 42673 62146 66133 98928 33737 88979 41761 37857 72161 37798 62281 48227 7555 89864 65706 83864 45977 680 18158 22716 93328 49683 82317 88557 72130 11837 35109 24272 78151 64492 52944 59670 4244 45928 20417 99541 39232 94490 54356 62726 13807 53543 6757 93357 64531 49688 8292 64442 77524 40637 18487 16937 1411 54366 86512 40130 77513 54510 81571 29870 85324 53285 55925 75485 80898 46030 12431 43615 93600 74003 20912 21052 38021 57772 69024 48202 98575 32437 54976 15339 80433 42730 59278 1159 21883 87303 45064 8042 44081 20924 37520 96111 20651 97072 47489 58757 34713 90338 95187 15602 49351 14665 76615 86038 51704 58868 63747 9433 60102 6754 59083 9335 39302 81624 54729 40904 37886 27335 2147 55333 32344 36017 62346 77065 22755 77639 12954 70492 81190 99171 26378 9815 22916 31008 5662 90795 98183 80725 54017
1114 175
22271 42480 47979 27176 39291 5276 69068 91430 11693 28220 27294 76618 2103 81325 12594 26733 89869 67875 82607 60692 30998 8759 3627 99122 54913 77667 22802 12635 7417 84041 96288 88576 73798 19082 19462 21804 73408 15228 9864 19138 26487 56839 69053 70649 79175 70552 63983 86779 52345 66036 26522 45138 81556 73393 28484 81532 22335 86867 85417 52054 40148 57441 95452 44412 23074 83934 86320 32155 36517 70363 35492 27747 23053 96396 65337 61137 98974 21226 26909 97392 9441 50387 53756 89048 64805 95966 67361 54569 14323 1152 11809 3969 90554 12549 77764 92471 22255 89098 22763 35601 37425 77194 55189 1699 20138 93338 26017 68777 76272 50912 7455 63005 35095 3505 75498 79450 56667 43996 20772 98988 75084 63199 18164 67155 39640 90416 56828 18814 93209 66241 36669 38390 64543 95076 58189 37423 64620 88097 53610 57228 4176 68804 83180 27665 81522 96091 48051 59514 5206 80176 54192 10046 48272 22144 58144 45470 27582 52651 59345 86787 72091 14586 1247 10480 86911 51482 27002 53043 56837 42740 27499 39747 92219 30943 49165
66 94
73337 87350 47650 31749 65240 85835 63875 52740 72328 12146 67119 58155 47031 29499 53003 66681 96606 58762 66768 37748 73505 48938 10347 50815 38856 36977 88737 51116 60553 37212 45805 18820 70441 73214 29308 5380 96401 17284 5320 6929 29557 69608 29932 33539 83365 63491 50826 52277 19824 2367 10403 91108 26509 2839 16769 83684 19557 91856 56495 21873 15969 89933 26135 99013 1428 17578 82646 20636 71990 62367 52032 38396 84239 31742 6222 23735 3038 35246 58859 91790 28507 20066 41458 8787 84740 57581 69445 38998 95217 33912 74490 83530 77555 18825
113 70
75548 67854 11422 4666 39675 37778 90774 17444 93494 90633 48806 59359 60680 43021 83812 74854 3817 94121 90472 42005 80678 22638 56584 97567 35397 25618 7231 12829 76088 75887 91971 57234 1406 30107 36746 90172 74195 88981 27443 84282 15872 22381 39091 39693 7057 83915 95358 41775 17962 10300 42564 65589 65821 69671 85118 20477 31880 64054 60038 17574 33217 97656 82480 30335 27295 65182 94897 82645 12485 59529
95 25
16217 23702 73794 82476 23314 60747 95588 79129 76357 30187 87095 67256 67567 6714 74061 56996 15717 93392 63673 28248 88640 9425 78896 6781 33454
1188 15
6690 72209 92311 78927 83501 53624 38131 33631 75036 68192 80038 63086 69025 28498 95440
816 14
93891 8729 77818 72760 53473 35001 65563 65246 35862 98803 10308 90641 17556 60713
529 3
22836 62593 50790
236 5
12297 40629 81198 57757 21932
1143 1
83144
