122
1263 10
74302 15211 91004 33681 41247 63139 378 39847 451 16753
1421 9
72611 45787 2517 78426 32491 1122 55716 46667 5068
279 10
74797 9870 46444 87108 21154 19990 29464 18336 3590 39521
341 8
47465 25432 45739 86424 5582 18189 76870 38484
1200 8
49659 26182 9650 74626 13368 28084 45507 48123
924 7
15235 21702 38104 23175 28805 12848 14297
350 8
3886 61247 68031 25149 89259 39641 38988 74680
1315 8
42500 8776 9176 21319 93265 80067 70809 70546
1053 5
8453 57692 16884 48496 76924
850 7
152 70491 94985 67914 31281 51046 55260
834 6
31403 65780 94940 21570 19514 80085
71 6
53436 68053 78460 65302 83786 60303
874 7
86977 77221 11198 58391 77327 13113 63106
557 5
69308 73485 18057 39735 32954
234 6
82319 92542 88638 95141 91304 65155
247 5
22914 22431 15485 34947 35584
970 6
93458 6617 23328 65798 35915 78576
96 6
4804 46191 27256 15248 83217 48448
1176 2
83969 52238
1085 4
36465 6413 24840 81574
416 4
70714 59422 93483 77156
294 5
80027 80858 16006 12570 51074
200 6
15566 9716 75215 55703 23199 31128
1058 6
25785 37752 48694 10575 41895 59595
1379 4
58366 42562 18891 84861
163 4
18872 49046 4684 93331
902 3
90657 35523 91429
1328 2
57980 24862
935 1
52960
1242 4
49366 83900 35559 17774
220 2
82248 67275
1370 3
35405 26549 51068
356 2
55209 79196
353 3
29035 19225 24249
502 6
22647 49222 34939 39859 60216 54747
1145 2
28773 53169
5085 1
72388
309 4
31680 34208 52196 22334
680 2
10741 9542
691 2
54782 41805
1207 2
89637 68456
371 2
52787 43754
5904 1
75602
5466 1
82639
1198 2
8042 72603
822 1
14323
1241 1
62086
158 1
60723
1284 3
45007 12679 12431
1411 2
12047 8297
122 4
56648 94916 50898 87942
708 2
71929 24808
6323 1
38396
13 1
76614
770 2
79697 72720
427 1
26379
1475 1
80471
917 1
44291
1313 2
65761 28835
109 2
73496 89433
1118 2
59620 65251
405 1
34492
1091 1
53537
6841 1
33777
1388 2
13964 82977
3860 1
29331
1122 1
38834
4194 3
4826 12820 41349
5938 2
87685 42515
1306 3
33998 38667 50856
673 1
19611
1120 2
4834 4207
1204 1
26435
6711 4
33385 24169 1447 88396
1885 1
50472
303 1
39131
813 2
26707 74665
1372 1
44672
6473 1
18635
1301 1
67392
2527 1
25611
84 1
14302
266 2
91465 69876
939 1
23125
1110 1
68006
226 2
64926 14855
1293 1
62232
1338 1
93962
1052 1
83351
289 1
45344
4089 1
32175
4912 1
64232
3313 2
82522 60780
4 1
8658
534 1
8372
5172 1
55911
6217 1
54424
782 1
52634
5814 1
1139
1238 1
55100
443 1
36740
487 1
44767
288 1
67706
871 1
41416
5385 1
24618
1149 1
297
6571 1
26336
245 1
86177
5189 1
22761
863 1
54490
3210 1
8798
310 1
15507
216 1
49981
587 1
74585
5004 1
94315
5769 1
43828
789 1
63648
6128 1
93390
6030 1
77261
5353 1
62608
338 1
9969
978 1
78173
