35
84 150
82653 26101 44090 39516 7493 47926 5360 13882 42060 50947 77951 82984 34214 25966 54796 3381 42772 49311 66219 44789 3395 47860 10275 46200 3441 96083 3838 853 78163 40757 37024 56313 15460 87866 41915 92157 30800 33560 74821 13174 23265 87184 17340 82415 47773 55157 71325 87089 77523 76283 97904 35973 11874 54693 61767 45162 54459 37158 28274 90217 98135 92691 45909 66969 23028 84675 1311 86581 21313 21041 29257 12701 9168 60766 5965 20267 27026 63596 99497 85472 43834 12750 40941 94864 77601 51500 48022 53153 99313 11005 34116 92018 4466 2129 27285 14834 77533 87015 84853 21418 9872 24484 15305 81715 86889 27329 22620 83025 27129 16829 863 55233 41773 10215 99133 16136 84845 70926 15998 48406 50332 71503 14456 60149 25293 65116 63128 35238 2110 65638 88011 98610 90567 27470 64996 44533 42564 70084 85291 11330 26872 22448 64839 95695 48805 36168 86511 63196 23261 75905
12 129
37177 87947 2397 73858 66886 35167 8101 33774 95350 95069 15145 80792 29247 63058 90676 28689 26832 84572 88376 1868 81837 28348 99610 51656 21047 49794 58698 33874 18362 53738 3430 34826 88507 48137 32299 77040 41495 75161 23495 92138 92373 72420 92008 5 7542 30013 85128 5837 64873 67408 9715 22641 39069 80993 40636 97583 33381 58403 29758 52361 63666 95377 15801 40318 13306 57929 69420 82991 93024 94128 60941 49756 44830 33878 53958 63993 86492 6151 96665 36269 13334 35852 88541 84130 61875 6840 4539 17075 88980 72579 50006 32509 27568 20452 99871 65895 24452 63320 8066 12977 19870 15565 44715 47654 27069 85410 80630 37150 88038 217 80420 33679 91441 75996 8196 64778 59873 32422 91515 70723 25349 22978 78112 17875 36653 38843 14406 4309 1790
3983 104
79704 89077 11941 81001 85637 89304 10234 62124 892 47903 30246 30640 26538 39638 62269 906 39163 80250 34506 87308 39232 92103 98883 12014 70523 11992 9451 64899 85067 78068 16294 87622 535 42059 54206 7514 84279 57301 74501 35092 53090 33927 95947 88094 42845 14754 18342 9208 28131 83819 39963 54955 44110 51628 52638 89259 21509 74981 78767 93360 21399 30341 33536 42802 36486 83464 21687 47220 18422 2137 25857 64507 99773 33116 23341 12430 36483 95984 47148 12998 64140 87442 84595 83230 20059 33707 66531 71205 83148 3151 86718 9557 83793 36790 82790 98933 70100 70998 28937 30731 66833 61502 421 91765
5127 87
8379 52583 78202 25186 10429 2499 43869 44466 27205 37739 52935 94727 32759 11621 29270 36255 45270 85101 65398 48580 76835 18866 49713 64350 5898 27376 73839 16602 94687 62973 60588 79970 40036 51195 16547 96873 97162 86744 43515 52468 4199 9896 94874 54205 41202 89043 21212 61135 51648 34379 99562 4722 49973 66377 61948 26984 36319 53258 14963 40927 86296 41200 6094 73629 20405 18185 90883 58704 62874 85879 1823 16359 81716 44598 97640 27926 5031 55552 78821 96580 96839 33181 34348 62704 20629 82129 71637
1974 67
15738 87306 38637 79860 62534 2731 22946 18744 60482 54695 19498 12378 14029 30628 31077 24081 65411 82072 9160 21562 41089 21461 45515 50580 87778 35308 4833 3824 14477 77405 94796 24163 28925 91659 29034 64588 40250 30571 40062 18181 47142 58052 52339 48311 82351 22485 17185 90812 75807 34242 66537 85020 88403 51658 13535 77487 19761 18400 41285 10974 54943 9631 56111 66557 59602 59065 60386
6569 68
56860 17054 81884 71829 3628 6740 68992 54556 39466 12081 59949 49754 8135 8610 65653 38320 87285 74838 69005 47580 98233 63583 16784 79672 14812 3219 74162 46669 10341 61813 25854 1023 31810 50902 69680 48004 38997 73699 13487 40501 87049 76455 56421 23457 49064 43704 51209 31706 72897 61358 20149 7064 76856 13127 98932 1995 63837 58962 30637 44118 28342 85068 70077 82528 9046 86385 84523 43774
3570 59
60259 23522 19543 4911 13870 51771 64912 38896 48397 88497 72304 8284 98518 44985 62901 67638 56748 40207 20161 46533 92797 48133 78062 87391 21341 75606 86663 23294 39114 66144 9108 6561 75026 12664 76081 52706 83592 77863 12823 30462 91133 40686 72922 71385 86750 63617 71592 67948 78964 49023 72528 56439 62256 10118 77984 87486 31500 56763 12127
2464 41
78886 23287 65424 20399 53148 4102 16955 73462 70098 12505 71488 45199 99888 15753 82066 52531 96203 46723 43832 26457 14255 52434 58571 76009 14875 78856 71279 50860 19976 20512 43634 55690 4839 97894 34460 22397 28401 80098 4493 38995 70135
5491 34
28188 16672 25004 29158 59701 85401 15673 64758 65910 20157 65106 56517 36681 93316 13059 68986 17453 21197 18010 27911 42423 63092 8047 98462 5465 8077 42664 1001 64357 3290 79895 76114 8753 2011
1143 37
5011 670 13814 27892 94780 8831 30862 4585 95516 38741 34060 16594 58453 51050 28550 16179 94871 89142 46832 44311 9594 88811 96106 30680 56574 99891 24197 76331 81339 81468 24459 45164 98181 15888 91295 38231 52408
558 21
94123 49862 46668 62606 32765 20765 89144 88938 93891 87104 84102 7983 8537 94643 28899 71517 49545 32076 52378 17971 87352
4960 17
76750 31391 43348 68627 27619 30747 23548 43781 34689 97223 16798 99234 68621 24297 88729 50487 58049
355 19
40375 58158 88261 33305 9558 76872 2496 25480 20646 32867 60252 66784 75838 51123 63987 92546 7589 12248 73916
613 13
87572 32773 25128 10243 65011 20366 53628 75438 81148 85300 96967 29163 77876
2074 14
86636 53256 39728 57387 78859 18403 5188 9513 61440 52186 14048 75954 98878 79028
2038 12
98204 48178 69652 71093 75160 50546 17058 25331 9105 8669 80527 23226
2798 6
52763 14191 75828 92057 49145 2728
673 9
44230 20680 95216 34440 68338 36694 48409 52654 54207
2639 6
11854 69493 10398 3242 8173 90636
6696 6
47803 26279 3779 48095 10893 53859
2720 7
88245 95150 58843 78585 63864 9793 28100
3302 4
2174 46237 90896 51327
2674 5
40803 47481 89635 60032 20876
6100 2
98007 95206
2680 5
61201 99640 70471 87983 53131
6582 4
54439 6669 22721 88326
5917 1
47260
1535 4
64462 70241 73626 39034
2012 4
56154 7939 59674 19672
1166 1
66822
1431 1
88747
3126 1
68497
2392 1
394
4193 1
63580
4508 1
9729
