119
3961 193
2956 8731 5534 31019 29451 17221 28923 4963 29942 18104 19340 6135 32469 3267 7359 544 14106 27376 24315 9497 9755 81 4462 1398 10771 12928 3665 8685 15076 18960 20873 7996 16161 2809 10441 30088 14597 32292 21079 28270 16540 12309 23271 36296 14728 30531 7552 4783 18998 28978 27688 1841 5434 8013 5979 15233 24565 17657 27195 8103 13332 32565 12130 532 33208 18275 905 2020 34034 12030 12299 6959 2993 19073 17588 32055 3662 20802 25723 26463 8098 14058 28080 24207 25905 7423 10797 23366 29638 10155 5981 15615 24040 7464 34715 6613 25657 14536 25614 21041 6277 17209 15838 26126 32253 7694 35258 28735 18058 5035 15826 30566 13608 11881 20987 29565 3492 18106 16094 13420 19872 31939 14225 773 20612 24157 21489 481 14312 30234 6473 17371 2101 13993 548 12351 29753 1257 20490 30868 25383 11018 18022 16517 26793 18038 6557 23548 35472 25833 1187 27441 36276 31967 32113 4480 27160 8272 12377 16852 16663 11913 21848 4557 22078 11937 30301 20740 8637 7472 32797 11668 21447 20295 25749 28190 22415 17402 5301 23076 26215 26798 10626 29269 2997 22280 6779 33704 36257 29694 32237 25064 34587
4866 187
14070 16173 15412 4048 8801 21393 11423 29677 34977 29326 32552 22461 20036 3389 2419 25187 21669 35638 5313 26250 15339 174 26089 7264 16887 5650 1213 11182 2469 32458 5022 33789 8364 28620 35711 35338 9357 35053 19064 903 3628 4589 27914 36060 705 15959 5649 31239 35496 11153 18886 8993 33441 22094 17181 647 27430 29366 30799 19331 23655 14742 17084 13019 19396 8463 1130 7361 29568 15187 25250 15257 9382 24039 17167 5374 24864 16282 25199 20879 27578 31642 8649 29917 17458 30637 25398 25465 28606 11954 20113 27166 24996 20741 6752 23608 21166 12251 4853 19385 30412 26770 21198 33431 21862 10891 10190 18918 13128 1034 13278 380 2800 10002 33571 32192 2192 24963 21220 23966 29815 3621 11066 3462 23901 14915 347 31280 29434 35237 31852 12602 24126 3978 28647 10535 7129 16398 15749 20518 24696 1199 2696 3900 36249 28127 17554 26362 5667 2411 20981 12354 15492 10728 15931 14589 9063 5746 6976 6202 34762 7322 8469 35041 29792 8340 32770 13651 25853 15386 21591 13393 21351 24076 17897 24597 5945 3245 29648 2362 14145 32988 29462 553 31998 20983 1193
85 185
32977 6124 8584 231 14298 29543 22737 34844 23871 6199 6620 8372 28996 26848 36110 33358 21852 15982 19649 29153 15331 26472 19439 20354 10132 35856 2099 21193 24841 15825 18946 9546 8050 23942 9902 31320 34860 27706 32911 21744 7255 8030 26569 25502 3886 33799 15840 1004 30977 7321 1949 9415 16067 22670 771 29737 22769 14839 10881 28674 11058 32545 19136 21236 21699 23995 33132 25453 30016 24026 2879 35515 149 1383 7014 21656 14182 33478 5402 32634 29903 2906 22184 35033 883 11337 25414 3927 7798 20996 16016 28863 23969 334 21016 14929 18801 12133 34573 24794 26029 3377 26375 26524 35267 32194 7635 29840 5761 28469 29535 276 7779 30170 34623 17033 26971 30647 27591 29331 26175 19527 33932 29373 824 33320 36169 10254 7051 13902 23277 4798 11347 5200 28486 2854 36388 11744 26219 4670 30370 15263 1751 9715 3331 7300 9670 26997 8748 25918 19146 16071 11374 5295 3291 26173 29150 22085 6173 31995 23397 1378 33022 2338 34853 4996 15690 15688 6880 27006 27624 13160 33643 26807 14901 16493 16150 34555 14570 20861 22342 12481 1497 16379 18888
2527 184
7973 19087 2905 19015 1937 25651 5210 19493 18429 24032 30791 13099 629 8188 11272 11327 25739 20558 4141 28291 25577 24259 23152 23273 17936 24566 2921 34194 27929 26839 34954 865 12308 1640 29274 6116 32050 22608 3383 14568 30056 14926 14931 1169 11275 35697 11263 28086 11581 24838 76 5360 18112 18976 17395 8295 13599 2632 34167 11425 14409 19669 12200 29563 1565 12741 26563 31107 18839 18162 1150 19137 34282 32682 34175 35551 11980 12335 10348 9943 3856 9237 348 12450 22911 24711 1707 20185 30934 34798 3170 16776 9001 17926 8026 29730 9331 15944 329 984 6913 34008 3210 7081 16354 20465 9916 26609 210 285 33375 22214 25257 35491 13287 10048 9197 28755 15324 14818 11649 19997 33104 3584 1163 17193 18118 20944 12681 32546 33238 15578 368 25891 8751 6876 8236 13625 32279 31901 27209 1626 5211 9483 17231 35159 24995 3171 11151 2051 5089 29668 262 19250 16883 12868 35386 1206 26266 28949 7269 31362 16141 13647 34887 26264 4193 32464 848 27136 22746 6612 13829 17224 19663 19702 32117 35612 18237 10789 30830 8025 7439 5940
221 180
13478 20264 32595 4758 4810 35065 22453 22396 35194 26352 7630 26764 34309 28285 5000 15344 18537 16555 17155 32505 36253 10926 12274 19560 25219 28183 8702 2203 12064 30846 35732 1749 29934 3010 8391 1069 29836 17326 23044 22050 16969 20960 6884 11797 16818 28437 35147 31426 5689 24986 19166 32816 366 28169 36173 1594 1376 17891 28068 11821 11856 22130 1681 28819 16952 19508 12796 8804 24881 25432 26654 23492 8459 25668 25525 21890 34895 12278 31415 27126 24088 28145 20543 35157 17603 14347 27427 4124 22466 12156 34224 17025 3300 5952 914 31645 31599 4062 21716 35565 9536 9448 8306 14 325 15084 15117 29725 11067 32638 27153 26135 27459 21892 12235 18298 12671 32674 18840 4780 35382 19673 34195 1428 2962 21342 11704 15872 14826 13613 22927 4552 31255 19660 33915 14135 35753 21569 4173 27190 12941 5932 34111 21233 29997 7859 13628 27500 19193 34022 4959 6394 34586 18521 35361 29772 11542 21657 31153 24699 25493 7901 26410 9378 36012 11512 24479 23890 24536 17963 14658 21408 10765 15252 23019 23432 19321 11921 11111 33278
316 183
13909 28834 27463 6660 5795 19266 18430 27257 5628 31227 28602 18313 30542 10615 35130 3083 1942 20974 19987 30025 5428 11982 15490 3968 22573 32173 13748 2137 1184 29750 3276 21607 6698 17587 17972 26421 35543 20531 34158 10582 18402 29994 1427 11577 7784 3576 8087 18374 15456 28450 14021 1099 9635 16729 29241 17334 12454 40 20434 18368 17502 26859 3762 32441 35774 26567 26343 6535 27187 21131 27502 32157 23353 32406 11011 8896 3445 5604 29808 32466 5048 29266 16669 3624 30518 16425 30362 3925 15546 4055 4267 1750 5049 30269 23117 20687 34273 31417 1480 11225 7484 11061 20165 5153 27452 10702 30459 30742 5299 4410 20834 27884 30836 18944 13485 11168 20073 18390 27163 1460 7857 10639 33154 6944 2935 16936 13122 20033 24912 34153 30771 19969 7312 20751 24886 2119 13033 83 10603 20091 30305 16761 6830 2536 22401 33291 17162 12126 12305 36209 13450 1222 22601 25377 11351 20428 28965 7257 20699 2069 9035 28352 2833 17664 16116 15897 4299 34972 14056 3805 19904 32375 2667 22140 32331 36215 30734 1822 2821 3860 18735 26064 18466
1039 185
11729 3818 8600 16330 17818 27612 27238 32017 6765 30097 560 17079 21760 9682 19744 15770 11189 27478 35398 26669 2367 28398 31854 20932 31191 22527 6642 18297 9673 2489 11557 28707 35719 22627 7340 20310 27508 7283 17520 21792 23947 24294 1704 5118 31133 750 15232 12986 6165 9783 20935 23439 23365 23421 31529 12751 16047 16635 12943 9804 32551 13936 8343 6951 139 9248 14654 19225 2249 4092 5718 30319 4037 5385 11910 30219 7574 31703 11298 32115 11027 23372 16022 10607 31308 13696 28129 12921 8378 15248 25878 18294 9177 8615 19435 4459 1385 17508 5646 16805 34705 19613 14489 18358 8280 32588 247 5439 25242 3979 21880 32931 18182 7130 10936 3133 5069 23436 6052 1687 15868 2204 25457 6921 11205 18850 17837 5705 26796 26015 4216 33221 33553 13870 10393 15513 18694 21860 35175 21896 5136 3676 13322 30153 17523 1354 10386 20296 22350 7123 11435 21187 18382 3538 27563 15315 24166 28820 5866 27020 13716 16582 22738 6610 5497 35082 9198 20265 9238 16146 9920 30552 18771 23416 31431 17418 7494 25926 13035 27745 14571 24196 22247 35142 29249
1514 177
31269 3736 20267 9645 35747 24590 17401 30816 27097 25585 7358 26850 10467 8949 17660 12445 2504 31566 20401 6154 10241 21112 10575 26635 9039 31752 14001 30540 17617 145 31668 9141 12246 13687 9578 26926 2118 21688 31441 25247 29744 23120 6146 264 6547 16345 26846 1513 17293 20223 22697 23740 5471 2426 4425 14805 22384 8255 2636 7862 14682 6518 31450 25182 15149 33777 25934 15371 29272 21338 3569 15376 24673 12355 1614 23462 20524 17893 33557 5362 15007 33119 21643 19921 30524 32071 23027 8854 8917 16274 14219 10234 23977 31468 5933 29239 13884 8140 7346 23468 25882 10116 30346 4602 1406 23297 16509 12283 18010 19967 29414 22663 3110 23527 11109 35227 25373 4714 8031 36217 34958 13366 13973 16399 13374 8512 11419 19573 24671 24386 20059 18380 28400 13034 269 14238 21912 36232 27320 22948 11604 5457 25578 141 16762 14779 29400 33783 27766 7888 31842 28511 23895 16772 35155 18683 17536 8835 2827 24793 7316 29455 28302 34235 20004 21059 24569 12575 9462 15480 20196 16240 25441 1236 22715 25246 29597
3690 178
23763 27181 31994 13802 11053 5612 25761 18017 376 23841 11499 19510 11206 18875 7434 18366 32744 11250 31704 1198 13519 28932 19706 16626 19382 10363 20505 1447 3430 30782 9787 34648 6509 27960 27265 27853 7932 36303 18584 13093 13507 8817 14292 831 17409 36327 30814 34226 11530 19373 27493 4966 5072 29309 17675 1115 32284 23855 19622 13760 9955 36055 27921 15844 15030 26450 11685 30328 33260 25111 5654 26646 15586 34192 26912 20613 9062 17742 18540 33184 3838 889 18040 35886 6145 30675 13591 21451 20272 17725 29137 35739 15951 33381 32428 8617 31142 8304 12010 5417 11945 13854 7594 34385 22057 31131 11728 18934 19517 25895 5339 25458 13201 1120 13955 3014 31008 29872 15345 18777 2844 32471 19928 31629 1680 18174 8438 26889 22395 15196 36009 21428 24119 20693 28898 36193 23992 9178 20608 32778 10925 14955 9392 35863 17368 9625 10614 22511 20473 29359 26985 20210 1300 11477 25449 5711 20481 20714 4533 14006 3595 32695 35869 14590 13679 3390 14549 7985 26517 1771 32263 20812 28545 26208 25836 1144 29714 9384
5100 179
32169 3845 31775 7159 19177 5018 23959 22593 27034 13653 31982 25720 29287 35437 20713 30980 13481 22388 8690 18194 29129 14476 21417 5677 18085 9828 23489 26467 36195 34471 19475 11887 29924 15103 3016 17671 34472 28659 34939 12367 1899 8873 29425 25936 2415 2477 28686 16636 34263 16242 28047 1988 23766 19791 7505 18248 3280 25615 28874 19592 31425 19807 2222 14782 14256 11220 22874 34066 21072 28893 14519 14210 13572 13267 9710 32024 22975 27380 24540 25900 9545 17156 7124 35518 24155 10300 8003 34792 1589 26453 22804 11125 6931 32290 22370 32280 31732 5922 13359 15427 15416 21077 10156 26395 15687 33993 2930 15854 29336 13686 21271 3370 8366 20020 12379 16673 12573 31533 13215 17484 9653 22123 2602 11961 16444 12737 23506 4659 19421 21628 25667 12794 29700 20990 5608 4233 6692 22661 28023 33806 11385 10835 31206 3969 11662 35672 20430 11345 26163 36106 16801 21279 4820 13511 22303 22014 16053 30738 32653 10624 16882 36121 16661 15575 24149 17234 34901 27942 2185 24117 34499 6658 29789 36300 5846 2575 34446 11926 32110
1398 172
13616 27132 14734 9029 6401 35301 6977 25410 12218 3459 25000 35810 25500 6037 11698 20798 29887 35964 15057 7175 326 3004 84 33055 10588 25616 3290 31561 20266 32222 9233 35097 14402 35703 24592 9767 10061 32387 13424 17822 36399 2134 11707 33945 14639 18545 21818 32040 28221 26027 20464 11984 10585 13192 23451 2958 20870 13907 33745 8095 30721 25354 1832 15704 5148 13727 17433 31110 14493 30794 22850 17516 7698 26310 18900 16580 25562 14356 36231 22805 6212 2656 23975 29652 31251 20513 25231 10672 34567 6503 28028 4158 19343 32430 29955 21575 8416 3471 7492 3846 34606 11588 8830 14905 2529 33097 32526 7619 11851 23673 6176 14853 32029 18750 17896 34469 24899 25930 10860 25949 16797 6655 22054 23624 22944 26653 17201 6453 21721 24644 19058 29228 1894 31774 19981 24910 30567 31398 28517 10689 25732 2382 15625 33984 10184 12110 7140 7386 18221 3068 18519 10171 10983 26991 20150 5533 9765 6727 16978 10843 1618 26403 8997 35046 4059 36100 34225 31743 27275 35070 15269 13713
1481 181
17463 20847 33897 35331 17749 13406 7508 17272 12208 10000 8769 4008 24390 21227 26447 1839 6785 8984 21259 18524 30502 25873 3614 6608 20213 12857 16549 8333 25708 33780 1128 18039 21175 19679 27410 15771 31399 7103 26598 9474 20228 1945 31839 26176 30952 25689 2364 2655 9117 34825 16943 23604 22893 7097 18909 17373 1968 1591 26891 14945 11136 28298 30229 2130 25214 12998 4864 28567 20921 27198 3619 11714 26613 2360 30892 18172 25632 17868 12834 21681 4253 29013 26840 14286 11677 29821 28558 8837 9027 28211 29232 4395 1622 21292 27295 24705 20522 22465 14799 8209 33581 14410 25552 3780 13790 23006 7108 26978 22844 6012 6003 14666 8876 6974 25370 16863 30801 19915 13311 11065 34867 24493 33195 33037 31880 13751 23553 3732 11705 30635 28203 30487 23239 7856 1463 15383 9161 26950 9469 28030 8981 19764 13731 23448 32001 23346 11505 21472 5328 21304 29472 24757 16355 4465 29781 26961 21790 31664 31764 9203 22233 32715 13226 24896 22169 17027 5914 36170 20718 20881 26955 9909 26050 10192 22676 14950 16602 13080 27907 15134 6954
2476 180
29576 31083 19001 22447 20452 14364 13859 14207 26183 27227 13449 17997 26440 17380 25309 7512 22638 25264 21253 30271 8571 17697 14041 12963 2899 21871 35627 15055 22862 9449 6804 11194 25320 12107 34331 12676 10536 3055 14346 23105 33334 2258 4311 8114 33529 31925 32979 407 8773 12946 19080 17965 27963 33397 18136 9656 29703 20194 15496 17267 34231 24063 28850 22993 23826 33544 29511 36029 11356 5963 22213 16269 28370 10362 34318 15161 16201 10873 27993 2737 13003 36376 15046 16592 11217 28966 29720 8888 27555 23236 21134 5384 2031 4157 20825 14295 18527 16933 767 21240 15648 27867 14443 20745 4763 35224 7355 7981 29212 26240 34666 22510 31113 11497 26863 12254 18713 35728 2535 7383 2280 4620 487 17315 8698 11362 27475 12773 32685 17517 2708 33080 34773 15488 29975 21518 19919 19874 9409 31250 24677 28619 26633 18128 30812 26099 16853 25639 8592 16367 31482 13197 11828 21747 27443 5090 4380 405 29606 10211 13739 33844 22966 20730 33063 14411 10868 8540 27919 22182 25794 13246 4774 21511 28015 24930 14486 19901 150 24945
3160 167
8581 32594 12973 34101 24049 2664 22686 25358 36304 35808 6434 20280 21429 26138 30409 30465 583 17728 17585 25756 24128 7000 20615 32572 20117 10661 18823 23663 30190 9966 18160 33038 3314 19973 31028 12098 16973 19659 9934 5613 23229 7701 14490 23304 24909 13326 626 9593 24225 8022 34097 36358 19047 18026 22255 21285 11536 24280 31335 35834 5982 11587 8293 9046 3601 30535 2979 17563 13228 29166 18798 16934 5275 13912 24816 25188 249 28350 35083 11166 34327 29395 28065 33728 362 19144 3479 13705 5874 28894 11573 8954 30710 7024 36095 21539 27606 28328 20822 26953 24845 18581 32140 24961 1706 2680 36024 14369 5600 17000 33225 3912 34982 10666 32716 25452 34689 27381 11302 7125 17471 10739 27577 11808 21532 7417 9551 22843 24784 29770 27371 29764 30357 14151 22067 1925 11335 10282 18950 15590 32440 13158 2619 3355 28747 33486 25566 24257 36076 17732 16922 30304 29951 10281 24452 26739 4047 15909 19688 29135 29112 9501 21105 24498 3284 3112 10035
1761 174
28312 5501 21545 28002 1718 18434 30679 31412 34171 8428 28013 27362 12336 30728 19038 30953 29007 6577 23894 2291 12227 1725 13644 32283 8337 2330 28062 14329 24217 3433 8845 12904 18751 900 3531 5879 15512 5111 2447 28083 22998 14556 21761 33784 15636 14502 9479 16111 24037 10856 25118 34999 17703 18311 19603 33589 7567 27 28759 11646 29438 25338 8126 33974 12605 2787 14659 4041 30431 28341 18499 15647 2212 7909 4631 28790 33608 6493 18851 20666 5227 4363 4859 12894 8110 26351 10376 33787 4430 26505 22403 13990 20767 16520 25178 7405 20019 12761 15738 26951 12600 32903 18479 2159 8586 9549 10086 26916 8430 3174 23699 9257 30915 25774 9014 21802 19666 24608 4402 15967 14014 25501 4935 16020 2811 3885 31694 35684 3798 35735 7695 28629 26378 25776 20102 17607 34363 12063 21432 1745 23136 21562 12784 30107 14166 34710 28161 33222 24914 23511 2563 27100 25123 16435 27848 894 31887 35512 1700 13319 24394 3902 14529 17542 30254 18656 33373 419 12589 32542 31534 19103 6691 25197
586 175
29322 23802 34145 28882 31439 6420 1160 9422 16185 243 24404 13014 13074 3157 25669 9792 9754 16276 17412 15326 10149 21597 7555 3697 14997 17244 12209 9913 35530 22245 20576 10443 20400 32413 14941 2617 3797 18655 23700 36164 17929 8325 4588 8197 8228 106 24228 10195 28663 19837 4375 16101 15027 27635 9511 36200 527 19855 30630 2972 4302 29682 6081 34508 13384 12715 222 19082 25929 22791 33948 4313 3811 27204 17661 294 33607 35632 11352 14632 18938 23987 35644 28876 32361 32956 20006 31275 8544 25027 1829 7800 25738 31038 7369 26068 22435 31613 5425 1524 4934 26989 33794 16827 19227 14884 16245 31393 7759 25717 9573 30850 7139 8944 12136 20796 3032 9305 35580 15734 10397 10207 9908 32008 6219 16884 8643 23806 29090 35004 2161 14877 15928 14159 13407 28728 5550 35113 23968 2018 13661 12500 33124 24978 35844 3409 10074 22271 1539 21394 711 33181 11787 6430 25425 34748 23026 13528 32543 36325 29453 22795 35751 36241 32754 27702 25265 17709 17916 19002 22832 22730 31069 27620 9956
3751 170
32934 11087 32724 2653 35285 31769 2886 2880 23175 32227 23772 2955 11044 33540 30294 2881 7583 32388 1581 28561 6187 32386 26142 8606 26286 26957 33698 9218 17066 12362 33913 2626 36196 20454 472 8081 32900 10960 14553 6227 29776 9924 21022 3532 32970 32647 27159 8631 30136 19401 20109 27764 14433 30822 9759 11717 34678 12590 11752 35715 23108 26199 26317 35694 17049 28866 568 22517 24197 102 4379 13115 24817 34761 22819 30631 17125 31811 35981 18243 34405 5400 22745 7750 18690 9402 26588 23950 29594 14621 33708 33774 16798 26000 28936 34303 2810 11823 13824 14036 25132 29912 12900 13984 16738 22554 9565 13281 22532 33176 18898 8000 17894 18389 6092 5958 15323 35440 9883 20534 28363 22028 10975 12424 8356 19182 34296 36008 13251 7258 27627 1368 16481 11113 8474 18443 14118 8004 4386 4498 27230 26252 27396 12874 2436 25302 14453 15251 14646 26679 13390 29969 16613 562 33461 7350 8627 33709 6638 1559 7742 31210 11309 31560 31070 15366 14341 4696 26193 9241
5044 174
8496 32174 31652 25952 13574 12860 16940 12805 24730 31027 32426 27952 34796 17672 6606 34429 24707 13550 10368 8271 4355 8429 27393 21739 21825 8641 22952 23442 13275 14013 35419 15294 1930 27923 10840 988 23885 28222 26471 8588 12640 34087 21237 10813 2098 46 4347 36171 17052 1379 3088 8399 15849 20856 35501 211 20803 26300 10219 28081 14537 15866 8857 36380 27491 26150 32579 19114 5361 30326 5189 22541 15135 11287 5409 14833 33223 14985 34191 608 30299 5493 14358 25851 9477 6030 13861 4149 4281 22042 7604 15633 36178 21424 20167 4052 14000 33114 4777 16742 31903 9922 15652 23681 27363 34637 12325 17987 19646 25842 30719 22840 21251 5838 18902 26892 9756 14447 5722 19379 22416 2248 5055 2087 29946 4940 11186 27785 3756 1285 27464 35957 25575 7597 31698 6702 2471 5512 16106 21476 3719 28784 26852 7537 29180 2607 33456 30612 11129 5538 7109 25647 31736 26602 2922 13301 35590 10537 26217 5223 24657 23807 17639 25300 32871 15950 22044 32636 11372 32584 30395 2843 33025 34134
3852 167
35926 25464 17031 5888 26331 30246 22781 30308 5507 14005 20339 8386 8787 29152 17151 2144 11038 17462 26060 682 11350 20156 2142 18315 20411 6619 16417 24012 10887 26247 31956 30981 14231 1386 8092 26536 20658 7059 25778 25694 15779 10056 1136 9340 24526 7236 20774 2021 5395 35561 27360 30394 5823 10268 25102 16980 3003 14284 21709 33039 27959 30628 13075 4211 5935 674 18023 23457 16603 28037 25699 31705 13273 3812 23741 15740 21936 22856 30869 11274 19799 25682 14365 29474 27996 503 33258 16304 27395 12015 4647 12725 3 27998 13353 10547 24064 35367 33196 5001 31961 1690 30233 18135 32479 22397 27266 27837 29358 4101 6569 16899 10557 32459 4800 32607 31621 24632 24962 35023 23308 15353 35284 27035 14314 21777 29540 35342 22788 3073 23225 27002 28011 30432 15612 13970 26123 7160 32537 1507 3908 34168 14424 868 34540 12332 11411 34128 28934 4912 12594 31518 5670 24341 505 32734 1072 10642 27937 28165 30302 1664 24488 19397 11353 15006 29141
2860 165
10953 19870 11720 10068 10744 26003 26333 28800 714 17037 8622 6617 15474 8603 26913 23326 4155 20809 28238 30331 11603 24227 16830 30781 21565 20482 26443 5220 21328 19155 35946 10117 20322 6716 26749 5343 13791 19104 4370 31504 7529 2407 26465 35641 28280 12006 5745 476 25670 9481 26067 26194 13575 27292 17499 15281 33546 8186 34304 27264 13821 11996 22366 17690 28831 18884 25261 496 31134 5595 8565 11843 16086 30823 7164 29746 935 26057 28878 20131 3626 26782 27854 12564 34614 14093 34518 33839 16381 21421 19733 4429 17918 18442 11692 8948 12535 1561 8727 28214 821 4539 31628 33927 16872 33309 1670 21174 10140 5710 32837 12093 33053 25287 19714 11076 6336 9295 13515 17199 4346 1055 22726 23050 17678 15819 18692 33711 17805 21759 36128 15671 541 35445 2435 26958 11367 11754 34864 27259 8014 34846 13136 29441 26820 16819 18004 2721 5599 34277 663 35197 15101 26606 33209 20907 32804 12053 32944 27304 31687 36004 23243 10478 31627
1338 172
6895 25348 15862 3652 20048 1318 2451 10151 29289 22539 898 591 21668 6366 22971 6406 35775 632 2974 4412 3384 28288 11434 19732 25692 26626 9003 24915 14357 30186 29206 7224 23909 28900 24857 20429 21817 21655 9741 4682 30455 2003 34032 13101 6596 20449 17215 2058 13457 13819 13726 20507 31765 15086 9869 6860 17190 34730 11035 36051 23426 6987 23338 20331 32487 27389 6772 11645 29604 4962 7226 16835 27860 3273 17011 17872 14638 12662 30181 7628 15273 24165 6196 9124 5522 19489 32072 9886 31037 23560 26048 3427 24685 16923 33847 31630 30380 31647 11480 22266 29339 7334 12510 28239 32499 33026 9929 4579 3227 11043 18940 1097 32857 36302 23880 8590 26291 23092 6023 20933 16859 4019 30951 10502 10691 27274 685 34996 32967 635 9055 24514 25196 11925 18404 26495 26845 16672 13815 4681 1042 28713 35095 12839 25812 33153 1305 15901 21826 28922 13233 27154 9736 24850 24321 14583 501 6496 2961 31593 16135 16726 6451 20398 3807 33415 18538 16216 15128 15699 26723 15083
1374 168
23156 6773 14876 8057 6964 22616 7351 31538 920 20669 30805 688 25285 20964 21474 13750 9941 3842 7855 25906 22168 21388 4044 35900 26992 10714 2846 21249 18097 33131 7446 16158 25078 29483 21991 2581 7421 17642 18150 26257 6184 3447 8448 18842 30038 14192 28757 10617 7890 20621 3769 6789 3530 34188 10336 12952 16373 14878 12353 29937 26207 15272 11163 16727 35109 8061 23698 1927 12790 6621 6852 17979 34492 17135 24055 28589 3784 7325 19898 13588 12375 5574 13830 27215 23 28087 12859 24308 24045 21021 6743 9986 16965 26647 35539 28471 9253 26933 16967 30064 10162 21224 5226 16796 15925 31929 14576 4723 17257 5948 531 35073 16405 25754 12486 24232 9383 28772 8947 8517 10573 2081 7895 1260 17503 21348 13285 29980 16789 34005 9437 8662 320 14990 1685 18596 26706 28049 26767 246 15646 4190 8668 23929 4293 29202 24607 28055 21481 22968 28019 5907 18956 36365 26592 33687 17656 27322 29621 12754 8768 7538 30833 11162 27384 17783 12540 5905
499 166
12942 35163 985 7008 13904 7808 6669 27342 19654 9319 7388 17101 33328 33215 30035 32233 26947 25927 6421 30442 27183 30787 28595 18553 34096 4401 18183 7778 31101 13441 27429 23770 7679 27472 27594 32929 13691 17240 28069 3551 15555 15138 30102 18688 34029 7324 9816 20548 18415 16953 22248 35057 32842 12104 17904 10710 31247 21293 20175 22440 16244 20031 25947 14963 13392 35800 31017 20554 1517 23520 31813 30660 35938 35860 22543 6961 32241 14227 11559 20437 12826 34033 28520 3987 12926 35431 19833 21383 11903 22664 21652 10126 28986 6984 3947 18387 4527 35256 31377 32852 22144 33254 7687 1795 24365 2497 17905 29394 13165 4051 1913 12877 2224 24496 17091 32904 2891 24250 32010 21722 21797 31220 4895 6590 12215 3981 20663 10107 4378 26634 22488 27421 23645 28829 23071 23321 27038 17053 34413 28530 19347 16280 25296 31559 3087 20376 24628 33911 11442 7066 31895 14045 9879 15542 4483 23009 11901 34515 8664 26385 6307 15580 5527 29705 1757 19647
1692 162
29396 13605 34974 32635 20046 4266 22457 9685 29814 25548 11394 3374 30178 11976 26374 14450 16722 23597 22717 7853 30924 14558 21941 20742 13064 18789 2937 12420 33356 27994 35636 31568 5151 24661 19392 32782 25340 22293 19512 10389 14267 12437 34862 18437 11201 25099 35217 22685 23111 24955 29196 1331 26078 33034 27329 12808 17545 3455 7243 24326 5909 20139 25673 9617 26566 21879 18080 9304 17117 8153 1384 11114 32348 26263 7581 7959 21696 185 32362 18291 4952 19612 14788 22356 36238 9083 10894 10981 29858 9254 14700 27422 27642 8739 3473 35549 36033 35098 8490 18223 20479 26424 27546 2170 27333 3000 28340 19783 13810 12315 2044 12936 36030 2115 10042 11737 25176 3550 2511 35144 5990 17227 22108 26552 4454 11101 15773 23756 15641 33962 5081 20570 3266 18468 1583 31609 26530 28271 34464 1172 31201 33175 26864 17038 28045 9410 15367 7260 364 12656 10769 11397 34039 28373 22651 33455 26325 15473 4674 20438 1696 35226
761 172
14865 2321 21546 20715 3270 2342 4576 21062 32707 12092 11243 33667 23090 22955 8503 9861 27142 16030 35400 29224 15157 5106 8867 31546 33971 12872 21683 25892 29337 13346 32347 22580 6762 18052 6220 32534 5964 28462 291 4554 18102 27527 15231 13556 24089 8131 18744 27939 33 22274 23656 35582 29466 8746 29616 6626 29158 20197 10490 31039 18078 10865 1858 4570 14725 24267 426 34900 5419 22196 29996 35560 16336 7541 20060 9544 1727 7988 11099 30765 29765 10932 5182 21608 16264 29428 13836 32305 29931 23065 10853 10375 26347 9932 19686 36002 26917 351 15175 22056 18014 30975 21037 25107 30623 30010 23559 1475 20597 18414 18163 18131 17441 22668 10593 20145 12037 3709 35346 20027 14620 25021 2777 252 11005 13880 10895 4137 30423 10803 4135 18496 32773 33519 20914 29506 15796 30880 14642 17317 270 15929 9220 24897 6375 3704 20972 3368 13023 17307 625 19645 35162 19186 29139 7658 2630 13470 9075 20158 14821 25384 5462 12119 31691 7946 26928 13674 25806 9176 22561 33986
131 163
11638 24508 8725 21168 8778 34364 2113 31103 35246 21122 16706 29580 21704 36254 2153 32914 27966 18185 24843 31498 6734 35323 11799 35550 10189 19940 19549 3495 6027 17281 11959 23337 20755 13850 21714 29256 36007 1709 30320 35210 5514 30032 25808 20589 11678 35108 20283 652 6192 28229 2998 22270 9576 20393 22004 25742 19526 27197 30978 36290 10230 20762 31365 35117 23242 18959 18055 5855 24092 17416 28478 22961 16639 20984 3251 25696 33530 13240 26501 23727 10239 235 22759 19273 32750 20024 13216 13893 11600 29198 16012 11773 18648 29016 18147 10745 14552 15462 19051 23399 29528 14376 17489 32921 17900 11333 32210 21013 2132 33706 16732 11103 35100 24413 5890 21012 12768 4756 1956 35788 26521 24406 7467 25478 15246 9663 29742 33969 16458 13121 35959 36065 36155 31464 12000 10442 36383 11071 29531 28699 19763 27337 35718 31060 2871 32439 30295 15208 4876 31626 34347 4300 35499 6651 31233 10378 35471 30048 15715 8158 30741 4254 23848
3212 168
19692 9650 8839 14987 10157 5757 9298 12848 11106 4652 34602 5079 30438 940 13784 5459 3327 24015 7792 1987 29514 12776 1292 25828 7659 29599 34210 5686 3932 22036 100 5709 85 33065 15545 9287 11019 25864 35693 32125 7756 30512 23107 27906 22354 1789 20451 21711 27958 18049 16262 2883 30624 30920 24885 3599 12689 24144 19424 28787 7962 31302 23706 6142 5496 1659 7180 24756 10288 18990 23429 36145 4535 19628 12473 2414 11793 19212 26884 21309 2909 22113 17006 29114 16780 21192 3223 12431 18324 28044 22333 24601 20595 19748 33007 2292 6201 36199 13838 32727 4185 34806 9819 17294 8575 29246 3972 34985 22267 5561 1726 22709 20819 34754 5436 18259 24765 24552 6471 1390 9356 33877 29956 30334 33889 9463 34704 8251 11080 5877 15442 29227 35126 26363 29078 24766 15992 31996 32431 35855 7135 29496 21197 15810 16007 16418 7938 11047 23100 33892 35478 4717 28952 411 22762 34109 14861 26809 11941 17440 25759 28043 16096 19810 27893 34579 30149 30893
2662 162
32330 9470 35377 24653 14930 4548 3607 1458 16560 9585 32483 8597 8382 17152 22251 26303 29490 14038 5086 19476 12094 20419 10831 3742 2482 32726 24328 20756 10405 12577 35124 29552 35000 1291 29342 16999 14924 23962 5172 25875 20780 7907 26678 19425 7478 21162 18931 34264 4374 218 33726 17248 34928 36395 17648 27506 1501 17243 24192 13416 3281 21535 35427 20872 3755 4142 14244 21164 35833 34435 7004 27674 24755 18885 35294 27736 20853 36225 2202 13154 35522 34473 29027 8508 29605 9877 17439 32939 33345 7485 32518 11979 11928 28795 15888 30139 7936 20394 14628 23176 13869 28223 23251 7885 263 6413 10862 21133 4495 17649 6881 12457 22997 21215 12267 2611 9818 9660 19298 14082 12229 24219 8499 24440 9725 5070 25419 22079 36113 28848 31001 15564 33336 21635 16128 493 34990 31957 5639 8753 35019 10731 2830 27378 11063 28708 15414 16003 29026 11902 34562 33187 31301 32918 23748 21206 2221 5955 13603 30792 9435 1862
2611 166
3787 9270 34520 8638 155 20201 9776 19456 35587 22749 19138 1939 24919 20501 34757 23344 28890 2278 3501 21352 29950 26746 11676 1350 6392 36186 16503 35858 25621 3833 17641 31 26222 18757 3586 34640 30935 17144 23664 23935 33972 31999 25025 10175 24521 16901 8056 33893 22201 7048 18891 7570 11461 30083 35250 26779 31071 18155 31451 35847 30718 20995 15378 27899 19583 15370 30298 1493 29526 24980 8290 9478 32875 33928 9513 832 33123 34503 26974 10463 18963 13894 989 8697 32512 14737 10963 19127 4919 1005 199 17174 33976 14603 25536 846 1616 2952 5624 23286 24443 13337 11703 15445 9471 25553 2275 1532 17445 3799 19334 36360 30062 20351 14103 7990 32083 33999 9199 20540 9047 5683 26369 17192 9891 507 31094 21329 20650 17229 35028 30001 21189 3710 19578 6543 36086 33958 12897 14809 7458 10951 12955 28976 32522 3206 1014 8682 4591 24284 14883 1560 2379 4748 22254 4715 30456 7100 28287 17966 17177 28402 31185 17020 16368 16343
4391 161
17172 1421 33834 6049 21882 16189 10325 23581 6715 27231 14272 19924 33098 25989 7726 20678 28175 31437 9595 29979 8389 18996 27510 16156 22410 8699 29115 32890 25101 30776 12906 4169 7608 5094 30268 22329 16109 10724 20235 36183 30141 25004 3111 20186 26713 2062 6800 22296 19014 28557 8445 893 31143 4515 22870 11885 21280 526 25959 5288 15440 12622 15979 29502 20989 34003 6112 17435 30957 18858 13585 22483 3832 22878 12279 29076 22754 19172 4700 18593 10134 24468 26648 33077 173 11473 2007 17854 22742 23061 3443 21049 22235 23418 4145 27825 9616 3295 1335 16394 4179 6582 2080 4394 24429 133 22091 6589 22863 26116 11460 38 14721 9066 10909 19557 9947 7837 32596 5566 29827 14546 5372 2782 16302 26248 20037 11431 11070 29810 32343 28292 10693 21219 26497 5620 27012 23096 19536 29927 27954 31122 25469 17838 19214 8166 8328 14949 34896 22228 2300 30923 22542 10199 16263 195 16321 25593 4475 9904 12191
3183 156
30439 20138 13484 13250 28201 24380 973 28404 8201 20519 33744 547 28768 26285 10507 25029 31974 29548 8273 4701 13223 31831 34686 26092 2299 18489 28200 14815 24923 13037 5349 34202 34568 10314 24745 35950 15703 25145 10258 26132 35232 33558 36206 1405 23971 30597 11533 28773 68 22714 35322 15712 28377 24605 29538 34760 3406 3995 28396 6717 3132 34847 18018 23902 10332 8395 12603 35660 3405 2140 21542 20056 9411 26876 10734 12421 14397 15760 16209 15860 5101 32820 10957 2355 34325 6791 10518 3598 4028 18921 25335 18949 23639 33279 31557 959 20298 8476 25610 12665 29030 17751 20764 34699 20427 1301 22163 16697 6156 11890 23213 9550 13682 5885 27830 5157 16338 23356 25912 8073 12827 17398 49 1320 6255 16912 21510 18320 34196 462 12102 16445 16077 22582 198 29429 12632 29445 12979 33301 6969 34372 2788 33695 15763 13095 22611 21158 14928 36182 35558 32743 6050 12220 9860 8452
1812 154
14049 10457 13225 18726 29450 17689 1536 14268 34105 16441 25194 18708 25715 30806 7438 15271 34233 4274 30468 6469 418 19167 27297 33615 34121 28809 21291 30479 21905 34269 2845 23662 3656 11644 6034 732 33788 30276 22666 1278 1276 22178 14835 35670 33200 4284 10904 26981 19953 29795 7520 25139 11544 18522 6140 16136 18770 21594 18041 31795 30128 23216 34129 28250 14050 15986 15001 14421 1759 33876 18766 29504 23355 34780 27345 1955 9793 10481 28348 28217 21195 34127 23538 19367 21359 6873 22796 18393 28745 27316 26742 30241 9982 34376 32090 19722 35172 19325 11285 22508 12623 6636 17736 8418 10339 18613 17479 27539 27616 495 4305 17010 18575 11650 34882 4771 5725 2178 3801 23465 30670 19965 29570 20159 11148 11771 35195 20425 15751 22861 34997 4802 17815 25631 32302 35414 14073 29295 12357 12008 30581 30720 34007 28027 36384 26167 28586 19812 27433 20239 32435 21307 20623 27013
3730 155
27924 27726 11377 34014 2349 23037 13256 13306 26412 14420 33482 29019 29820 9488 27084 36177 20616 33216 35596 9953 22051 10118 9906 34793 20703 20086 22983 33018 14854 25315 18790 9524 29134 747 34703 15823 13804 32491 3061 35079 29492 32066 23981 17899 13274 4419 28095 9181 25184 23414 3951 18785 25517 5268 16486 17688 3274 2345 12777 11303 31478 6204 14310 12595 18342 16856 27775 14794 14246 6768 26837 11640 34190 35991 29959 25447 2859 18166 8812 2485 24957 11 17219 3954 33043 32308 1343 15516 34119 4132 33813 11301 10653 19454 14545 8506 16286 34608 8066 20188 25724 35140 35007 31374 8074 4165 28837 28158 5568 28535 16666 33480 7034 16657 27598 224 2571 17475 29001 17923 7931 6832 11209 21624 5083 18654 12780 19707 20725 17096 13361 7670 22246 10740 25769 24934 30040 23864 8903 27728 784 13527 32057 34481 17034 5011 4106 14067 4957 11860 21787 31763 23309 7259 10753
4922 152
1277 34138 9201 4891 25941 9468 9285 1999 20229 5953 35907 19558 7840 3047 6652 17931 12679 19878 3099 34357 16134 23530 29459 29522 1431 15409 2868 17 28981 20627 13626 5593 20068 18577 6282 4702 35846 3082 6256 15938 32899 12428 25784 24444 9680 34511 25116 36339 33577 7922 29047 7542 6076 18159 7049 18645 30384 19389 23857 35255 26032 32950 23842 7656 20105 30700 6168 17492 9728 6746 14584 4971 7007 11483 26627 8964 5825 6848 30766 23329 842 35116 19360 27222 35904 31231 26271 35879 18403 35780 35783 15111 876 34458 27334 18626 14698 17171 718 33642 35843 32858 1448 25327 12483 9854 3862 17325 14776 24368 22592 35456 14354 31366 18993 18695 5386 23742 5960 35176 6368 6125 9142 21649 8156 33436 23658 14024 29052 12404 30030 8511 34183 30492 13237 24505 19531 31378 27425 30228 24214 35164 34506 3506 14480 21244 25337 25292 21821 14432 29709 2907
730 160
26603 12881 1176 2324 8462 10935 7251 14766 4506 35982 32906 1404 737 2230 9798 21441 360 29491 28770 28526 21181 13089 31430 32095 21026 18296 15660 33955 6010 10197 13805 5956 22519 29171 24009 13177 32826 734 33661 36066 36336 30454 21083 14675 25361 18657 18676 1124 34174 22919 14650 24270 20200 10530 35699 29186 459 31916 5376 24724 13968 31407 25405 32658 26838 20763 16591 26401 5552 23631 5896 31973 14035 31884 35403 18195 62 3785 12400 343 10934 24254 5562 3521 22522 8673 4608 35453 18216 10174 2019 21373 3687 16176 10660 11495 26919 15498 16278 28533 26209 31248 19151 20528 18371 17187 8164 24965 20222 20630 36219 24759 30174 7835 2644 35574 1071 29692 5104 19128 392 11376 28666 35145 32923 20076 24336 4271 15747 23238 19199 29444 11437 6508 12190 570 19884 30864 13795 7549 28012 13920 24797 10272 4918 12687 22003 29380 32088 18682 31252 34002 23744 12571 22845 21749 18204 32410 27301 30543
4042 157
22594 24441 18873 23595 9429 7332 34359 32080 34232 16892 7427 4400 15197 11449 29817 6532 23773 14283 8866 14973 30486 15433 12513 7557 18541 17564 32812 17431 6364 36146 2197 28032 31345 5345 29688 498 27759 949 28943 15130 538 29439 21769 31917 30941 1008 33628 35341 28896 951 2205 12847 16378 9999 27149 20656 25643 3065 1484 33325 22707 27949 4956 5868 19459 6039 24991 15194 5279 7023 32137 27011 10824 29330 1397 20384 18961 33156 32002 16607 34828 29298 4147 32327 1627 29409 27392 22899 19462 31274 27735 13596 3887 23455 847 26802 34201 19564 11375 29507 22905 14040 33931 29157 27085 5165 4872 35181 16648 21898 2551 30313 27723 26298 31325 6151 11107 6269 12364 22949 4406 13169 29560 30803 13565 19971 3160 15861 21436 23480 17132 19119 3986 13137 34618 26079 25065 27883 9217 5597 26712 33737 34015 19514 27777 34676 30654 7022 10404 29901 23311 18501 14636 25845 30484 30716 20937
2599 155
20823 15910 4131 1373 4327 27290 35362 25718 15109 11579 25360 28867 11904 19059 12977 28136 26462 33690 14406 35225 2586 27967 142 36310 4175 23485 26842 34707 21726 22803 24151 2659 29095 10185 31313 4171 7489 4562 29046 31273 2552 9276 17262 23601 13658 15608 16992 4572 34031 3028 27542 13594 26365 18142 19657 29861 27519 8990 5137 9749 10482 30521 596 2566 27273 4621 3434 24515 16587 21180 21568 11822 8035 20247 13222 22183 6290 9504 28823 19970 15572 13314 14230 13786 17578 11471 23081 22833 2157 7392 8096 7318 13901 25395 11943 22560 23774 9156 12061 18610 23433 7502 7821 723 16154 25533 18679 35768 8242 24123 24030 4775 2041 13184 9396 29175 34010 11208 22012 12140 10905 4018 1660 5456 20800 35374 23669 25652 5076 19505 12786 6937 34546 30179 16843 29828 7306 18365 36341 123 255 3358 9131 7524 10795 566 19423 30203 14652 5473 33605 20553 28673 36063 12551
3562 155
28160 10757 11245 30984 11346 10928 18516 11369 34680 15731 30329 4122 27385 31608 7145 14172 21056 16920 13612 20174 14203 26376 34149 9848 3883 27171 34942 4784 16824 19711 22530 34162 32318 10694 31347 23461 29035 14920 5772 23167 34926 23474 14512 31262 28661 33664 36052 31079 18134 15455 27330 14672 34914 31641 29908 2780 21753 7540 1238 5759 36203 10053 32519 7451 12824 8538 28417 12615 1533 6815 36109 23406 22654 20085 16172 21616 33126 10569 17252 9358 20675 26559 8472 33444 34638 20282 18585 19369 13280 4020 12862 33157 22289 3060 30300 7697 33500 33164 31380 15168 4796 2615 22632 34845 26143 11459 20559 6285 31830 34178 18779 16228 5059 28335 29199 17105 23911 24150 17539 13295 3148 21375 28972 15569 5535 16471 26534 15483 30701 2635 29368 23535 11621 27654 10504 23827 23822 3949 31469 138 4036 15570 3486 3906 13307 20659 793 34660 1962 26145 6989 9889 10073 176 9185
4933 155
19939 11269 3357 21019 22299 28007 23476 6828 19411 6854 4722 15884 8793 19174 23367 20251 19676 35838 33287 21757 12339 1080 21321 5752 30592 5797 19125 17741 31203 26097 11868 2983 19108 6665 22315 9209 16467 19710 790 35389 32978 6552 9190 8487 21698 35896 14764 22225 28357 25031 16241 16557 8139 1413 33304 23102 33929 11709 34591 14336 32037 14785 12637 33302 8966 2776 36075 18628 23256 23610 31327 8648 15501 6371 24209 6893 21536 17737 35616 26484 18463 12266 25392 7289 13325 20922 29191 3590 27057 5232 20044 18670 36277 32166 13867 23873 8281 4023 35090 9420 19523 26975 11084 7305 7213 10188 12702 20097 14869 30997 22323 36098 10503 14019 3191 2675 5219 5067 27411 18677 18730 2781 24855 11046 30815 20390 19934 16249 34788 33678 6478 11633 27082 17708 24854 19941 6155 32378 16371 3414 162 2425 15085 23147 2826 19497 6657 7757 1410 13988 21618 4209 15469 3025 13541
649 150
6072 9022 35919 33393 35166 10183 27067 35733 16375 20816 24484 7582 34093 571 27561 14956 301 10937 5388 4125 13780 2938 19280 32384 24769 1669 32721 5053 2462 25059 10598 15090 8461 1827 483 3231 2285 12461 28752 12607 9155 5479 14947 15623 18923 14871 16533 25810 30055 2616 28797 22100 29667 13580 18582 21036 24299 3114 15482 27819 14606 12525 8996 24898 33188 26372 22422 18309 5347 11947 31936 20063 21087 17173 7720 29711 16428 22691 34414 11451 10859 4982 32639 21469 12888 9570 24465 19499 11292 22090 34383 13330 10565 28536 26576 1299 21184 28476 3874 32281 8165 16654 4922 3721 27221 2775 15593 20867 24574 7003 20366 4005 4275 13976 27543 19537 35531 24517 35015 34713 21791 7898 35700 17472 16627 19798 8580 28114 21863 29010 34878 3461 5098 18029 31030 1747 19083 7041 9472 30080 5150 28682 29069 28743 32867 12880 14897 4316 29571 26446
4086 147
15198 2685 4180 31432 8195 15237 17814 32919 7076 7644 2325 6605 35777 35591 21453 3558 494 22486 20564 35283 6022 20993 26855 16024 24687 26320 1306 6120 34583 8932 1152 12088 29151 17764 22 33832 28579 3928 14275 12627 31804 35076 2539 11204 26125 11155 23078 10264 1571 14960 21070 14153 28877 16718 974 14352 26409 23368 27397 23318 24492 12865 6790 17684 23258 32278 10814 35814 13587 22031 29845 25157 6260 28041 21256 21031 33528 20413 6887 30422 24706 6926 28650 27325 13401 12048 17817 31749 24960 14184 14405 4354 3559 5176 26708 115 11407 4883 1635 17363 21928 25352 21951 1307 16584 34088 815 4277 21431 35782 15089 18997 29362 11706 19286 24953 26476 11520 6084 32149 12753 26392 6607 11792 7626 7092 20852 31260 8420 32230 6562 12585 19725 16395 34850 30049 15448 16271 29655 13582 933 12631 28941 21803 12833 8185 2959
4998 153
27991 2691 2210 23379 23877 18705 14732 25366 24774 18413 35941 10302 26542 2674 25113 23726 22471 20857 24185 22622 4089 3651 19074 32433 26127 32570 29334 27636 17762 13364 2219 31506 17420 26312 34619 11062 22204 31850 26697 34721 33443 20289 7167 34736 19849 25084 22010 20315 16464 7930 1970 14324 32844 10078 30546 19071 30746 16126 27025 8065 22761 32955 5398 13851 33812 23012 19848 6337 23347 35705 8680 19203 9112 27522 9517 24585 14758 18904 26664 16170 30904 11879 3167 24839 26628 20689 3970 5585 26830 12511 31137 12301 8555 17801 29193 13848 19905 5064 32310 10070 29142 21503 30961 8007 31330 16942 14460 4085 23116 35977 22809 3910 19727 1010 1823 14265 15183 24807 2597 3144 21302 29073 21845 14802 6334 10141 23778 30970 34100 6391 27282 6915 1266 29620 14060 5918 24949 16478 18862 11293 30550 2508 10003 23417 4970 19288 10438 12792 14591 408 27741 14520 35571
1606 153
23066 15705 17250 987 13159 15335 18901 35881 16364 30745 25082 29760 7548 16860 5716 19446 11258 6917 24495 25713 32397 33983 36297 23500 24142 17713 26601 12838 16817 36230 13718 27277 31794 16434 12918 23141 11654 25200 26161 27305 13421 18814 30006 18621 16308 10750 6063 20707 34142 970 3381 16457 9627 17207 6310 27424 877 8834 18782 30309 33364 13422 10571 7588 12477 34298 5731 2627 5206 7554 237 748 25859 33389 23976 35279 8790 19844 22897 26224 5199 20466 26831 29689 4856 964 7902 32605 8961 21327 6550 15628 28582 31002 31785 9144 27872 5399 11753 19611 25804 20824 12492 25393 20991 2122 26361 29863 17616 21384 32822 4121 36293 35909 10822 34978 10231 197 12292 4204 7221 3103 2853 4809 16088 25138 21034 21354 7338 19608 17953 24426 1528 35139 34786 7708 18184 3302 18760 20711 6483 13557 11601 4781 29271 18512 35963 30857 20592 9405 5066 11695 22322
482 149
15241 16456 18980 9441 23578 7433 21735 18307 24519 2554 20488 12531 25883 32218 20416 7010 36163 10217 21891 2089 8403 35767 13820 8902 17217 26330 25740 7896 34373 21795 20277 18241 5665 18473 27633 9514 34081 22516 26076 19851 5916 35724 24387 8362 15275 29800 2169 28172 19577 23272 21528 11002 10331 18385 15298 30903 29562 32445 6382 22105 6297 6757 30899 22591 33143 34810 20003 11176 7413 5494 1793 11120 24686 29851 24615 19911 16558 8942 18967 30528 15774 30054 11697 1992 16589 2102 15004 26431 5057 28503 23925 34599 12038 4808 35289 21361 5807 19116 11221 30500 15152 14115 1884 21460 32947 30322 24708 23212 15831 36 33159 5123 14240 7426 19705 17908 25725 33442 8211 24093 34594 3840 14974 929 11144 32239 11366 21214 20193 27445 24860 14095 24649 7402 1382 5556 11410 36102 1107 17048 30405 1496 8015 31076 2266 6002 810 8579 20142
3988 152
1910 14943 20919 20930 28168 18578 14849 30471 9110 5260 22312 19052 8260 14796 19892 24825 19700 9250 16117 16641 4476 22524 6630 3722 24482 14008 18620 33360 22365 5004 8199 28293 33952 35801 35213 22305 9996 30708 35291 12319 14791 10166 15563 29190 6011 21336 17996 31907 11291 11021 26737 6783 2759 17102 30877 15899 29505 8409 318 13398 35930 11955 21319 1644 4816 5158 4177 4481 2083 3873 28998 30430 12933 21560 17808 14756 8363 12668 30381 28899 9061 8501 21640 28851 15511 5610 1415 31524 25993 8777 6807 13927 2116 12310 32136 8595 7617 5592 10760 17651 3034 2023 27806 16769 24333 32749 24715 13155 25362 21537 19525 9052 22165 23757 32847 24359 34885 28243 3200 29788 17154 17866 19145 26547 11522 789 21411 12393 14717 25967 33402 34670 5660 35385 30469 23933 8803 15312 3215 10875 15026 17800 20258 1272 19124 33919 1977 17560 2720 33580 27521 1893
2448 141
19951 35444 20396 35200 14972 10791 28529 20355 31511 28651 7684 3827 22121 26427 3632 30606 26221 31059 7117 22696 20651 16165 18548 36023 12660 22360 15079 2171 12322 22387 24511 19910 24842 22448 21945 35633 618 16055 27236 18373 28630 3325 7370 33849 3526 35072 3792 33045 21632 13039 60 31828 17465 11711 13753 4744 421 21580 645 36127 35135 36185 10373 8925 2500 33881 22117 31236 6801 954 17895 10347 15955 13360 7920 35845 19485 6812 3892 1074 14704 516 3946 8148 11197 15710 31959 6374 12619 16866 359 4604 24580 35599 20568 7682 13639 32294 19571 4324 17566 9542 4146 573 22039 19931 32968 1430 21878 15960 24821 31739 11683 35960 35106 32757 9896 2409 14057 8767 2987 23634 32683 35333 23729 12390 35024 309 23862 31009 6066 24447 19821 14674 23482 32861 2522 11897 8616 20533 822
4502 145
26748 19042 33316 4794 26024 26389 14680 17849 16342 2895 21579 21934 27662 1434 25950 20883 33314 4837 2381 15359 31329 26519 27990 34734 3012 21356 2773 36323 7741 12866 12316 5353 4623 30989 3436 9098 12391 14858 2683 10139 23415 26039 15184 8791 27618 29436 26302 4618 1188 22325 21500 19640 21592 6671 14610 13630 26414 24680 23022 20587 25557 32123 32806 6274 35307 9694 18920 29009 11724 22497 1538 22109 36000 8282 2753 5317 8177 32879 23913 19219 19452 19605 17383 4144 33990 27494 7365 29591 798 24132 3600 13887 3737 5470 23600 4997 31212 12899 8483 14827 2874 477 12965 32346 34155 2194 34559 33201 7637 27671 35424 1697 11115 1359 11983 11682 18446 36264 6628 9459 8514 16442 26964 12766 9729 20760 2625 28409 19287 7362 9901 25490 25424 17265 15459 1443 20676 11835 30618 27465 9293 6556 21343 32926 29542
2855 157
3821 23380 35352 13338 12250 32116 27065 3080 34672 18872 1246 6916 34259 35029 12471 679 5549 20299 28153 1191 16925 16227 4187 30577 28693 13730 32179 4522 17914 27213 19998 33817 17540 26090 21916 13672 12685 22507 35842 33614 11998 27348 2990 6529 30098 20242 19350 7136 8829 6028 15244 12708 11946 14733 8869 31489 32004 18328 25001 18942 22302 19269 5369 15169 12290 7468 16497 8626 16506 25212 32993 10358 18423 8288 17680 1048 29834 34043 4 17365 32942 11546 23187 24529 20467 19110 15295 28653 21779 16930 2213 9221 6214 760 10863 30538 26915 10398 6287 29146 1067 33118 10643 9874 17220 18592 5655 11261 18418 32883 393 21051 8772 8906 34558 12763 9582 32679 9252 22304 12338 565 93 17140 26479 21992 17811 17707 7099 33120 3698 10227 13299 11789 29869 33327 4205 29312 3844 30875 1646 12389 14281 18739 34920 23305 34348 32767 30185 18203 2712 30774 32153 25697 22428 4505 34396
3594 156
19533 19359 14334 10806 10369 36139 12128 8960 13167 33501 31141 10491 18025 35357 15137 16164 21191 27943 26716 87 22482 29391 16552 34561 27029 5995 30532 7429 6670 23978 16149 1938 22084 9637 5856 1814 17185 21324 6729 8250 31938 23306 26496 20034 29011 9652 36116 3449 36315 33950 29493 33146 16232 25612 17273 22703 21968 9430 18082 10319 7163 26006 28988 33220 14879 26911 9064 35911 10430 13932 29187 34892 13380 27946 4936 17903 26741 35511 10877 16713 29706 23918 14299 31859 35167 22197 26721 3761 2994 25240 12489 24830 26500 25655 22064 7833 22445 34964 27871 7083 19437 21810 11030 22070 2043 29593 3505 9827 35129 15119 25105 31214 103 33959 32587 29383 36041 15919 28547 8868 20511 14051 7543 4834 25321 33810 26553 7706 22007 33283 33400 26022 5980 20406 25443 3939 10165 31818 16110 15617 15207 15170 31126 25069 26200 4703 1297 17001 23831 28232 16501 17324 15520 20256 17973 8439
3106 147
21764 927 12026 7883 10384 26485 14068 13386 23945 34621 27607 6936 27513 35059 3948 6276 20218 12447 33479 11927 18650 30713 18797 18637 8249 5560 20023 23515 34322 20846 8541 9988 31286 14999 2742 16225 20246 13536 12950 9623 19077 14472 2557 3749 12465 31146 1313 776 33475 17786 29107 26336 5967 10367 25547 2241 7295 9553 23522 3683 11172 25008 22009 19444 25704 17693 28492 2179 23626 3324 25475 7348 18270 34711 34389 11290 10497 29449 23856 35191 28266 29405 35391 7202 33179 4166 31381 29624 2329 31500 28191 20797 23635 11500 27558 26357 7387 29693 24625 9312 21758 6221 24619 960 14622 20334 10830 23723 20532 19802 26650 14471 5431 26273 20979 11332 29161 4006 27571 28646 1244 14795 24522 1091 26384 6718 34394 1587 9807 33616 33280 9935 33093 2817 3246 10764 3631 22429 23906 4628 30022 16332 31355 32624 23077 23018 31514
4835 145
5813 27985 3076 10545 28148 7144 25260 30356 23481 32422 34501 12090 14618 27666 29773 6634 5588 14140 13778 21830 2942 3707 17093 8721 15399 27436 16944 1098 13020 15178 14647 34166 30348 31223 14533 8127 30093 20864 24059 167 9669 10127 2885 20977 30396 24384 14724 29669 34294 16749 3563 15229 6567 18289 8618 13061 2710 3168 21045 28470 31649 23932 9332 19670 16568 7785 14784 9473 6731 14695 27242 3209 24983 18254 25933 21805 33138 14548 23940 36080 14813 6296 36159 18490 4731 5060 29086 18887 34688 33613 25680 30436 20317 35629 21136 14257 29329 27346 1326 24595 21746 35221 18988 7860 21586 24312 17046 11202 5323 18181 2149 12012 33586 13633 24742 10943 8663 9939 10623 5198 16483 2037 15881 16270 31666 19023 17530 30627 1597 11686 35450 7688 25003 34460 13938 30909 7020 27121 25595 30293 21273 27790 34258 33380 9239
1946 144
12189 17612 10240 34697 22725 32779 17460 10250 5331 20771 14608 36351 20182 33162 7323 17568 32651 34354 14709 5523 21392 7876 10422 16740 35792 33830 22995 17228 31394 26795 13065 1953 29051 36354 32011 29299 14254 28581 27477 1026 13378 33750 12395 28195 8991 24627 5365 29497 24034 6784 9247 6014 6450 15041 35128 18284 25827 5704 33232 24060 18260 27382 11647 13209 22756 9051 21692 9938 13324 33751 25284 20110 4046 6157 11478 15303 10900 6380 8458 29333 3100 15936 24638 2778 26877 18704 8862 4638 11448 24853 12356 23853 32014 9242 17598 24206 18917 8916 15035 27243 31078 29136 32669 7908 13977 26093 1936 20884 32472 5453 24520 3140 16604 28942 22535 30785 6883 33398 33067 2290 29423 10335 32848 15895 21281 12035 22768 26595 15519 1007 6210 26293 2146 6330 25146 13857 2456 29774 9972 21194 25386 1321 15949 20661
2403 154
22926 13395 1470 32065 15581 20772 7957 27972 233 21172 7382 17470 18731 16756 28847 25909 23836 21444 33099 29376 19923 20605 28912 21150 6851 35677 25626 7728 9632 7250 35914 5468 31128 22218 540 29722 10445 20335 20940 22936 28742 9440 30768 1192 12179 5934 30775 24338 9164 11791 28531 1985 17113 24611 18860 2172 31254 15544 34682 19301 28156 4140 8735 2757 35890 21231 11145 31770 36142 14669 31221 10246 12757 33450 13247 3962 29879 10296 19202 34061 27803 22223 28643 24467 20923 13090 30549 31857 28004 4930 13119 17825 5875 10867 35757 21720 25685 13755 21301 219 4118 5767 16314 15892 29473 19736 30594 19938 27714 23487 13352 15036 35067 29145 28645 34740 29633 33140 33313 31106 29222 1673 14707 20316 16133 35726 31991 7252 33286 22900 29954 24176 12584 7311 24660 35942 33510 9139 15385 34130 4928 2996 20588 15908 4904 11295 16668 11786 5262 15497 31419 7036 20215 6659
4010 139
6189 21651 13427 35481 24014 28564 25009 13116 17350 14307 8740 4415 22268 15203 31888 2793 3342 26880 9631 28534 20243 34679 17941 13056 7881 17955 22567 31300 23931 17835 9170 21263 34279 14845 11000 35286 31369 10013 1064 35114 35254 26507 35457 36308 35043 29402 14992 2913 14438 30074 6245 8132 390 30519 2120 21813 18877 504 4526 8059 36198 21893 18824 13512 9266 6841 32928 14022 30390 30147 27621 31413 497 26675 12939 10158 12800 1788 35218 2530 6759 29847 29386 33679 2605 32746 30887 35426 23043 887 3735 11446 11057 7967 8194 12856 12945 9858 11648 6586 34172 4099 1512 58 729 13411 16507 15755 23532 30796 28371 19561 19990 14500 1402 31639 284 9987 6816 17359 5640 16383 5696 31790 27931 27503 12863 18601 24137 27444 3185 27950 24416 12068 10409 11380 963 7553 12273
3612 141
13373 18151 18675 27453 5229 27357 5414 14291 3408 15676 27016 32592 630 19625 30937 32807 7344 9092 31886 20470 34140 3155 34425 13764 15068 25470 30737 20275 433 13544 30424 33749 29282 31457 35360 17853 30172 5901 29797 34877 18822 22549 34428 31392 3635 34199 30807 20356 19189 4016 17841 21783 35822 7188 7822 15818 13438 11262 29377 12503 28284 31759 869 22336 4268 16208 16070 5253 31328 25451 32226 28146 14171 7666 14141 22122 14643 14567 9057 35156 7397 19718 34550 24139 3691 1482 18210 19879 26924 29793 8972 912 32104 12961 31596 20081 16311 19313 12983 18299 29761 26612 28456 29596 34108 18590 6755 8028 2396 32527 18070 17769 13058 24587 6514 10716 28583 21458 3026 13113 13986 9082 1416 16205 829 16196 29448 35203 4502 20712 20453 29099 26582 19948 8218 5829 4532 5619 15206 11795 16658
2508 133
910 2657 18916 99 10024 14547 4292 26119 6318 5602 33723 18954 24125 13163 6399 3018 5234 10801 24057 21666 14156 15093 22311 13711 19470 26995 10823 30576 36291 24878 25558 30819 29469 9888 9136 1943 8198 24801 34529 35975 23570 9881 14417 22238 5625 34737 576 17422 22241 10082 31053 21473 34552 14975 5899 30372 5315 8841 2748 2323 30242 11657 20894 35405 10444 34020 35755 10549 6410 19449 36006 16800 5526 28368 5466 20998 27161 6537 34251 17729 21551 615 15224 14338 36101 31089 33407 27554 29347 34832 20747 2399 24337 2970 28623 28382 19270 457 27564 4699 31544 13482 15013 15589 599 4836 21440 31460 17798 34893 29220 26758 31755 29608 22407 834 17840 33470 30611 24713 20379 1472 35689 10819 33253 28688 30707 8221 10839 33062 8561 14363 2860
1776 126
30498 7680 33382 31823 6980 2714 22478 29831 5266 34334 5472 26100 26040 24946 2836 3062 31225 8718 2745 23123 8774 34819 26533 2594 9560 8235 3444 28159 28224 4110 19277 10249 22264 29635 28301 23115 22294 23824 28719 34352 6123 16250 28916 19534 36011 595 20064 2022 35111 35207 6240 30440 5383 30969 19398 15150 4329 35209 27805 20625 19540 24345 35327 3296 12442 15363 20500 36224 26461 21377 13394 26914 6654 25691 26865 8815 13083 15011 16256 17806 21654 6970 7845 24296 10342 25019 18781 35647 3490 34488 12672 14137 32586 25237 22943 36256 24636 30110 23217 26772 18978 8963 9158 13379 20088 5609 19486 5796 33326 19371 26502 31436 15250 10063 34692 22806 10980 25054 10095 22124 9847 10613 23994 35688 13087 11669
4805 120
8055 4881 23546 9361 13355 26348 27817 21840 12118 33275 33946 35614 28722 34833 16281 23206 6647 23952 28733 24396 34380 15611 2901 17060 29848 33236 35455 3633 16226 22931 34239 11391 6591 447 2550 9642 27404 31697 29921 32908 18218 25154 16147 15977 1083 28296 22355 2620 28822 32892 34436 30727 11440 31726 30834 30508 34459 7495 6877 35425 34360 26680 31361 10995 34157 18487 12023 9426 22481 28178 24282 7303 29268 17951 19215 6732 13534 28048 11774 805 5663 20005 5790 22441 14906 29207 12165 9234 5036 30446 19399 9594 15349 21370 10785 12340 25844 27580 30371 15328 10628 7368 21521 6742 10470 9271 10855 22112 16320 28506 33763 13873 30462 29532 31013 3458 9713 20629 4716 16413
4278 143
35880 29998 2303 10439 25055 12469 15620 18125 6174 836 5130 34451 31993 24464 3616 3349 9510 21778 11974 6319 13576 6894 29602 6594 34 29719 33989 31397 26849 23513 27129 22568 12334 25136 35710 36137 19761 36228 29065 26063 26083 27010 14117 10596 35913 6911 2641 17861 30648 3364 14727 30916 6579 33074 27358 28204 11195 26867 14377 33965 581 7500 13312 5946 29057 8425 4103 20236 35376 22723 5908 26324 6207 18193 16502 35760 6751 31545 13911 26428 33349 1817 26275 32172 3992 19283 23622 14580 14361 21953 26059 14221 12042 1790 27413 22751 41 15443 24770 13759 18722 24038 35600 16563 22799 33310 27752 22285 22744 22434 35956 22258 28308 23074 21809 34858 35051 16879 18476 27119 14526 28262 12879 26122 10297 35112 34019 36250 11812 6957 5950 7749 32112 16279 28832 25191 28741 7673 23637 22320 29970 8058 4245
3059 142
21886 12067 28231 14787 297 33852 33057 17602 35805 33228 29915 16994 12844 33476 34342 34624 14934 11570 886 3653 3837 29 6143 9606 26823 17423 28671 16432 19914 3095 28821 17501 24086 31701 9205 21728 30391 27739 27247 26819 17758 12331 16335 11562 4276 31648 12982 31171 27239 32261 14337 31964 11617 17531 12114 33367 15880 594 1996 12954 13689 30426 8348 21548 30360 978 20521 792 33543 14418 12121 5678 26108 22049 5693 279 3152 34246 11767 17179 29759 4136 24593 6780 12075 6885 12841 20973 18488 26256 33329 18696 7416 22525 3966 28194 17504 10054 33468 23536 1229 18780 7025 34904 9823 34468 5777 4088 31003 20217 15034 1983 17082 1145 20550 1648 26438 26195 31481 28729 18587 13347 31264 6190 30124 29990 11277 7745 13428 9114 13454 15348 29245 13433 17237 17526 24941 11736 20308 22688 14832 32794
3149 146
29984 28569 16288 19852 672 3205 20988 31870 5356 13242 13236 6899 15438 34393 26898 19881 2361 12911 1328 36092 1843 33752 2732 34911 26907 35125 5987 10071 11563 3217 7974 5495 27431 12674 6523 2096 34981 18222 31400 1371 29741 21487 23949 32832 14300 30408 21853 3188 3891 2265 12287 21601 6991 14456 2599 14029 13692 2841 19650 36061 36255 28678 33623 34289 35134 30826 19968 29219 117 26556 30931 10874 18709 14315 33684 32874 18242 19703 7526 7813 25165 26711 26309 11503 25755 25011 13462 22347 8175 18334 26684 35794 27309 17239 27064 25870 2106 29140 16404 19213 13996 25863 24385 4031 17347 8653 30255 21462 23859 28188 21218 29032 34255 32151 30912 5818 755 1114 15989 28687 13681 18264 21146 11583 7900 14731 17476 3588 25390 28085 34724 14434 4860 15722 2254 15732 7291 27030 22217 12409 1461 10027 23888 36001 36393 6966
90 138
33042 24543 31737 29665 10267 32034 31216 3001 34399 23960 29512 3998 21694 2209 21047 32394 31433 26704 22101 655 6059 11862 25609 6230 20135 24237 9390 34620 12783 24130 30886 6127 4152 6089 26894 21446 19240 8568 31837 31809 17937 18903 30082 7768 28652 2642 15626 13114 9113 18114 15430 30427 13262 25391 12916 13466 27920 2579 2849 16695 12472 28274 11490 19822 23621 12265 30706 19242 15784 8717 10777 13042 25409 21340 30544 5920 5965 2518 24546 18867 4247 6583 1486 34728 14157 12614 5997 30447 5261 30870 25365 24997 34746 12416 15863 29387 28182 12427 12938 2546 16535 19375 34566 3186 6301 19994 4212 19568 14395 7928 15814 15645 20312 31299 6444 32229 16118 35553 12312 34120 13960 32398 25573 31681 2925 25733 30848 4026 20557 27033 24433 17744 19790 16145 15946 34709 6188 14120
4312 123
9339 6387 24304 27625 35738 19300 34186 22116 10631 19467 4596 14266 13070 20896 15054 10590 12736 19049 21599 25908 191 668 1113 28532 8491 21664 14138 36079 664 292 24133 6167 16390 6872 11330 16918 11796 17405 30867 29856 1319 2670 34962 33874 34391 26709 13439 14381 4086 3727 28604 8781 5309 28052 31680 1451 16638 6096 23051 24924 1422 31893 791 19220 31845 13210 59 26797 15948 31333 12935 26301 21975 23558 31890 30945 19483 29639 602 33835 13530 13045 9951 17624 3535 31950 3549 21960 5944 25422 32998 21883 1990 36285 26416 20596 9301 16370 33947 10864 7091 29416 3440 3952 19936 15162 35513 3264 24722 18706 17803 26683 1699 23882 10341 6110 657 27797 15037 16155 2181 1020 13719
3692 134
15405 27505 23646 34040 35731 7596 33414 26765 15297 39 11311 1234 34941 11880 5474 9946 8529 29430 26354 1556 33941 32126 1619 18033 26662 1553 20891 3911 6126 2598 6956 34992 13300 18794 36194 21177 26218 23795 14102 21908 35955 26110 19963 17705 18253 20694 14499 8614 26963 23509 23317 6289 28393 33205 12618 8001 15321 20773 23412 12528 30585 5680 35390 20906 16684 14912 19143 21745 1554 19455 10638 16566 8675 32719 2763 21785 25103 19824 15389 16033 34381 27481 1464 2639 10883 32985 31428 11863 23285 3287 24859 9630 24102 22988 8123 1584 1767 28736 6073 18312 3555 4207 22506 35796 33392 11629 10674 4384 403 593 6971 26056 11517 7326 35031 16437 3202 31989 3689 5302 6024 25963 16997 9870 24188 22167 20584 35061 14306 2365 17802 22001 9618 16851
617 128
5145 3412 10088 9624 14208 2569 12105 8307 16514 27268 21027 19441 25869 4939 14398 24738 33895 4114 24147 3717 32374 34956 29963 622 21495 33865 17698 8234 31873 3690 2215 27973 13834 29353 24558 32078 30272 6020 11543 21008 23341 36005 15453 2422 32132 11848 9564 25591 20040 9699 6888 1770 18417 7699 24195 3877 21741 8865 13175 27901 10320 23235 10417 11539 1777 775 10752 32240 13229 27080 15886 25255 20719 20673 24684 6505 29960 2308 18303 5587 21707 1555 33340 7111 25216 129 1132 18525 4240 17377 17030 11535 22929 35239 16384 27885 15280 26448 29584 22708 20244 15529 16802 1558 26580 3363 22326 9419 23388 14694 13774 5380 18828 32835 20146 22760 24533 4921 19589 30249 34500 1284 15596 9628 20614 874 31088 14123
426 136
35489 13662 13632 29042 16289 5717 26058 16880 21834 11154 14430 23098 35655 7189 29976 34526 7032 12588 27692 11667 19548 10759 21061 20039 6195 17748 5662 34288 10898 11794 2590 14260 15047 22143 31475 20202 34945 24474 1411 32258 33668 30757 11188 11672 29411 19502 14198 28793 10366 28775 8743 1302 328 30401 13375 25604 17869 20826 29210 10616 30112 33843 5741 12592 9148 25849 14746 8973 4323 31676 26308 17249 10650 32342 10579 26009 28873 20362 19407 16891 13458 9380 2014 35744 17275 20255 27603 36184 32319 10508 18691 1981 12608 4586 2949 26141 5217 26853 13445 16715 12376 10324 9408 20080 7660 22694 10114 8011 32367 21129 34424 5570 34369 10306 31754 34777 19513 34731 32326 6725 23198 19054 3814 24351 12791 17915 23696 25487 6379 11599 31782 30932 12802 11993 28387 31007
1902 129
18397 25125 21700 33899 10954 23237 20737 6393 6163 28325 11727 10274 17414 30466 8257 5264 34634 1850 23004 4228 36140 8294 19856 4762 22362 32790 23296 33268 10511 28388 30733 26270 36021 24456 21382 5891 27069 31910 3830 35388 26930 30619 15261 24470 5255 22093 17143 32252 8672 2441 23425 22200 31162 15619 12903 33426 18061 31822 19140 3999 26406 16971 14517 15092 24120 3875 30976 23349 34613 26616 33395 34486 11765 2156 30270 23516 16388 23028 2164 34073 17875 18556 29907 31151 29349 5858 12459 30534 758 5221 796 14492 4217 16385 19481 22505 17321 2660 23582 19131 28842 1625 14816 29066 31674 34927 7147 6369 25783 18962 35497 25943 25514 36174 20709 3591 16790 675 35567 21773 23628 31972 16297 10138 24154 9746 2982 31095 14885
4808 118
10933 10707 20101 7598 9249 33152 31058 9280 28130 35430 15100 23923 22141 23396 33399 12097 34448 26687 3511 15885 34875 15062 31082 20028 36345 6588 4210 27648 34665 30837 15650 5775 7065 26694 18310 31072 26366 6159 13239 11834 15781 8256 31637 31123 2588 13257 10687 35428 19016 10143 28278 15373 10452 24534 8053 31114 29777 22985 22918 27399 34319 35894 22780 11085 5577 918 16489 18649 23045 34229 26948 4423 21895 1208 9074 8088 3644 11325 21210 34631 2576 9138 11267 32103 4666 19511 30642 8253 18146 31086 11192 24215 33351 24023 24940 35723 19101 28555 35171 6064 19828 31257 17333 16387 30525 22681 33914 23440 15794 17533 14886 16889 21001 22556 171 5163 25721 10919
2296 130
17375 11531 26370 19665 2668 26874 3640 23033 12162 14142 19480 10572 26129 33672 23383 18576 29230 9539 1733 16745 30416 31490 25624 25637 19541 3084 8660 22479 21730 27258 10099 1781 17436 575 10295 3841 24091 12372 26979 7653 1408 14466 23804 30991 35381 34823 3577 28303 8449 26474 10997 28256 28576 34917 11326 36398 31517 2261 8021 28670 23838 26529 30643 8989 8610 15236 11618 26781 30176 32925 33311 29662 10940 5346 12820 9704 19020 13173 23091 12852 6347 26282 26469 1765 33683 6623 4724 25048 7978 28264 28961 9933 24568 28480 31127 26044 7906 10939 8656 9608 26062 13494 20818 25172 2593 22711 31784 13435 5814 5700 35624 35204 16689 31551 21159 13476 8720 16298 27152 3252 11552 1547 21789 2592 13665 9540 9067 7017 6293 15571
2540 130
35776 25316 7672 5358 17296 30652 12264 28964 34281 16647 18975 2801 30059 20510 15795 22793 3315 30251 4680 21578 34426 699 16671 16951 36180 802 32547 7356 29590 33803 12569 29275 3602 13875 6262 17366 983 14663 7381 33339 27773 32025 8994 30702 26417 6449 8935 3318 2828 8486 20684 28774 15966 23086 12219 9394 22548 13430 28753 24268 23183 28472 27962 33361 28362 3484 28631 35601 36090 24674 11312 29577 31342 30350 5142 10361 33693 19713 29324 10257 23270 4282 22962 32793 4484 25166 10218 172 8310 22059 35953 33629 4937 6565 24140 13046 15249 15314 15307 7527 16903 13592 7474 34344 11518 8239 21981 15842 18486 26038 12971 8060 3988 27412 15527 21225 26651 19426 14455 22473 29111 31605 25980 33556 15364 10669 18977 4159 28698 2175
2478 114
333 26593 22500 7989 23919 26513 1013 1002 20292 9404 327 19319 24504 10232 14089 23313 28550 19935 9686 2394 29420 21409 16656 20 15696 9991 30068 25318 26012 12505 33542 33370 8216 14757 766 33270 23103 25473 1959 31156 8842 16334 34444 3583 7131 20828 17141 34968 15766 7319 13475 20769 14491 19850 15375 21988 23684 26832 5565 18467 8415 2191 23867 4740 19661 14131 26685 24652 30095 10425 3354 6455 6501 25984 10820 29695 25058 10385 8485 22826 21742 26516 21872 4983 2852 4105 11123 16704 5143 14830 695 29550 33845 31644 9878 11918 28197 35709 29012 28227 22283 5448 9655 27953 9822 18250 30764 7964 24840 16716 2216 35199 12493 26878
1577 130
686 3731 25210 32620 17086 6842 33933 5155 1966 34902 164 15268 13342 30145 8980 10124 20010 19111 22406 32637 13496 3195 5691 4900 428 1218 26393 13949 12438 17556 8650 9303 21626 653 10722 17106 5433 36160 11748 2512 18911 30856 31420 25086 6344 33674 10006 3606 22306 26096 19980 9714 1730 4078 25271 19805 24096 21345 15898 15346 21357 33241 24401 16057 24786 20288 13162 20284 32030 14882 24356 27340 24814 8012 1675 3158 23785 17260 13715 27828 23241 23612 12036 30682 9740 1918 10729 27414 16862 27133 17652 25109 12429 11025 21486 21053 19031 19839 20320 6750 33495 12496 2583 2565 31527 33597 13930 12161 6097 9453 22957 5917 28749 22528 29053 23010 4383 12135 20952 21130 10640 21337 28845 21622 35562 15319 5606 34057 29771 26065
1014 124
19092 190 3705 28734 27815 18448 34973 34876 24148 9159 17338 11565 24244 8726 7479 24938 6611 36372 6239 3524 34931 26937 15737 16480 34937 32938 13895 23599 1162 25534 20137 2897 12843 29031 30516 16678 2259 13939 32492 14309 422 24531 17696 9890 8967 13910 16448 5859 14343 29093 3613 611 33182 9584 16001 6484 15666 1455 2235 19690 21799 603 817 13776 4366 4807 31985 32377 13744 2934 13520 20779 3547 13483 35180 513 20377 29805 34438 11042 15308 32862 22215 31312 12920 6664 20462 3382 2950 18154 13199 29242 33506 8314 3788 9794 17727 15649 33135 466 7645 7412 3864 20958 7884 27559 3225 13806 32207 27800 32463 35091 1478 16461 189 35593 20203 22958 12527 2377 2591 23144 17310 27917
4870 132
21241 5341 11334 15518 5817 18716 2359 18352 35661 27055 10711 23781 14736 6616 14248 27306 1167 22181 3481 33630 21866 19500 16213 12653 15670 11739 2 29920 32322 13767 10428 23084 26862 14873 35206 19039 8301 18214 3333 3960 17413 7807 7858 3502 31602 8895 3387 15425 16496 16014 13598 13269 5096 3669 17349 13559 69 34625 32201 27228 1900 6019 32912 11935 2600 24846 11817 24213 25677 1695 1960 1712 29332 16233 31129 31563 15019 12541 801 18075 24589 18945 3872 2271 2526 19866 3686 31155 7861 10016 14933 16026 35314 8670 5787 17486 4517 16377 16073 7818 18627 14964 28909 3975 25707 6602 33362 32162 32364 20538 31636 18663 28483 5446 11036 5132 14026 24432 12599 3494 30928 34930 7718 27501 13704 5900 8097 12788 7371 22683 3326 21416
900 123
21074 11936 23386 22452 9107 21389 28268 5481 29644 21859 21832 27784 20136 8747 2091 8689 23172 19942 221 23598 2154 4690 26783 24297 36143 8453 16714 21894 33978 20344 1848 18792 28233 18924 15393 6398 25730 33005 30223 14063 3646 17796 32269 2814 28226 2613 31337 17279 20440 3413 23724 21040 35380 23851 25380 11882 32376 22427 4599 21900 11511 2640 6323 31182 3904 13151 18702 3991 8957 9506 543 34667 14167 20945 14635 29351 557 28975 36124 28664 12113 35149 9187 21260 21006 22934 5186 993 19384 24497 620 29893 11180 36072 20721 17388 1791 20586 5880 1059 10412 9157 7725 8706 8928 31631 33412 26198 10180 29484 24933 11427 21967 12413 8231 20241 4071 31448 15477 25709 12609 11965 34222
1585 123
20111 27184 17970 19683 2408 5999 18536 16231 33433 6180 24067 30655 23469 20915 18783 12033 34053 35107 4536 25751 4695 1471 13186 3184 22119 34082 15434 13102 1329 30134 302 20042 35680 28959 1370 32360 11712 1519 31109 14482 32659 30639 17628 27526 31699 18042 21786 18838 14495 18647 33902 25779 29553 8206 21979 35251 31554 12434 3346 17793 16019 5878 823 8174 13313 4626 30247 8318 1896 29939 1374 184 15464 6857 5247 19580 8900 16113 35853 35707 17960 27750 24600 878 30767 9154 32018 12392 375 21556 4156 32206 2545 23647 18338 27863 12148 31048 13297 35103 26672 10837 25161 955 36319 8078 28289 30028 16075 21433 18192 6235 34358 24998 35415 3150 32628 10285 21135 15377 1611 15990 4827
3202 130
3963 28420 35026 4865 1783 24201 22603 17986 2402 2104 4814 27875 8970 32251 30449 32617 17245 7516 13919 12649 5975 34572 11643 25760 13072 29128 4793 32959 25045 27205 26818 36331 15120 4434 1093 17104 2078 15311 9598 31761 10517 31576 25700 26423 34236 3884 5994 31677 417 1882 6730 18478 24641 1349 2352 15189 21313 27525 17569 18848 34026 16986 9103 3352 2601 31714 535 33458 13437 1282 5872 9919 20918 1275 20373 6403 12639 21390 3275 413 31745 15762 31471 14898 3441 29371 32244 36129 4868 1258 11400 11033 22357 17519 32423 19187 2603 656 640 31186 8150 5405 8100 29162 23404 29661 9657 4929 26854 34976 86 34072 21637 16763 21881 10531 3250 29217 7764 10641 10233 242 11177 6585 416 35473 1025 24768 19698 17780
3395 120
6595 32086 10349 18262 26605 31728 19598 28113 3491 29524 209 9535 5863 12691 36147 29756 3418 22557 28014 23521 20407 13924 32562 26171 9018 33383 2186 10659 12150 4208 17258 18009 18001 1935 25331 10523 12861 1051 5272 30210 30451 18420 17146 19768 11820 30883 15533 17246 34420 11118 1251 19017 21819 32019 20757 22600 28448 23840 1838 5738 7317 15431 4833 19069 30419 8911 12199 26998 6222 27128 9316 8936 7428 10922 1143 3053 36189 10220 15689 22917 9690 12078 35742 33621 3147 16545 2989 17640 15711 3226 1620 5540 27983 30933 25512 10755 30005 31892 371 3793 3163 5581 15403 6558 27968 8443 203 288 6858 8254 22149 5290 33193 17839 22348 34209 7141 9764 14923 18157
2029 115
16908 32350 23493 5881 33541 34197 29422 1190 16048 17417 35577 31898 21585 11059 21287 29106 16578 8719 21401 7121 15918 523 10811 14335 19463 21663 2125 32509 21713 6338 31125 30726 35229 367 15318 21567 23556 5623 19036 33872 16622 7488 9283 5332 34462 25829 32369 627 34430 569 27894 5030 17636 4801 20842 35336 12178 27668 204 13743 2304 24437 30193 26004 24291 12147 22202 34161 33842 33641 31583 5789 30842 24048 28290 23278 4094 16105 7055 29179 4799 19930 14002 17608 9638 14459 5681 2799 20569 20352 18457 13118 4520 25088 31521 22433 10678 15153 8338 2954 15659 28657 26211 30681 4812 23606 16190 14952 25904 22747 30065 7314 21514 27186 9515
1291 117
27645 27746 29782 29751 7783 34804 321 32571 13188 32766 689 19133 31598 21216 8889 4645 33190 6354 22584 25932 11699 28494 10851 21057 19289 1658 23466 24114 7424 14176 35852 30517 18965 14264 19618 34434 4766 30123 1197 10145 7848 5291 5274 34321 29214 21708 9327 36157 12111 550 12956 21961 25485 2648 25418 4117 33697 35584 22882 35544 10916 3670 1280 18699 16346 17142 15460 13179 15292 11876 10699 5834 20195 29866 5923 18491 2287 8779 5442 23526 35642 32082 23704 765 30852 23223 13452 12593 6321 6940 22075 33689 22690 30310 31820 22699 29738 22728 35452 6324 9106 8125 4097 18037 23916 17856 27656 16184 10790 32234 30732 3313 33111 6787 23261 18604 20279
19 129
32059 23444 11179 26297 13268 16468 7629 14714 26815 6530 15792 5927 35484 17186 779 17892 33484 11479 6077 23956 16977 14841 9321 25311 7970 3723 36107 23170 31889 10561 6764 15058 27613 14463 25666 32541 3839 35011 13956 13794 10858 28434 32436 5058 6648 17045 26690 32275 639 16773 2176 24121 19638 28864 12300 22628 7187 8233 16698 36245 26390 12641 31167 742 15502 14607 19587 9930 27437 27226 5506 25081 32000 21897 17761 30077 27229 10191 15541 14688 3410 27233 32495 14416 6833 24022 13001 18021 3708 1831 9045 5753 29250 24392 5450 10214 30420 13974 35119 25462 10619 1606 12810 14031 118 7831 35048 17343 20626 9811 23531 19415 18201 26016 21369 13846 17855 10979 24110 29081 27045 16596 29964 23854 2395 7418 7061 28374 23470
1086 130
25057 431 24184 10066 10705 28751 34024 17865 35017 11854 19576 35447 10595 8525 1102 25259 36284 15785 12508 5325 25189 32405 25747 10377 430 13245 34475 14092 31746 29708 16970 2103 17828 35958 10776 32164 34299 193 33096 9808 10244 23234 22152 29148 24567 31864 24802 26698 9795 26112 12475 33066 21625 29631 28836 12636 6865 8351 10893 18531 12743 17558 18835 14690 22753 10169 7595 33826 4914 4320 21278 26872 23135 12103 529 1401 35347 13323 25249 23868 25545 5631 23263 35857 11223 33618 9160 7026 33243 6241 25964 4223 10805 27780 17863 32131 28355 6427 2297 17120 5047 8863 12056 29399 16513 21937 33438 4693 21766 12436 1230 9145 1521 19451 10179 26287 14461 754 33521 3940 4444 1261 24758 31358 22842 25563 3190 19417 14775 15336
4272 132
36349 31055 10007 11456 3783 16525 5352 21584 34470 1570 1963 23488 6457 17860 29600 32960 23814 32187 16183 27240 33890 6541 31960 19789 24313 188 15637 3639 1178 16634 4405 15185 22376 2785 12495 19170 28210 12785 29067 24647 12386 12180 24208 32385 17138 28791 11775 16653 17902 2127 21507 26976 27932 34609 24135 11405 25508 11286 1259 4849 35115 4489 12732 33943 12099 7892 27007 4687 26535 15800 28071 32488 19619 17593 19019 36252 27482 35535 33116 13789 34422 35827 11889 9041 19028 10802 8345 28249 26014 19113 16758 35922 11096 28424 20743 31817 22058 34482 921 6459 12230 32830 16043 18425 27652 14748 11768 34545 19206 10522 7643 17830 15926 16015 34122 32827 3417 21170 8987 18812 18552 26052 8042 8427 29870 9362 4537 18084 15330 3497 8225 30283
2513 125
13667 31766 31016 710 31258 27001 24427 5966 4040 1923 26492 6313 34671 17858 36355 25795 29291 15410 10278 12426 20849 29601 25400 30802 14951 30948 20498 28157 23938 1341 24532 11934 5657 30725 28236 18095 20783 31756 10130 24581 13047 31590 27253 14276 34402 13503 20649 32264 6912 9965 21800 31278 6879 35300 12858 2320 11003 20321 1766 648 16265 7403 5684 15780 16372 14023 6696 21111 21442 28426 24152 24019 12049 27185 32277 4259 33906 18339 13943 15846 9489 33103 12185 24737 29060 2420 324 31021 21659 28282 8983 14178 31241 20670 2766 8560 27734 21566 15686 30073 12663 852 1684 34461 32870 25594 34872 15045 5573 32966 7107 5012 32100 9572 25375 33172 4467 21139 23340 20021 23746 29201 16005 12091 16084
2628 116
22219 27298 23514 33296 9600 35244 17364 6428 28679 34851 14792 17877 17711 26551 28712 3529 7870 600 24490 26920 14508 20219 8077 34036 33012 29826 35366 12224 18859 35712 23298 18105 25495 3194 1875 21196 19445 30079 34065 13028 7997 24547 29260 30736 19218 24101 3145 11355 4945 6878 33574 8545 32964 14249 10413 28828 33224 28935 8169 7767 30114 30347 19275 17121 22621 17427 7966 32249 28696 12944 17302 33293 11653 31455 24612 8542 33973 19507 34685 12869 34489 4832 11608 16751 27442 467 32989 18200 30882 26829 35681 5190 13138 4181 12646 23302 26493 6044 31744 3880 16393 10416 28716 33758 20909 13025 33596 14542 14136 4992 14399 14239 7648 15360 31222 19585
1768 118
8202 7817 33836 8838 21855 24720 1922 23986 17706 23921 30287 23732 20094 4490 30278 3896 5416 3182 16561 33248 14034 10472 15921 19530 28309 34574 31266 300 28208 28548 30712 19515 10424 16217 33020 34693 1873 23734 20539 7963 8785 20314 25571 20115 34139 17506 14712 26031 13899 2344 33169 8367 16614 5286 27823 31653 9165 35997 29987 13318 21365 15728 21344 12441 35287 33713 12655 22956 399 31508 2813 29468 24146 35368 10959 34513 14564 17878 18687 4387 24240 31978 9716 31379 14380 17991 4451 11906 7444 32338 28360 5225 27788 24827 9211 30277 7646 4464 27351 21554 23244 6128 28633 15467 24065 7838 17176 34575 19308 32589 9482 9820 7607 11486 22317 34725 36161 30851
984 119
24848 28093 34884 1217 5113 14562 36223 25204 29273 18395 9812 14372 11540 27101 15253 16069 28838 33880 5596 13302 6253 605 1957 28443 18232 35557 28883 23265 18721 2124 5109 5558 27017 31406 17605 7150 28857 16268 7192 8528 8341 22972 16875 16590 33694 15073 32150 22689 13305 16683 15116 10556 22011 17907 2823 33673 16305 4677 9264 4064 30047 20305 2803 312 24900 25190 1833 14439 24459 29961 19806 20929 18153 26738 2747 35746 34723 12381 1391 31098 18190 30417 19501 4941 24136 22547 15554 2160 9048 22740 18028 27218 35910 27504 7704 27486 8652 32952 23064 9371 15510 33886 34136 16703 6839 2187 21974 30703 4759 12210 12423 28359 22033 34547 3243 22906 34103 15595 12132
76 108
28495 27377 473 2523 22430 30220 14454 7546 5970 25871 24763 10717 34006 22313 24090 29110 15112 32468 6209 7037 17454 18504 7465 5202 23983 17301 30798 27865 12752 29297 26813 10756 30142 28314 9562 18746 14232 33522 33856 12152 31547 4296 13928 4289 18283 643 18405 15264 24115 7401 32498 33625 1400 10484 29585 22133 9785 13737 15372 26751 24028 14326 23260 14790 19 22782 3931 22154 27667 28038 25590 14503 32706 3033 14173 19816 26439 4133 8728 28118 8934 3074 29294 23549 5679 10698 15320 28179 24728 1772 11990 1610 17191 942 31004 12256 11278 13792 24906 15932 19843 10460 6316 16832 25227 20181 20811 13100
3666 111
17589 31194 12100 26152 27262 25230 7523 5082 1242 26074 33981 34069 2452 7917 36403 25565 2398 34218 13211 4243 23475 3942 19259 4686 32421 8320 12169 27099 30167 156 24788 24974 10271 450 26181 12058 35611 21563 31581 13270 7085 25135 25802 27575 4785 31173 30410 24373 1073 21029 23310 14374 34569 19260 32630 5826 2064 28064 10309 33898 556 32627 12446 21530 17670 21097 13817 27364 26334 30148 29311 33809 11185 27757 27256 16723 907 21126 23712 9976 20583 4894 1181 13506 8149 18132 4391 25923 34814 32180 35480 34465 5848 2211 30081 5 34776 28467 1140 1998 4772 16646 9739 16595 6973 10312 3753 4630 31528 30315 4251
2885 120
21402 2423 27225 6254 4890 2167 3072 6955 15829 13535 28681 12396 8880 29458 5039 21232 34626 6769 17074 24381 5937 35434 30490 6722 22097 13885 20422 32332 5870 30379 19422 8532 27644 136 15639 25326 8426 10700 23670 11022 9786 21648 8754 19801 23094 15341 10359 24732 1081 22369 8451 2188 20562 19117 1578 12237 23753 15644 34695 11364 19836 28907 27191 7366 9210 5844 25323 15783 7038 1075 15479 7773 22259 12807 29775 32334 32213 2063 4360 29149 15014 8417 16750 33825 18454 11203 28869 10346 24688 30369 924 1498 8054 25911 14373 18036 9222 33137 738 9915 29478 1021 11465 29852 8971 30588 5194 21496 16844 5031 29270 9677 32286 15066 2863 15841 3540 12981 13068 574
2292 126
22981 13471 14394 13467 20506 31168 23808 12087 23377 25702 13052 14448 4953 14010 15204 24475 10351 29575 23912 3636 24777 3680 9799 35265 17311 20458 23974 7483 6490 16160 26873 36287 743 24430 8710 32574 33312 10505 4887 31827 12401 32248 24887 479 32297 17320 11778 33998 12039 32971 13680 1248 24623 20375 18187 20561 27646 35462 33833 9180 35027 22959 27568 22546 2985 2570 8995 42 12559 18444 34075 6035 7343 9255 7952 7227 23364 4644 29417 25858 18410 13073 19262 16108 15213 2920 26725 35771 6782 24112 14250 33139 28543 15279 27157 3475 22499 25758 14353 32877 26805 1548 1296 220 16018 35806 23642 4076 4916 31721 35820 24582 33821 5077 7473 10534 33369 1602 17428 14313 30863 3038 5827 2666 29062 8974
1579 111
25333 31943 27727 1857 4127 15 13412 5340 34765 23059 25334 6352 28077 34653 23714 30558 31054 24331 17947 6874 3122 4450 15309 34064 8317 34554 10273 14977 8085 15724 14401 16708 25272 7391 8243 20358 19729 32643 31730 22852 35626 21400 19982 1369 22469 21438 24548 29973 11515 19730 21096 16721 17080 25860 25805 22824 31012 1104 24917 7284 19954 29650 35448 10866 21331 18062 15996 34790 7256 29481 26036 9806 34048 6488 34923 9528 31584 8196 12001 10372 708 31074 7230 33498 21861 34163 34467 6082 17879 1040 35123 17864 32021 21986 19279 14484 26525 3172 9102 27285 12711 19696 11809 32267 9857 2692 783 10307 25269 18436 2693
3061 115
35495 18428 5447 29508 23705 6850 13698 1393 29784 9076 24286 18401 35915 6776 13637 4575 29401 23760 5614 14116 9261 4765 17109 9801 14870 19175 10879 34495 22866 21039 19960 13918 32053 12307 14872 24588 2109 25872 31571 7782 30159 17699 6134 23188 2234 19658 34476 24992 6263 20893 14114 23288 30917 3286 21547 1933 30198 21932 7873 27271 864 4123 19378 11117 18602 27639 32737 29965 12815 10758 25091 8757 30574 13189 15087 7832 25306 34948 15313 29809 2904 28281 19089 20804 19134 25482 4294 13495 23517 15663 8765 3548 32916 22545 30808 2884 23211 153 27086 24423 15211 23820 14368 22634 21335 12797 22729 27509 27916 15384 5664 27059 27783 26166 14304
4304 114
8180 17528 12007 18211 30402 14077 20463 14991 16229 2917 11867 36321 32211 27373 10581 15574 27336 26054 6494 4460 8552 27869 16847 13304 4610 20118 21884 28950 9296 11284 34647 8965 20716 23941 11138 27781 23335 28364 5483 11899 33244 30482 16223 8986 7183 34463 5991 21212 2941 34332 8931 33617 25096 31104 18199 23749 25574 22220 4043 24422 33566 7058 25421 13092 2180 16631 10852 32803 21623 13040 13693 28919 2496 24104 14874 29780 10083 24555 11386 25951 31154 24435 23648 21242 20724 22655 15568 1018 16333 6326 28202 27816 32181 8423 3166 5034 16074 13648 25402 7452 14574 24485 23125 8380 1039 12650 30238 26968 26640 30503 20083 3536 6622 29681
2972 106
15867 33800 6811 17278 25519 17792 28313 28320 21784 4035 10743 25879 33204 19795 19609 17885 25170 2168 1315 13107 16579 35292 65 14296 36192 24300 7270 33555 32235 10043 32694 18333 26319 18015 26360 9745 2513 12171 14995 10816 5438 13009 24831 28789 24984 18244 5021 7865 36175 13963 30664 22901 4550 32821 18528 30175 24357 12213 32289 19838 24156 2340 27880 15317 12069 27864 29452 6978 22380 5482 35790 25919 1964 18879 7349 11759 30911 21827 21118 21490 35872 13738 16637 16218 14559 20253 8745 12596 11147 14711 17538 15953 5016 21956 152 12403 6358 10781 8245 29113 5355 15777 11485 703 36280 24472
3732 111
9824 35505 12922 6075 14165 19857 23879 928 8919 9146 2856 21911 23467 8466 3113 18285 26328 4119 34403 14400 25070 7737 14037 10538 30629 35965 4477 1607 11609 14081 23155 16640 31661 13517 20012 3403 22216 9359 27407 587 30351 15472 24669 13999 4426 5032 31923 32932 32043 32091 35069 1636 25149 33922 25898 31256 4908 3921 29176 26327 23849 8481 1245 5897 32320 12317 950 21590 9643 26754 25660 7197 35288 1889 10370 5930 22088 31718 31803 9259 27246 23312 3861 33662 24833 12694 20332 14075 16878 10685 35215 5611 12414 12201 8302 23583 35770 12071 7839 6886 8135 29154 21060 19208 35918 10832 35468 1812 13896 3176 27458
2931 113
6487 35727 1917 32729 23205 9604 5180 32333 20077 31799 12134 6327 32690 3044 3953 30499 26026 13218 15809 29533 17525 4850 32976 36026 2429 16362 10649 3934 32948 3431 12516 14633 26156 3426 25415 32219 20417 33434 15642 32701 16807 34922 30704 35379 27302 34266 14543 33021 10360 31176 22490 27601 24221 21533 20051 35905 5925 31364 8120 23743 35967 19109 31307 2034 12610 11051 9166 22830 25403 13178 11987 14803 35817 24932 17083 24578 26734 30274 22060 14538 29313 25597 8666 16765 25834 4713 21320 26323 33808 35622 8871 25159 25258 15621 2842 28073 31671 23787 17990 31787 26599 9030 9762 32536 19361 21391 3699 8827 140 35408 3867 12883 28846
95 111
19224 13150 15171 8370 17927 6834 21103 23450 7153 6246 13840 6564 19247 6538 33769 31284 2939 7246 11824 179 9687 1254 16858 13745 22456 8440 25824 33072 21099 21570 28730 11417 22598 4669 1624 35736 22675 5146 6057 19588 166 26923 1909 7261 18229 31195 3467 36294 7590 36028 861 25229 1643 7276 23284 34607 16092 6404 31505 8284 9733 4408 5170 4650 13205 21264 10496 28351 2855 33269 26676 19191 12480 12066 31585 17644 15972 14900 23537 17251 23587 33473 16038 22463 26017 20489 13103 25328 23692 27617 15228 30240 34504 31418 16465 20868 16687 13498 35928 30949 23609 31871 32288 2981 14976 4697 6460 5420 14770 2808 11110
1626 120
22626 26432 21630 35479 15470 8324 10495 32603 13489 1449 20260 35174 12242 13331 1337 32710 24379 722 24693 31894 31741 3424 18566 15997 19877 19432 1728 32507 9044 14681 34771 36156 30861 18228 8820 15009 24293 29802 10382 31319 34367 30108 31291 23892 12296 10763 33332 25488 11200 2697 29116 15108 32246 12280 35899 28389 31296 24586 12059 22719 27699 4318 23505 21119 34656 16085 35866 3692 19473 13581 16300 18753 28991 4381 35296 21820 337 13871 21015 20252 17827 8536 27479 34523 34240 25185 6525 13856 22923 14808 29699 15745 18301 4322 4886 28039 32425 4990 34717 15133 6446 15447 19204 29790 8168 5287 1086 35916 25474 18642 14523 18841 17464 31197 24847 28261 33851 31288 36301 12633
4044 118
3135 4069 19991 31052 11045 22221 15200 12705 20753 2762 13140 34582 32577 6051 4804 8890 22136 6737 22177 14017 30621 8191 34741 31344 3713 32880 24311 15605 19255 3336 2514 4739 9461 19808 16151 31516 30569 4786 17909 21823 32940 3317 28465 22240 27202 3338 30773 23245 16072 30515 33782 23823 7315 5042 32452 27807 29865 16941 18278 29356 28460 1601 29885 36375 26085 14911 15277 6570 1065 20967 25924 22817 25073 10437 19248 16454 12031 18143 14939 34768 20683 26515 23259 13282 3341 13721 3739 17718 35818 344 22778 295 35708 2943 5954 9521 20294 4295 29819 28206 32868 17509 12597 21541 2072 14904 35609 32447 33321 32922 396 23060 33807 24069 31371 20928 26691 30196
2864 110
2430 25716 749 16415 26881 6279 22838 33035 12176 4823 11673 6115 19847 12886 34726 14837 11832 15042 32311 23503 32532 3779 16823 31913 36311 6474 1628 34249 31434 7357 8589 12958 34477 30942 13562 9695 32622 35668 1663 12701 17088 35589 1803 29517 22828 19243 5949 10966 28205 33092 22693 27604 20886 25663 16536 13872 36347 29406 35559 21493 4315 13740 9486 8008 34300 12728 25434 23731 5003 981 33537 33525 27719 4826 1592 11585 14585 35277 23307 6761 1243 36019 25809 208 10527 12406 35050 11547 22156 14061 23875 12806 20904 27811 30862 27951 14510 9123 9599 3754 24967 3982 6724 5973 24527 6268 31402 22574 29123 3420
4804 110
13766 32203 515 16006 13573 29643 30472 31242 11811 24746 25954 31979 11013 14655 26726 24073 31855 13908 28174 6242 19335 1986 30507 34556 12912 7168 31423 6958 4521 29102 34622 12373 2624 17643 29077 5575 12184 782 28134 14614 35929 16770 7443 10570 35996 2596 1232 31937 317 20330 25791 14914 22128 9614 16237 26426 35235 803 13208 35005 9011 17785 11026 24431 13502 5893 29822 30678 14908 18809 32205 32930 7823 9800 1830 25413 17887 28680 2263 33980 25347 19348 80 28856 17731 5154 22423 35030 24347 2734 32704 18462 14927 23220 4584 22450 21815 23685 34041 19387 32027 739 28901 944 4658 21095 27915 31244 34406 29265
4285 111
11388 436 30751 1085 33213 32854 2945 6847 4330 32107 35527 32189 12294 19538 1325 32074 8371 15891 8091 26234 18376 30505 28449 2887 29837 8040 7056 14175 8636 6461 881 10010 9416 9961 1488 26337 32142 21534 11001 23865 25325 26377 12205 12572 4661 27224 32678 32058 35665 28958 15190 36371 7953 33633 7827 1993 17284 1786 26927 22808 19814 6164 27127 22458 12885 21406 35526 16511 23490 4973 7613 30164 6663 31948 11190 18336 9088 26420 33308 11962 18720 11164 2302 19315 34764 26939 31776 10917 13770 20830 35882 20634 1209 34106 6418 26570 19949 25599 28255 21943 15148 5748 19267 6160 26468 28131 21631 2207 22198 33440 23157
4862 109
10286 32799 13717 25074 8388 32893 551 31276 32141 5671 13964 29806 20446 13468 8473 6475 7580 5730 27123 14078 33926 10446 11613 13545 24303 14938 12842 16357 19345 11680 22937 17662 17647 719 29385 33512 21906 9875 33032 23926 20735 20777 14366 23138 28473 19975 24642 319 2722 17753 1813 10383 27241 18063 13207 20776 22672 12225 24751 23650 19258 20610 12867 33925 31049 30195 8800 20652 24167 1662 22953 32504 11567 18094 7919 33565 26088 8038 9116 35154 11749 26817 27050 3498 33363 22980 30777 23683 36125 27834 35276 13149 32028 29778 33682 32204 1590 19040 16633 953 36112 1947 17327 29636 26322 27715 11525 16328 22308
2637 105
23924 16551 31232 24477 9772 9697 10646 8368 25468 19107 31064 10270 7455 19353 10318 3396 35208 15485 5871 5847 18008 3232 5536 14018 22989 29838 2126 21412 17881 15824 3022 24805 17062 684 572 30688 9738 21443 258 4770 1334 18869 1629 20667 17550 18829 1122 1330 11240 29264 13316 32122 30138 4001 21121 26674 9313 18024 25270 36074 15856 34849 35962 23576 36058 25173 30354 28815 19719 5539 28306 1623 10316 28553 27072 8365 590 18317 19229 9236 8204 29138 9226 23765 18743 5085 31318 1724 29832 14436 30906 845 13265 2643 24107 35047 19575 3620 13327 16794 28438 2060 4411 20187 24872
3545 105
17200 15182 28783 12408 28344 12047 13931 20515 10391 27523 13533 4855 5851 25961 1268 30150 28397 27529 3654 14843 29236 7029 25994 21710 19751 8929 5403 19484 6721 19785 14528 5310 28930 31656 3984 8454 24360 26952 5521 4272 13405 2819 8322 29338 22353 3499 11040 30633 30248 26349 30673 304 23343 8308 4961 19908 22273 29882 10706 7086 6067 7077 30829 8898 24618 35060 23543 3340 33963 2112 12207 11548 458 945 11805 16188 23345 14921 27005 19809 7337 6948 2707 21942 33265 10447 16630 4840 15772 1723 17604 27018 915 11884 1483 30243 32265 12158 35859 33343 1904 35222 10896 8502 15616
2665 116
2582 24791 30473 1651 1689 24516 34454 196 28637 4516 19887 27270 77 15681 6054 19005 31747 15343 11171 1518 29014 35137 20209 25429 19859 30132 12468 25518 32511 7561 9070 34268 9183 22734 24463 27678 30342 5499 2316 14765 10090 24352 34135 18837 13200 34605 2024 34237 9927 32667 18861 15355 22158 34507 35639 24395 35652 29262 7093 22236 10543 4116 21838 866 29500 28880 1440 10153 16246 6818 34378 18350 7155 35259 36288 35442 14909 11785 22635 8516 23293 3102 7601 19723 22682 13276 13685 17984 30680 10106 1201 17007 30914 15113 8017 6555 31363 23761 20378 21071 30570 28218 29446 757 3675 31215 3658 30263 16739 3850 27095 14396 3180 14152 20542 10961
3843 102
6992 21875 33762 27120 10703 19322 17925 11595 13958 8111 20151 8063 12288 33912 24943 19599 15407 31277 13636 15421 28259 2786 16460 12684 10818 32147 27698 8464 6526 6600 28817 2717 4844 6942 20665 16363 5134 12657 30591 28879 9591 28445 23002 11589 958 12248 6121 19804 23106 20606 25907 34854 32389 31915 16251 4000 3057 26341 6435 24200 4547 545 24370 6178 5319 5144 23478 22951 11214 25675 17782 22641 21847 34874 16115 9868 5435 23762 11395 25215 27569 27643 20600 16598 20348 9841 9347 25 28886 17298 10950 5443 32613 24369 26546 12962 5335 19231 3153 13206 16420 517
897 108
22864 215 19572 22193 28871 33106 22413 25546 9885 16831 27489 10215 26318 6593 5277 21525 267 33552 11772 20395 35572 30608 34505 5177 15305 4343 11605 31908 20953 30144 25090 6175 24744 10990 34571 788 29074 7088 33086 18736 12070 14233 25345 28884 15993 27474 5578 27125 32312 16411 10136 19490 29501 31132 28171 7471 8795 17993 35488 113 14857 525 4352 6922 3967 14640 28115 8574 25298 1159 31688 32711 23813 25799 33148 17674 29880 3106 5641 30772 10001 13712 20477 9308 4710 1157 16572 12704 18819 7950 11988 11131 8361 22189 2727 34537 6575 4730 17882 1798 33491 19448 31665 10193 7603 27984 7062 30358
2843 116
11415 1061 20270 28117 14311 20061 12733 5998 11625 29736 28672 33639 29072 27840 5840 3483 604 28421 15235 29900 19780 32560 3298 26558 34774 35839 22127 20705 31851 16098 16914 23691 94 4692 21593 3193 22879 31900 30458 10144 11466 13096 15031 17524 22099 29503 18684 1568 23590 28977 22327 14160 26550 3136 18335 2973 32866 28854 34994 19386 26860 25825 14840 16295 11630 7486 32231 18500 34553 29350 20220 16376 15665 25017 32917 30015 28213 14085 8041 10958 27480 33870 24874 8535 3924 6825 35791 11294 8582 17586 6559 12727 29172 30318 8312 5216 31816 13133 23818 20637 21200 23348 31350 10692 18314 32044 30860 34417 10733 3712 27326 21841 31933 22945 7545 2403
4709 108
1336 32314 2054 13604 20801 12284 4938 31386 19737 15104 27910 35220 26668 13376 12328 6000 21488 24058 9494 31047 5461 1598 26043 7166 4269 32303 20162 26296 10671 31618 27831 27518 32276 33659 8593 4976 18124 6456 13978 3457 12233 14823 36335 14025 28380 11249 14415 13811 469 10965 12385 35188 31010 32404 30598 10838 32980 761 11852 17314 9538 5092 9505 5633 12560 21811 16870 34379 21582 24141 24981 2815 21055 23184 14302 30291 2711 10008 14449 24249 36042 32224 13402 23289 19574 16611 17912 6521 19324 35933 9081 4741 18208 22244 28917 9428 32101 20858 2017 6592 4574 6482 29627 13413 9649 30232 1596 23322
4965 119
10400 15789 5845 35401 25039 10587 16159 31582 1264 6747 18059 11074 9678 34173 30087 19820 14252 8441 25077 24131 33128 15618 15040 18952 35312 13284 34021 22454 29056 1874 17534 2719 14565 2283 24562 6118 23011 7722 9153 29284 33534 31499 23384 21801 22646 7287 4986 26049 27721 3283 7229 29554 23181 30818 7057 26908 18171 5100 6723 19756 24719 29221 11401 23769 30696 13983 22712 11436 9412 6261 24420 9101 21069 34909 17983 20089 12895 13600 14062 6754 6311 13995 12552 29050 17934 32654 23733 6990 27328 10477 25506 34248 7290 18225 14269 23815 25661 8958 21921 7689 21660 10999 31601 11112 8872 2289 21627 12055 11248 32501 13675 9023 17733 16192 35502 2458 12744 13191 18086
4958 102
23034 35663 31798 31198 14339 28347 11324 5040 29055 5463 16662 8518 18035 8870 33202 12329 3306 8982 19173 5688 5694 22389 30762 22080 32975 22096 13844 200 28484 15890 5408 35717 27776 31169 3013 10655 28137 15290 18268 24489 27681 13954 18671 34217 3309 9265 35202 7868 36172 12478 18089 35730 13339 33049 31556 25729 8252 7638 35799 33271 4514 19304 34083 32271 4199 186 17773 8810 28111 2977 14100 25509 21985 31614 33178 27314 1667 19430 27419 30575 20387 31178 16023 34581 26882 1965 12801 11413 35080 24454 33113 34311 15212 20941 18066 9189 14105 22774 18409 34549 16293 17552
152 102
18640 24248 13947 1588 1418 4530 21258 19590 10133 23330 7744 32476 16050 3868 20749 13027 35578 28106 22444 31006 33753 5768 29663 20311 21837 2754 15356 34590 34943 5682 1424 10539 12978 32451 26585 4656 10034 1226 22025 31623 298 2257 1541 7220 35241 32677 29972 10221 21148 11412 32478 29710 25353 5669 4978 30695 27343 22797 27131 16083 2012 12232 18557 25920 2313 29968 12953 24265 12054 26719 32831 6837 11049 15422 7497 26769 2239 11991 14699 31147 18830 26487 2572 15146 22620 8864 7400 15300 5156 25541 9825 24602 24796 1031 9675 34046 25642 34745 10675 20157 16896 28889
4752 86
18465 27046 21308 15943 33801 22186 5727 15423 11554 32134 35345 33582 28703 35394 11396 20441 30614 2117 11741 6897 30653 1603 563 24180 10097 31760 3853 27720 22496 27619 10379 25484 2260 26806 21990 3950 5139 4874 3187 23052 4540 27103 30084 16313 1338 7587 33235 27765 19418 2147 18219 16527 25303 33908 12188 28983 26577 21075 15594 1047 778 10796 30561 16273 4529 30157 3610 10265 33770 16068 34094 31470 10131 11069 1056 7965 9278 9050 34308 12988 4231 12813 18370 34766 30046 28477
3599 102
10886 22032 18810 27398 14437 3587 5636 35092 19239 27188 13889 14836 11598 23257 12238 34086 7094 21140 19460 30972 10882 5228 23101 31812 32366 11743 6093 31611 7266 33635 22935 6223 10751 4705 12168 18472 34759 25705 27888 19811 35994 15528 12177 19333 28931 27934 29018 13145 8752 5296 30610 9644 28321 6377 13148 2270 6233 18198 31702 16938 13695 17629 33170 18718 36122 3476 2048 12052 26560 25797 19667 11838 30795 36275 18632 3480 22645 9777 29306 19029 17098 30316 3729 9104 7591 13807 206 28436 2824 23177 34213 32316 35281 9636 4625 7789 15392 30599 9349 21283 18280 16945
515 115
14810 16910 15537 709 26133 20556 7503 29304 35064 30429 16203 12499 27283 23502 5181 35634 24262 9894 14957 13252 35454 35189 19431 14506 16492 7012 27944 34056 15390 16810 20604 20529 22398 24944 1016 27056 5490 3094 31920 15656 17149 31332 2040 35602 9730 36258 20536 25171 30161 10673 32561 3239 34256 35406 28375 25266 4213 34292 4096 33722 109 9263 18000 22889 29305 8182 25205 17776 15741 23137 23042 30332 15864 34326 4950 30163 34013 2055 205 24610 26941 33379 34395 2882 26177 9688 30905 29545 36205 16576 26965 32315 8611 16453 21856 20744 22284 4221 29005 36097 3894 19689 15873 11481 3637 25530 23024 16788 4839 25047 32473 5572 4863 17862 11370
1411 100
10584 5235 19624 24358 29205 22558 28124 16498 28063 15220 13985 21959 12488 24375 7496 25262 31229 17710 36283 2669 17097 5174 28327 23332 29037 10761 8531 36369 30584 27709 33297 20722 31572 13399 26671 28613 31295 6416 30374 24372 11602 3597 35898 6635 36046 6045 21213 15806 1694 22449 22173 36212 1649 8515 8048 4424 3216 2467 33703 12917 28777 6927 6967 26990 11634 27192 35595 194 17290 31026 14321 32475 3634 34491 19944 7934 30444 23186 26768 19365 22504 15739 75 31024 21808 2413 24218 5943 30399 14846 34284 19720 5541 12430 2595 21869 31310 18974 21482 6892
1198 103
11082 22570 1595 7329 2032 26902 314 7668 19115 18 26717 14781 25134 34090 34843 13796 22166 34220 857 30489 9289 34722 6821 2470 34374 33829 20668 36396 4111 2246 16826 2665 15924 12019 32889 707 33669 3005 9423 7606 25969 16625 8534 1585 32453 24879 21456 23752 21276 13723 11664 31261 18703 22065 11216 4265 10275 7142 23580 22319 11995 27061 36138 21467 19902 30930 23255 272 35671 22914 29475 8661 22332 27881 29686 1633 2547 11142 1076 31502 20567 17474 24113 28070 5415 13768 15778 17541 15361 23545 382 10608 24889 1000 25431 23845 20700 11283 27062 23494 15851 20433 30041
