141
4543 8
73802 73612 57789 50944 76896 14482 10597 36626
8359 8
3334 21752 28321 9825 20556 59440 92865 34882
3817 8
5575 63519 1765 36547 85805 1312 5536 83013
4292 7
89342 51065 54775 92658 54247 36984 33848
2476 5
76244 77548 18577 85488 52583
8736 6
11931 27106 77156 45339 50954 90810
6295 6
29685 37462 17818 81802 27375 45811
6791 6
32040 57842 57676 53509 66977 17774
21658 5
8295 84888 70575 23133 84959
1281 8
25922 44333 26541 26950 37575 87797 78372 57084
3942 5
43582 14923 83407 50143 78096
7988 8
87187 51609 69157 25199 9594 62352 43361 48391
5065 7
89235 62775 69990 14832 34027 51081 720
7137 6
31635 12030 87570 71657 33620 48909
8463 6
33606 70939 24145 76074 67460 71040
914 7
4095 81933 26503 44051 8568 51793 36456
7927 4
19661 40092 62102 86837
5056 5
25609 91967 72294 72670 23234
7686 5
90413 56665 40633 17336 85903
1601 3
30818 75304 6288
3396 5
21345 74191 9224 52281 21060
2502 4
4125 14948 80894 83300
4334 5
34922 14615 70629 22262 10242
6058 6
84675 15767 87688 49088 69200 82336
1237 4
2606 13890 70419 76512
5993 6
36803 72846 39646 65863 44303 76697
5427 5
47636 562 63612 35388 12924
3385 5
85596 78467 87987 24203 93060
3704 6
53716 88994 37642 65978 50272 38898
636 5
38886 70515 50779 74841 8833
2614 5
68691 13297 70138 21013 81423
464 6
34664 48520 22950 77762 81513 33485
7636 6
33873 82428 20317 45141 25034 62736
3289 4
19500 26558 75327 91693
21991 4
84477 20707 70815 41076
7671 4
29757 26670 92459 22656
178 4
47289 52342 9280 40468
678 3
29731 61167 11292
4163 3
80765 86239 43335
7497 4
44498 76987 15421 46735
12455 1
7968
2308 5
37641 76379 91663 11619 45249
1032 3
74243 7192 29831
8147 4
46078 70587 4043 76056
5357 4
4397 12538 5491 87509
1768 4
70233 34132 9013 2596
18979 1
80083
7149 5
78547 4018 53180 80989 23638
8583 3
43131 69779 33593
8184 4
65402 42468 8502 53738
4841 3
53467 89260 44446
486 2
6660 53308
635 3
90064 74642 78265
6901 4
56310 24030 46341 49062
4426 4
44358 36077 33548 41447
445 2
31368 25176
7784 3
1692 93122 75944
2115 6
6833 75725 22855 11473 24799 76440
8542 4
64520 57918 39460 78436
741 4
48838 31059 49957 9342
6918 4
27217 19588 21347 45660
8388 2
73803 2355
4694 4
39144 38937 58062 70978
7760 3
91073 60088 18215
4001 3
42737 33725 53314
13415 3
47307 66214 16750
1838 3
17493 41407 81234
5893 3
79552 21621 29338
7202 3
46065 37445 73297
4924 4
1927 82757 61547 3200
7840 4
65074 47718 41524 23535
7221 4
10749 53886 28566 67867
1726 2
12438 2281
2002 3
21664 16885 46623
17685 1
26018
553 3
4805 41935 82506
5645 3
35851 54619 70777
8236 3
17486 59262 28873
3701 1
87047
2864 3
32348 27290 49493
722 1
11685
4119 1
2209
3722 2
46265 82929
19709 1
80419
1472 3
92109 16080 61141
7326 1
25872
6016 2
76565 72939
2196 2
81540 50685
7433 4
83476 38072 32284 8204
647 3
43151 14688 28589
1082 1
28930
8333 3
74662 47668 737
216 2
3410 83788
7783 3
13658 40657 71868
6239 2
53098 74540
215 1
55303
583 4
26437 61876 18164 82654
4039 3
27813 86000 29719
1553 3
12342 61684 66899
7779 2
59122 48614
21913 2
80497 16168
2793 2
7697 30577
4339 2
77171 72352
3135 3
66672 49184 9781
8195 2
15335 29006
7120 3
62224 8721 19114
5841 2
46483 4725
1394 2
4769 51275
4820 3
38883 64889 31703
47 1
83851
6994 3
84635 57795 29771
16881 1
31332
16739 2
46468 62191
2815 3
76982 65525 60228
548 2
53550 22531
1411 1
30050
4303 2
14899 6489
3990 1
33333
8792 3
72837 24109 90804
8705 3
20066 28587 65908
10618 1
59696
2352 3
73315 55603 77807
3392 3
52147 69948 75391
1204 3
62292 46368 45404
15422 2
8480 24554
6652 2
5225 27380
3002 1
56611
10781 1
1274
5985 3
72383 28679 55279
12079 2
86966 87908
7411 4
72617 5847 83600 56049
5593 2
12788 47406
15900 1
87352
9870 1
25885
8297 2
19019 10963
1797 1
92634
16112 1
6315
8530 2
68335 66008
5486 1
9470
9587 2
33918 6081
4412 3
71451 52429 20455
