21
3812 132
26832 27494 17668 94157 94019 26467 86790 66733 91585 20286 23990 28400 46934 54724 72179 19286 30572 55 11200 29725 50942 4720 84750 58804 7666 90891 64921 13391 86257 93533 65884 46140 24604 87728 93942 21431 49062 29162 21373 60128 71805 68916 38594 93760 83427 42158 89073 95203 54381 79410 94606 68233 5927 31955 92825 59530 63547 17108 1980 49140 57448 62281 47210 98383 18550 80000 31984 18190 86517 69969 45717 69622 89761 57200 88481 59779 60873 85289 65088 71440 34364 67883 67838 84660 46916 66002 35264 3250 84904 60844 52001 69012 64462 5367 11060 8995 72550 71623 38170 61698 69604 52116 45158 51895 24432 50802 67173 18395 42570 24750 72670 65690 5190 78504 62074 78180 1053 53971 52535 26523 34046 80706 49683 22678 72300 49162 53218 51721 48464 83516 43651 33603
329 84
78149 26099 46253 36785 83843 82982 44979 16891 28142 7761 96024 29400 4298 82979 13269 86659 53980 23683 62925 42198 96503 9083 13099 44500 57515 63940 63260 28566 43738 8969 48472 79357 80569 44747 20942 24028 23559 82573 41366 43774 14728 88731 94909 3146 10882 46112 14178 15226 32038 16572 23215 58824 84715 22951 71084 91195 71028 2933 23434 57097 29342 41432 14809 51553 37824 71014 61831 87629 53091 84510 90554 61428 48136 13867 87370 4398 17627 72805 95415 68088 62476 11414 80175 82550
3011 62
82930 19279 36845 19780 41637 34248 4164 65440 11372 33571 5499 30328 4026 53932 45301 83746 48844 10111 26377 47612 17052 77475 43228 55110 38916 98880 86789 97721 82432 18795 76723 52926 30972 96755 49951 6419 24402 52000 41821 29102 95911 91086 29237 6570 45398 67583 40059 45042 85434 44242 25607 57472 89974 51854 46758 36849 12348 3075 2412 22646 76589 32114
6905 61
28163 74513 27658 46693 12473 42631 49749 92256 38366 69537 86601 43365 67249 18113 28221 84859 7770 83101 50636 66610 92828 99404 95550 74533 25558 42526 33144 36525 92963 84379 35222 27314 30570 2101 89120 63944 84318 55832 31196 17458 56585 67844 1143 48091 87235 87872 89479 38191 35925 24860 42653 30477 42957 84389 42388 7292 6889 94729 88809 5292 46509
1268 40
21067 47966 93375 17801 19877 21611 69413 9975 9314 8214 18107 79779 41436 98963 59354 65151 5638 19399 3737 74145 81721 98743 97484 4017 64421 49290 54854 41402 26428 12351 70857 42474 66922 93177 27171 57136 98935 8351 67259 89043
1883 24
88788 10735 87086 65813 74268 26444 31629 59880 73059 60282 3223 49508 23970 63979 35243 26550 87223 89306 4751 88418 51725 24711 27835 41987
1625 33
22853 47193 99451 44506 15673 3249 56329 79394 21590 7586 59249 68526 96824 20367 23599 68663 96184 94115 21813 34865 77480 17938 23692 15075 48936 38144 9072 27697 32752 16727 9981 43334 23179
4435 19
34348 61348 68147 3523 96794 74144 95737 91482 4980 87440 93106 4806 87122 75561 98868 41017 57391 28229 77725
6478 19
83841 44488 67726 804 45372 60328 33236 31654 26603 19960 79228 65318 37268 92394 31906 76501 23283 49288 17216
7411 12
5222 42560 79561 45830 86710 68337 95209 97147 9020 90397 90613 72421
5269 8
57556 72502 81852 86633 25010 66269 79302 47257
5461 9
3752 50321 77329 39003 71616 17229 86816 3800 71583
1861 6
47713 24111 42333 22712 73949 56903
7246 2
97140 53966
5404 3
93238 20501 72745
1022 2
13950 14408
4454 1
49230
2369 2
95411 68115
1522 1
92995
7292 1
50457
3709 1
16298
