197
6147 10
57 38814 34541 75462 37928 68137 67012 35991 25977 74571
17050 9
3246 29554 79315 81886 46218 73138 68808 77022 82674
3041 9
17877 67024 80943 48525 56799 65376 52058 20464 44520
3960 8
43215 52369 82264 60835 81489 72264 11540 48666
2337 10
66923 34190 69829 81173 61052 33379 71861 30323 8175 75653
1615 9
73002 41919 42638 24245 58510 27672 5158 74523 26638
3203 8
27890 42229 18514 30551 55796 22664 10282 56556
10972 7
51414 74967 64450 52994 82325 52202 60993
1471 7
52959 7862 39369 73979 40978 25552 28011
15023 5
82764 50683 19368 21476 58137
2309 5
54417 2648 77388 5402 50863
1407 7
42590 47577 37779 54894 9110 77784 42911
1546 5
54949 47675 24341 25711 27465
1797 6
33918 9555 20016 42940 40501 64973
1664 8
50980 60444 63276 23304 81443 21405 84969 58572
1681 4
52502 84856 39650 78209
16546 5
56861 82556 67892 79412 790
12769 7
7764 23533 10843 55160 57473 15985 13631
1246 7
70404 80337 26736 39568 58689 83566 50528
2437 8
40074 78247 45220 83833 79335 67379 29318 15592
312 6
2715 37402 80053 27797 24819 29729
11068 4
26382 84418 41367 83207
14059 5
62270 72523 79283 77661 42670
9010 4
55182 42543 40692 36900
13997 4
34779 7981 12892 19849
1745 7
4174 6688 26422 25624 38023 67280 52343
290 2
19663 3664
2962 5
65327 34539 23627 52344 8217
50 7
4408 52864 73568 32004 53065 74784 20924
212 6
46454 53730 16999 53398 78330 32928
3622 5
67877 67594 58132 29524 27980
3026 4
56487 72949 82212 1905
2046 5
50438 35057 27811 11067 54823
118 5
8435 71438 60713 55843 83655
2104 5
33024 1868 54841 16828 56359
2644 5
70690 41084 78555 427 67537
2660 3
61043 71817 18691
3312 4
52901 49587 15763 82830
1303 3
57710 59297 20760
1925 4
46309 50171 8569 11206
2289 5
36454 58637 25315 55458 48181
15046 2
63341 18462
3268 4
8721 9767 27886 29026
1941 3
74835 40163 72185
2919 2
65490 47352
10299 4
6378 366 59460 26840
11138 3
45342 84621 9222
3150 2
57562 65115
12589 4
45366 15050 16397 78805
2516 6
76423 6188 81333 51252 31848 80914
1476 3
43890 37689 35137
2157 4
23101 25559 39165 5966
15690 4
80191 34614 24448 830
61 2
32805 76969
3224 4
51391 49896 39907 3689
3245 5
69435 55001 84346 10997 25341
2907 3
30753 31949 6122
8830 3
78725 25092 601
9430 4
48921 68197 32024 1921
2031 3
21873 22770 4270
2037 2
71225 26850
6797 2
16550 18334
14213 4
40603 9713 82532 29703
195 3
55274 38183 15361
7337 1
50641
2182 3
25549 2663 60848
14953 3
10044 57475 26617
1363 2
39563 15921
626 2
16417 3059
1965 3
71546 12274 77619
1014 1
75540
64 1
32340
463 1
84776
1301 2
36231 64184
2435 1
41137
3181 3
15549 25862 10201
6559 1
57208
547 1
69889
17468 3
37526 763 64405
13429 1
7800
13624 2
44641 73639
1799 3
8810 17075 56492
2190 2
22049 39938
8723 1
4963
2477 3
1291 75705 68801
16493 2
36120 37650
16122 2
30292 57482
772 2
996 38087
201 3
63929 55965 25366
79 4
12718 77722 40331 67310
3491 2
71368 62279
720 1
55988
18651 2
40301 78474
4758 2
11045 22595
6924 2
81238 4805
1765 1
24676
2783 1
52646
58 2
61329 8881
2110 1
45030
755 2
82768 2969
5706 2
53822 35630
9153 1
29835
109 1
84184
2113 2
16695 81257
9486 2
32780 80982
11393 1
5037
335 1
36745
511 1
18176
7545 1
63125
8884 1
74094
549 2
26592 77580
2572 3
56092 50852 23827
3617 1
65676
13548 1
53660
17520 2
50063 25834
8593 1
38350
73 2
59716 61167
8404 1
76807
633 1
77319
618 1
68908
2434 2
7323 19243
10398 2
81380 48276
3293 1
2811
337 1
56825
13017 1
59850
941 1
73084
1071 2
18822 43242
6940 1
24393
2007 2
40662 61278
15514 1
30917
1673 2
80266 28408
2472 1
53177
1490 3
31240 854 62164
3255 1
46916
12118 1
2525
1386 1
18353
18565 1
31041
2774 2
36876 62196
2554 2
66380 65161
4863 1
57751
11701 1
50071
1378 2
9296 22778
1587 1
80087
2220 1
61849
2616 1
77426
3168 1
7415
16243 1
68981
2217 1
35156
12014 1
39886
5855 1
625
1983 1
11211
3501 3
46706 19833 68442
102 2
43642 28642
1180 1
77357
731 1
63289
1528 1
46373
2556 1
74646
1436 1
54407
3661 1
81177
1373 1
57393
2057 1
38871
1266 1
67714
3369 1
16592
11911 1
8232
3124 1
56734
14532 1
5907
1553 1
8563
243 1
53574
6257 1
46021
2212 1
67645
17478 2
62398 52434
2746 1
21138
4894 1
46473
15008 1
8482
361 1
30332
12082 1
11760
3191 1
61304
2494 1
33113
2480 1
74654
7356 1
75651
196 1
41868
1916 1
46108
1509 1
43617
3550 1
48165
8668 1
29583
6843 1
16051
114 1
34632
655 1
83756
16093 1
11484
15951 1
48866
866 1
75639
1064 1
79858
3610 1
38115
136 1
52396
953 1
26383
3173 1
37999
3053 1
68549
