37
2447 30
87205 34792 38481 99838 60466 89331 91756 68921 70806 58966 54647 42599 65635 51453 32005 13449 40790 65283 19399 4430 16961 57612 84970 60468 7797 95342 61424 92830 85314 31396
1204 30
9499 67749 2655 96690 43252 33884 8610 28835 19622 56014 7522 55220 26573 98533 24907 13845 73023 42161 10713 58642 37276 23460 34962 64020 71797 64219 70836 76908 44198 42448
5581 26
90541 55743 46982 63716 95653 78828 45058 69832 49314 14695 20924 89867 11289 90470 15055 35672 9134 97572 48792 84912 28285 65911 24071 94051 29795 46601
3911 28
97397 94898 21904 94719 17311 89394 78273 28051 4961 19886 90413 26728 98868 31143 82680 20529 53485 47209 16387 26672 72039 74969 83665 23024 80537 17511 68315 77878
936 25
91653 79009 59229 64038 93797 34871 77501 35147 20939 98134 20952 40110 45168 28708 88227 67878 55643 35450 80048 76998 36554 98536 66697 62247 56791
5550 19
57419 89568 37600 75928 79375 50315 75466 25820 24807 41885 76233 7518 80695 37428 14718 75163 16478 84813 40250
2087 21
52701 98674 36693 97447 74739 68739 19750 17664 21212 37454 88294 12843 15913 13346 27112 24439 24240 5629 63769 75010 89748
4634 21
4634 58323 45286 72843 49342 380 95988 55191 61691 505 95901 52129 32460 26056 73009 70258 10129 31909 37810 55187 99452
1660 18
57978 87364 34251 67652 5661 73992 67597 12932 15858 1975 14627 30814 69018 46703 48256 10165 84479 36762
4070 16
81325 15031 29685 61694 97022 39128 50583 37000 35784 94378 11891 21033 86608 53343 51765 66170
3556 17
37070 91039 85605 64585 32559 39219 37715 60405 64324 92905 9047 30431 40280 52380 24128 83800 92876
5425 23
93505 72093 56252 49651 41067 37582 83548 93710 12727 68417 39772 48839 44158 12546 91025 8269 97363 39996 40732 52206 42746 99816 35438
3632 18
2690 39446 15339 15863 55624 9885 54174 79734 17917 12888 1544 47482 26765 62520 33231 30536 43941 58118
1813 18
78659 18211 66382 92632 7607 47151 30127 97910 19728 48961 34817 1730 40923 71928 34319 38829 19527 5039
14 17
82596 74121 21104 97088 95920 8716 90950 71401 91331 31040 65958 9329 11556 83271 51835 82201 21549
2061 19
59733 36402 74159 37414 40406 13680 13939 65522 59283 29632 49758 70177 43966 71562 30692 32750 4801 42634 54396
5193 15
49785 25966 70677 12850 53833 79551 11266 94384 92714 34352 24711 40183 91301 29503 84564
3353 14
44399 4233 20420 6731 7537 68779 13514 34185 1233 18508 45450 51722 11567 38585
2665 14
7258 35732 84013 56447 88621 38792 52474 22145 39261 97842 12680 87736 25887 58579
2761 14
69650 66687 13328 7326 61714 29676 67337 17536 7179 96499 96036 39938 98896 62385
923 11
11258 50989 26423 28183 7542 37119 33737 94453 3710 64658 74603
4108 13
84711 80746 21430 96776 34545 90002 69582 75114 63123 4319 34720 74848 54803
2735 13
47928 56165 72245 71868 38374 34472 28477 91998 11513 53829 11089 75803 76036
3779 9
74992 78187 61776 75590 36037 71355 51229 29895 727
5560 7
41369 10560 28469 79146 76286 47551 40354
3580 13
70883 97943 13355 84301 86894 45430 73310 42287 92942 34374 28773 72120 52587
5333 12
75160 62176 80901 44326 18583 72657 6498 1789 52012 90988 63680 85635
4191 12
36777 20047 49388 58868 98913 40287 87100 54506 62371 8340 60989 63949
902 5
30506 67577 90889 89680 56997
583 3
8712 43890 16565
3698 7
2563 59034 94740 32385 25532 66563 22961
4760 8
72768 70938 91001 19233 22361 30048 25581 45713
2855 8
16010 99239 25422 39890 40605 59085 96491 12655
4197 1
3519
3782 8
85760 88609 35891 60628 48580 89267 76709 95546
3210 6
87871 8050 91804 98150 34492 98270
1765 6
25313 94595 65446 91635 12847 91161
