5
0 336
1932 1835 1989 1157 1476 874 1004 951 1061 2332 973 825 2424 1275 1743 1364 1883 272 742 2454 408 1385 1756 1912 73 1072 1256 744 2478 1141 472 1073 216 195 1987 1291 2342 531 777 1006 755 1702 1739 2012 596 824 831 483 477 276 660 62 2382 2020 1511 90 493 17 1351 2492 924 2289 887 1598 233 2036 2372 1360 1389 1689 1712 2350 2290 1802 1497 1628 431 1625 850 1594 2494 845 1782 769 1416 542 620 1357 1544 916 1247 78 1091 93 1911 375 1439 2277 2498 1513 789 1394 702 2138 1929 2344 900 185 1582 781 1517 2045 2208 1457 134 1115 2405 1815 307 1024 937 316 1541 725 2357 403 674 2037 147 2285 447 1337 537 1622 252 722 1814 1714 2315 499 2000 114 1265 1830 1334 859 1908 909 1928 784 1314 1688 975 2058 2172 1939 1353 326 1327 1298 1732 1858 1166 854 74 1564 28 261 1942 2241 1670 94 1341 1421 1542 345 2219 2305 1014 2413 2467 1681 1862 2038 230 678 1968 1897 2487 2028 209 456 663 1090 280 2196 2099 1092 143 1728 240 1338 2052 588 1634 525 1124 1616 950 2380 1508 1826 2056 15 512 847 1999 217 1854 857 401 1486 2249 1169 205 552 1759 291 941 1701 933 1623 1502 1760 2216 683 994 780 893 2095 2470 475 2128 2188 807 2169 215 2091 319 1442 1078 1347 379 67 2276 607 1231 2391 101 1444 484 72 1276 2166 2109 2325 392 1934 1261 1565 461 2132 510 26 457 734 858 637 760 2097 2152 2354 773 2408 631 839 1868 2175 2197 2206 2367 125 823 1904 1023 1896 1804 804 1919 1931 2476 613 1259 222 149 2451 2088 515 82 226 657 2209 926 369 656 1705 1104 1202 1768 1957 2355 1573 684 104 2468 1808 963 1402 1970 444 1853 69 625 1994 1452 1173
7 218
1299 1819 1590 187 63 421 2445 1675 156 2282 2069 323 450 1881 2060 733 47 225 2125 676 2430 317 1568 2362 2211 1427 1509 208 383 2065 876 1969 984 1342 1244 1237 1325 905 79 2427 1348 1764 46 897 1532 2054 1774 849 1650 817 1813 337 2404 1604 1874 2159 1285 1752 1454 1344 1856 191 1772 1903 97 2113 467 2031 1180 2143 476 1576 2256 1488 463 605 891 1523 144 364 1 1790 105 1349 1251 662 2499 197 630 751 1531 1605 1001 920 2191 1053 1159 2055 1005 2490 294 1269 586 2195 489 551 1033 1747 2363 2114 113 2199 343 2062 1780 48 1679 1243 2324 378 957 2210 2284 1546 1977 904 1941 275 85 554 2248 2184 1709 2320 1105 1755 794 2296 581 1510 1664 1064 632 66 1383 2179 166 1161 1926 844 527 2346 2452 80 1043 834 1356 1786 2135 1365 1117 2456 644 960 310 747 790 1820 619 1128 419 1558 1758 745 1635 2048 2258 373 907 1951 20 1943 2368 1525 1139 1850 1945 183 1533 1540 1491 135 1431 590 748 710 1145 1727 2497 2239 1018 2269 772 1960 1129 767 0 2093 1958 1469 791 624 485 1423 1037 2171 386 1055
5 549
2461 2359 1194 464 1640 2480 1663 508 1690 2094 647 2101 1204 1665 2412 264 1870 181 1766 796 283 1185 2070 2395 501 1787 2378 801 2251 1063 1633 2050 2115 934 255 2419 1588 253 1677 2495 175 582 727 1550 14 2148 118 2409 1318 813 203 2307 2213 2261 888 2057 454 695 570 312 1985 2488 756 881 977 540 875 254 928 210 286 999 126 2164 452 713 257 293 430 2270 1188 2023 376 295 1839 246 1475 2121 1704 705 877 1102 1224 2388 2265 828 1803 1100 2149 213 2462 1301 959 2180 219 1330 2415 132 775 1177 1534 64 1769 1248 1388 2449 1849 2073 2260 381 737 1557 244 2396 460 1477 908 1035 1230 1846 347 1289 2400 1138 1191 2140 1253 2312 2137 2407 425 1655 237 1111 409 2015 1434 1518 2306 948 1516 306 2162 395 2200 271 1667 116 1975 1336 1463 2089 609 776 757 1991 428 735 2240 2007 1440 336 833 1627 1880 2486 1283 559 1580 1654 2033 186 1586 1505 2309 688 1603 2441 610 2077 2321 942 964 1137 1536 1158 783 865 2489 1028 270 1329 1186 2302 1799 2178 204 2349 25 1425 1012 356 2453 2242 553 1913 2432 723 2279 544 1201 1809 1559 1070 289 1700 2155 2105 2442 366 2426 1118 1840 2177 1430 509 882 502 1007 103 2224 986 1343 1530 939 721 1528 1841 81 799 398 691 1922 2131 2235 274 555 1944 669 1172 1373 44 1982 1978 1708 1972 1956 2026 315 2168 362 1437 1823 911 1694 2146 481 1109 2120 1857 1410 634 1832 1909 1382 45 583 969 2266 478 2227 1112 1401 459 1501 1088 2475 1496 2022 1419 1203 547 53 1648 1751 1731 936 869 2220 1234 754 158 627 1197 1983 1041 1369 1093 667 1915 1921 1236 1641 27 30 2347 829 931 1797 2032 170 534 1312 86 77 1123 1271 57 1775 2075 1948 473 1478 1245 122 2437 1418 2104 1131 954 2485 418 335 2330 2455 1959 2457 243 759 2420 83 229 2161 866 886 42 311 1152 1900 196 1556 424 1163 1229 2386 2124 2215 989 2027 1213 1150 1512 1548 2264 974 1882 2080 1695 422 2005 1013 1612 218 1980 1167 1796 349 2029 1750 1162 1624 1711 863 138 2139 1872 150 2291 2300 2428 653 1020 40 1543 1587 1183 884 2393 2187 726 1340 1971 2496 87 184 2329 1499 2183 1482 1779 1059 1062 1979 111 179 592 677 172 333 2157 2459 1051 238 2074 2331 200 2384 110 628 1016 1195 708 1993 1335 1239 382 1098 1788 1847 1885 587 1387 2116 2244 668 1521 137 75 778 1405 1446 232 301 498 1789 1241 443 883 299 762 112 1735 480 1017 1279 1595 629 2008 1317 1753 98 1720 1417 24 922 241 915 1696 1127 324 978 786 107 612 666 1673 309 1133 706 1890 1459 29 2298 7 2018 412 1255 2316 300 761 1193 1099 2444 578 1225 1398 423 579 2345 549 397 303 1716 1468 1952 715 2040 1029 2294 2375 367 655 707 2221 567 2356 1988 906 1706
17 99
358 808 1119 1003 816 282 1068 1794 12 782 2223 402 1428 1871 1450 433 34 658 2173 1894 1781 1834 2295 2011 626 1608 1113 340 1738 2448 1310 1381 1888 1884 724 1322 2273 533 1368 2006 1429 171 123 962 604 188 2360 1106 1077 1860 1270 350 1600 1552 11 1651 918 2247 1250 1609 115 1221 2051 10 394 718 365 802 764 2021 673 33 127 522 1851 661 1333 1135 1395 1936 250 992 990 699 2108 864 2311 9 712 2411 2141 1659 2185 496 1216 1741 795 1120 2067
23 132
302 507 1877 117 1494 1495 1833 1030 1324 1644 2271 55 1339 1692 1810 1878 2102 2278 812 1887 1466 389 696 2085 308 2126 1684 435 1649 265 16 492 837 686 128 1296 650 1422 902 2144 1290 1647 1479 445 1134 1637 670 1226 1740 557 1046 1074 2358 440 1710 131 944 1748 535 852 1490 640 2053 1052 1783 1795 558 980 268 749 1414 494 314 35 1306 520 580 2313 842 821 736 109 1592 517 2072 1629 1445 949 648 249 1272 2252 1966 2389 584 871 1362 2257 2107 38 529 946 1309 675 516 1345 2351 1089 387 159 1175 164 1361 1777 88 348 513 538 879 70 2246 1208 1315 1935 8 2250 1331 2243 1998 539 1036 2066
