27
1771 99
18164 9210 41737 6301 39628 14817 7238 38753 21627 18258 59798 9125 39605 18168 6020 9536 22140 38883 8063 9520 38194 12082 40200 12148 37066 17035 15010 8000 42049 6213 21223 6265 37485 38758 38105 18890 41646 39524 9496 38771 12062 21564 36968 12044 39221 39062 41751 9516 38889 18229 37440 39151 12033 41323 9500 9180 9473 13881 37471 7908 9323 21297 8537 41380 8039 8011 9693 12076 37562 8065 46942 11530 38914 18431 12035 8052 18404 21066 38755 39353 42027 39753 8056 9213 8064 21656 7991 13876 10026 23644 18196 12269 39527 22483 18200 37565 38781 36996 36851
561 97
30482 928 4492 37938 46280 1036 31678 4183 21360 43789 33646 20111 3083 45948 25705 25625 30276 37275 61597 20026 25912 18665 31949 25099 4236 36899 1051 43542 360 37431 37097 18540 1386 20495 998 40196 25879 35929 46215 42452 20063 3159 1041 30213 30666 22607 30086 26046 30192 717 23220 22704 44420 33238 74 32468 37523 289 20502 21105 25898 22731 569 18458 22173 36890 22563 21048 36978 21212 4563 1647 682 31150 18659 25510 31646 29624 37448 32766 21727 18707 32604 18680 38653 20246 20579 775 1121 32992 32868 168 4646 22691 22591 23597 22828
146 99
28635 40599 34152 16706 43400 43415 21768 40347 27403 42973 36507 43384 19882 40329 59060 17555 22609 31241 17888 24818 23131 22685 16614 21276 43998 13240 21004 30243 15158 43247 37377 17020 31220 40380 38130 44045 30266 16605 17872 31280 31281 17656 19559 44655 15605 16083 17299 39408 34419 39454 17115 16326 44304 17322 37566 31633 27219 37615 22282 20971 20071 43603 31283 17303 37224 37904 15637 39683 26908 16280 29078 17107 19625 33564 45027 43266 16569 37232 37518 21124 15224 17957 37673 16536 15607 40423 16062 34146 41603 15564 15658 29585 43329 31327 16885 15363 17874 37741 31234
98 99
7623 11304 9577 16796 1783 2475 235 945 12323 2471 10676 477 402 6106 5415 7198 773 2284 1466 22912 8192 14601 12324 9503 1801 1846 10257 10771 18748 273 11524 9990 12330 497 7595 1225 9987 262 6583 9917 10052 1693 9782 22911 9074 8715 20193 12393 1328 6309 13633 1880 23235 1551 11992 2408 2450 38636 1784 1285 2663 7669 19146 150 2376 12462 2866 1106 1747 789 11895 2720 1250 10107 14638 14102 14481 7692 754 14097 1723 54993 9588 504 1300 13557 1705 7592 7181 1854 11435 6091 2732 2483 12359 2388 6016 6143 11998
1121 96
38318 69671 25506 25849 30986 34726 28614 30087 42019 29967 33283 38100 25764 9896 25328 35931 48059 25293 42350 30102 29379 47452 39041 28017 36258 26236 35601 47977 31716 28653 3016 28568 34101 36396 27138 34604 25484 31364 26316 35523 30325 32274 31833 25924 36541 25987 26027 41623 33235 30807 27385 3020 36156 41480 36460 47141 27961 26426 44877 38443 25513 35921 34062 37654 25758 29789 36392 33657 29880 8570 34783 44177 31020 34102 31212 36148 28652 31427 34667 39815 27833 36925 25682 30955 39201 28629 34249 32024 28471 36641 25192 27518 35961 40264 44344 24111
261 89
17927 5500 15240 4542 5583 12607 37031 46271 27398 27196 5472 27490 47754 18173 42599 42254 44630 4566 27360 46839 3312 31022 27155 31009 36966 46061 20922 13799 14268 29011 5975 46069 20313 25838 44650 44888 46884 27530 46963 13347 46132 5925 33675 15350 27489 15222 27500 42218 4716 5881 27234 27080 28014 6181 27795 42203 27571 45107 27441 3763 40941 27252 16375 46701 46851 27578 44134 3817 5573 30291 46974 27158 5464 20163 27472 27361 64298 5885 27459 47151 14996 27464 32683 42416 3891 13032 5226 3834 43572
345 91
8339 1139 14894 19514 3641 3889 5038 19597 1133 10116 13210 241 199 13125 19104 14070 3442 19454 4812 14385 311 12907 188 20610 20935 3385 14459 8860 8997 12867 1282 14430 8843 1468 14387 11421 20537 197 14012 9015 1149 10639 10351 19468 343 12538 296 2770 57437 12056 14325 23890 12841 20933 12214 14957 1424 1402 19320 11891 3547 223 245 21010 14112 3390 9014 14040 8366 13613 309 19989 19679 12837 19844 9880 19116 9728 14899 8611 19152 1166 19502 13630 19123 1221 12220 18991 14100 27606 9899
890 98
32835 15724 44379 33304 38123 45625 38167 33687 10277 10714 15087 32896 8017 6374 7385 17181 2493 39748 11306 8293 4519 38825 32805 47589 37992 47476 16572 11160 7173 23717 8907 33427 14549 46653 16336 2440 145 17445 40185 36352 28474 16470 37862 38124 396 30507 29534 15322 19243 46479 37079 6424 38211 38179 32937 517 38104 1096 27365 38177 32522 21302 36775 28550 7164 22029 45782 9359 34173 32414 10971 46090 39487 18692 16836 33856 63892 20868 6580 36143 15781 33649 16575 37959 37842 43584 16081 30005 33886 2268 38093 10274 16517 31380 47707 14652 59 11819
857 91
32853 37601 5106 21576 32743 18523 27926 20960 9366 19177 37901 18291 10434 10303 28319 30636 39909 8279 18412 19002 40357 37020 40704 19968 40982 46818 32826 8307 32316 8485 32627 22304 19941 8554 4234 8375 9027 44750 28303 8461 22125 8758 42637 30445 38106 42791 20305 35903 19932 33044 29175 89572 21759 19062 37469 831 4089 31514 30234 20583 28042 46264 36357 20460 2771 41530 38188 40242 30058 18655 32336 23618 10389 28912 9040 19548 28212 21793 42735 39906 8630 45954 30224 18753 40014 29950 9508 10363 203 9054 48010
1344 99
9541 27721 7646 28670 21247 28824 11924 9668 9697 9436 9016 13994 13693 28816 31915 30854 35663 11140 35020 35039 16402 9470 14649 35089 32549 27800 12232 30315 10344 9890 27228 28692 21150 9659 28689 27737 9440 28862 9676 28289 13116 27610 9547 30206 16384 35052 21672 10998 9900 28843 31271 21348 28203 27436 30532 11974 9562 22000 21841 28863 10764 18012 34996 16101 30204 28632 28699 28370 13166 32217 9412 9635 46672 27083 21862 28678 54902 22506 29073 10130 9559 30694 9751 9356 35259 31354 21850 30550 17512 12696 28030 10058 27492 29487 28882 9484 11286 32073 10181
18 100
5369 5058 5358 5000 5323 5781 4684 4112 5709 3821 4931 12003 3991 5359 3962 3904 50320 5845 4835 1037 3292 4612 4756 5013 5497 5023 5397 5311 4929 5752 4671 4058 4892 5706 4755 4614 5059 2848 3778 3532 5016 4066 3983 5826 5908 4841 3349 4893 3948 5560 5794 3766 4636 450 5653 4094 3938 4121 5590 2087 5197 5591 3935 3250 4791 5720 4096 5457 25253 14359 3294 2014 5010 3951 3958 4620 5974 4866 1741 4694 956 4054 4056 4808 3843 4935 1702 4640 5692 4085 3243 4945 4002 3769 5875 4099 5878 3856 5784 5347
885 94
3117 35208 11713 35625 14947 45693 16218 3236 8162 4986 33712 41082 46517 29679 35133 41214 40864 4252 46065 40610 39812 9100 35288 39949 35222 24501 39466 17909 40692 3058 47821 39940 40655 18405 32900 7287 15396 41889 31243 5380 3061 24934 14962 16305 45894 29141 31513 40931 30272 13553 40715 11944 4805 10475 29219 13542 15126 40890 21914 41192 15007 33459 29554 19649 46242 41167 83732 7727 45495 3066 29165 19567 41202 33267 22052 41188 41230 15902 41264 24995 14232 23282 3011 15757 40877 34325 40219 3175 11312 25098 41059 18818 31267 30863
1852 94
42701 32490 46814 39716 46732 6929 35448 43480 41556 3 43590 40300 33065 5001 16522 7767 39251 34286 30151 34216 42798 40724 34278 17285 3478 4412 23737 37882 42535 33008 8272 42676 6430 72 31381 33219 33357 1218 30141 32623 42736 32369 35131 20651 36376 32913 29488 35867 35489 6415 42568 35539 47647 34270 34094 30412 7644 34252 7108 42859 35352 42801 661 23 5542 34230 7689 38089 42817 47658 38675 733 7995 716 30606 30106 36659 32921 33754 35985 7006 33349 8930 32792 41458 30468 42659 23744 39698 7865 30100 90750 30121 30139
1606 94
7097 19100 4395 33199 7091 7061 32155 30687 16247 43264 42926 5183 91804 42848 16314 36103 23446 27789 32305 7050 10209 22749 31041 6922 17487 34508 23031 25676 36331 27897 3628 17415 36654 6811 37976 35747 20109 44009 30375 23033 7180 42727 15620 30469 7336 15909 42826 7288 6849 18150 6907 7147 22797 23069 6877 31065 7112 37640 16764 18569 6954 6130 37644 22901 30365 36502 24987 31024 18054 16638 33869 33148 6055 38158 17773 7450 6775 40561 16215 18184 43556 36138 43253 8945 42183 42822 16393 29942 33672 20663 25500 36479 30210 32489
1915 83
41211 13535 36712 17256 39934 36483 20968 16883 16547 40235 13163 13529 38077 38156 41287 37022 41108 12060 12866 17691 23968 13336 44536 12530 13042 39870 64565 36581 17531 21640 12441 39314 40096 38023 12045 39347 13467 39333 13522 12105 13030 17584 12548 17308 40115 37982 36749 37131 37055 13088 40882 12180 21891 13484 41345 12909 13454 38461 12795 36738 23362 17568 40752 40162 36964 40467 23687 38581 17557 41066 37988 12975 41661 39650 16554 36748 19931 12739 12051 37038 13730 39128 37371
1146 84
32361 35758 7937 6794 9617 27354 35425 28081 32406 38804 7629 33903 7926 92866 27494 6559 6466 37400 8415 28502 6147 6100 39022 6186 6543 8881 42712 6182 28414 8206 41465 8291 48086 46421 39447 6679 6231 6439 47832 39402 43952 37526 7899 39336 26387 6086 39035 6468 38433 6082 36187 8890 42222 47912 6024 26344 7710 39245 39228 8363 8894 6075 35515 34458 28241 42209 27579 22585 8337 48079 6064 45543 7833 8112 6157 6545 6095 7956 40187 37864 6472 39391 8658 8496
650 91
35478 31687 332 870 1135 6348 30463 31747 329 35864 752 8320 588 770 13273 31921 853 6298 31787 34509 31966 34158 1194 19111 34308 22088 35695 34247 32287 30496 35149 18533 31898 12577 34122 35579 32631 32142 31238 31749 44919 30876 34321 97 31562 32289 15258 13222 857 12504 18526 99 30094 34975 34142 35453 799 31155 30764 9797 1034 31969 15514 7965 30902 1213 35217 31765 13442 30480 30196 34134 36006 32278 11707 30901 8678 13120 918 35451 16315 12695 30016 76657 15891 31683 1077 31247 13439 2543 31296
1017 84
39403 19772 36402 41205 36254 40810 1339 40873 46181 38681 36710 36195 18361 38611 1796 19590 40828 41637 38116 19707 12375 36714 36735 36262 39294 36272 20222 18191 21537 38307 19918 2564 18353 40815 38593 40619 37438 38190 37439 608 2481 39396 57 37490 39057 2890 41006 38615 41578 19689 18247 539 39374 41587 36201 41551 40834 18695 38027 169 38048 37333 42080 19553 41550 1709 40645 18194 37493 6888 39155 19893 40632 39413 216 41699 37586 37322 60028 36453 41570 18343 18142 39205
598 92
52488 29195 9975 8245 9227 28729 15534 38065 42719 42491 29244 24089 27016 42767 8781 40970 39049 44013 28584 9370 42509 28720 10558 12845 12278 7800 36920 28926 15459 9783 23203 17450 24837 29023 18627 37774 39442 25077 39536 39381 8697 8533 24545 9337 7651 10516 17066 12423 17055 43670 14722 43703 15657 44367 40036 16124 23607 24984 42248 26378 44111 29482 37912 31830 8982 14681 9507 29061 9843 26325 12297 17252 9954 14970 9279 39409 6171 42539 40564 26367 40068 44891 25141 19249 26454 9143 43700 20707 43259 42489 12274 47797
447 90
85107 29100 34595 45888 44019 45885 39215 30093 29824 43393 30232 46496 31390 32402 32836 31993 33088 24863 24627 30520 43361 40894 33422 31660 47739 37264 36477 46028 29198 24195 25776 39428 36675 26407 43541 39468 36908 43137 46043 34265 28976 30587 37244 24119 31691 28595 40679 48094 46039 39283 45950 26244 43360 33232 43363 36564 47193 38168 39410 36767 34025 24947 29276 43378 24437 43035 40007 46055 33159 29159 46892 38891 40833 35256 30269 40672 25734 32920 34793 33196 26179 42914 46759 35700 24078 39214 40805 46014 43094 25383
1702 93
12418 17073 6762 6865 9856 17698 17863 3176 20685 10098 9402 20409 9442 7546 8543 26671 6822 7477 22837 14345 10055 57196 17378 3761 9871 12440 6398 9535 10011 13228 4669 15492 10200 6857 23505 19604 13029 19738 18475 8906 5039 17961 15606 17242 8139 15371 4629 9791 8426 9788 18071 15462 19505 12226 20351 18340 14547 3509 8312 2403 6851 15265 22523 9414 18197 17260 13940 7066 17717 20589 7530 4895 1246 12131 3108 22329 12126 9796 8937 16074 9854 8397 8165 4916 8908 14351 9724 21005 4142 12187 9364 6491 12490
658 82
27079 12650 27867 45699 16048 20688 16161 44768 39823 38170 20788 12831 82972 43653 18670 15992 42680 35253 27214 27334 28668 28778 36347 46217 13128 19393 28771 46683 27258 27979 28767 19267 28583 39004 19692 47952 29925 12386 14080 37057 20698 30048 46652 17127 46859 29092 36464 28346 46260 27696 42460 44375 44760 27779 12120 19245 28623 12717 29947 16162 19087 27612 37708 16382 20126 18910 18840 12693 29845 15916 18968 15905 20881 19280 18730 16117 19763 43025 15939 19237 15894 29987
1394 89
45613 31355 42765 24894 15843 45348 33090 15630 25754 92907 9875 25730 43984 15645 10575 46631 44074 25589 44073 16409 43407 46308 47404 30680 44988 47849 11515 42479 47991 42299 15632 31258 7551 6608 15635 6322 30940 16276 8364 44305 33162 15640 30534 30289 30391 32813 46825 33317 28224 45628 33091 43881 46912 30727 34889 31102 17991 25113 15808 11218 11324 45315 33776 16102 28737 16273 43292 6307 43772 27338 7653 11899 15794 28160 47385 33799 43477 15116 31177 30060 7515 24828 21580 6376 43851 45321 34418 33841 34336
56 88
12242 17441 28681 17228 20520 34687 36992 20774 14711 17609 20621 19254 35012 40295 37445 35167 35673 19840 20545 37422 19242 22845 18558 35218 20177 35991 19619 34749 37969 12282 41242 18739 19745 38319 19652 14805 21157 21445 41569 12229 28230 18236 29085 35622 42018 38193 21227 19586 13275 18846 14803 19562 22990 39849 36346 29918 16967 42275 27730 24015 18742 23735 37014 34798 12257 38381 12267 19775 21171 36241 14850 16769 14335 21067 19565 37486 20519 12389 13359 21191 37450 36811 39222 35305 24254 63799 37191 21696
1071 51
13551 38142 38218 36701 39728 31488 31450 27470 31302 35055 37036 34053 28580 36538 36125 42081 31914 36026 38097 41798 33697 29481 35368 35106 30832 37230 34231 31401 41739 35979 37995 82234 39111 31419 37835 37612 33791 33286 38284 38262 41965 27414 40482 40408 28905 37911 33899 39910 41792 30942 34802
874 58
41481 21074 21180 35250 17493 1235 753 35683 33 19657 25 40151 759 38068 40469 19261 1249 254 26555 19248 40170 19424 50820 40883 12178 36325 19409 1670 35706 36011 15633 11601 36062 35225 19230 15102 1298 7912 21816 13731 25794 19435 8229 39785 19434 323 10826 35304 36604 7701 21697 1289 25830 41259 805 14063 7667 25914
1943 87
10012 46823 47601 41600 45403 8034 10992 9721 41836 4478 47907 41766 9369 4608 10622 4797 8836 4152 46928 4473 46855 5565 11328 9150 45882 45349 39290 41586 9271 8771 3953 6542 46629 40947 45402 41668 46507 37137 4666 6657 41669 45382 47799 41786 39257 5291 4206 5330 45696 40602 40951 42777 4184 11753 10327 41791 5081 93417 45966 11354 36451 5447 4272 4487 4459 42054 46716 6688 5377 4168 4238 45590 6634 39291 40237 9077 10596 11731 11070 9971 4221 15886 11696 47246 37568 46139 7988
