19
1063 126
39981 63383 1119 78507 67482 28763 45410 64871 73539 82259 68492 11950 69099 52417 77093 8291 99920 84614 89073 61973 39456 25916 93837 34187 27579 88650 73370 6134 62054 18882 54391 80805 24159 36767 29918 90174 74817 14864 30122 43785 88055 97655 4081 73636 50177 14185 70053 31950 47045 55021 68891 58976 34293 94980 48512 41072 31129 64968 44716 71484 46241 36410 95430 39885 75704 97055 48115 96025 13967 99074 7642 88285 66045 96608 4339 33103 99771 59049 25412 26974 35944 14754 55246 38651 40635 20256 46436 82314 75417 57843 21318 19859 98164 79902 60701 61123 29189 66909 34301 81749 67913 90906 37493 19735 40773 56130 81849 27964 29311 29078 51276 45820 63241 71264 73577 87138 46733 35679 86250 79221 61112 47006 51392 47188 9104 76580
154 94
27934 13050 78724 48914 96084 42737 39601 61634 14838 77952 3979 54400 67584 29750 69827 56163 17639 25414 17558 57022 43875 31868 96807 86993 92517 96260 13038 36285 74673 16915 72369 65717 400 12590 13011 83385 95874 90860 25926 59605 77553 14349 64409 79872 68447 12696 63287 13308 3014 81475 41107 87290 97471 84942 79652 92325 94617 71073 84187 13136 72610 94315 34259 56100 53651 42048 11166 20602 97348 95426 32089 24614 55285 75946 37969 87216 39708 61142 58832 79417 84659 11989 72777 37191 77984 86403 29173 11374 70667 9738 85650 30426 82829 12654
430 68
88689 81123 68031 89574 29416 55170 21180 30555 56898 95123 92764 49676 52187 82097 88642 800 11761 94259 52168 55788 89587 6027 15636 22973 64558 28842 57922 34990 52244 45085 33245 45785 55766 7372 26865 47589 49660 8592 63 19370 38314 94071 59872 64552 84564 59172 3372 55606 80420 12653 39171 79194 13072 38363 83092 83956 84287 4851 7621 72393 18414 78197 80633 13649 23303 38487 20473 80103
3025 49
46723 43929 93913 87414 88808 86997 59269 25283 16099 93471 52207 34640 68618 70617 18443 36147 46467 29454 37516 17084 68865 90190 13271 24591 63943 9138 10465 41936 6997 28418 95591 79359 59620 84991 88881 874 56449 14197 89998 48641 84194 85702 97012 23082 86085 88714 57733 50063 24764
2781 42
82346 41897 52297 43699 18261 76500 67930 17497 85999 36617 23031 16750 32483 39035 37938 82406 56962 27926 46056 92504 22197 73040 81953 57199 82447 6254 13080 57750 96268 82610 60655 26888 63995 4289 97458 65255 18583 409 65870 35333 41768 77915
6856 33
69200 48784 470 83362 26820 95299 14635 40809 71103 84324 14764 16535 96021 74714 51387 24949 14921 8380 82639 8800 75115 82026 12223 915 90440 73614 55253 61802 10437 59722 86209 479 40393
6852 23
62359 71933 85589 62210 39681 56677 21527 63451 17155 59463 71121 65364 34470 37910 35160 71685 71328 59756 46734 71298 77943 76245 22687
5494 22
36337 63815 36303 97121 58576 78351 83706 95050 28889 77920 36010 3682 52057 63130 4617 23930 86122 13120 57108 49989 63013 13637
1335 20
94442 22118 45013 39683 22434 36693 98880 77873 33362 38545 42231 35228 66620 26893 67146 17512 76411 32965 81754 43514
5221 14
48787 28560 42387 91500 13220 7395 7610 78791 28029 63051 45868 37422 83805 82746
2732 10
56305 17090 71786 23322 15201 79017 14732 78996 24144 5298
6822 6
63572 25100 14772 83809 23000 38373
6642 2
58038 46000
2810 5
78185 26761 8758 42828 63315
5507 3
95677 71864 95048
6389 1
43248
7849 1
14874
2584 2
18607 99721
1465 1
61081
