25
6684 124
86651 81760 87537 71322 11118 10589 45276 24412 23162 53300 56591 52979 6690 55163 96390 79083 79315 49804 29220 95619 95478 43466 8458 82628 59781 44017 91867 65891 21190 88098 3266 51504 30130 88572 5949 98466 62044 53393 36989 71263 89064 65898 55983 31552 83432 51404 32065 71583 66388 20287 17610 82401 50723 40360 73791 13243 34945 51468 25168 84001 46863 88360 63445 51990 26580 44790 37167 91865 19730 81473 43024 5769 2150 86499 11880 6135 92318 65469 48195 3786 95368 7041 15506 60393 91398 87501 86324 33206 46667 29499 55062 27745 99179 30161 30869 53273 9608 69903 52596 44823 1378 75597 5427 89538 22113 62634 79984 31682 4505 38969 20766 7958 85590 27715 37446 67502 64346 92302 28265 54740 54393 40870 39876 46809
923 97
28029 82646 62366 91429 9528 81073 96399 42489 17533 23844 59350 4809 73693 62939 75753 57501 40932 82167 66535 38852 32062 50547 65383 74726 78373 19850 84890 8640 64464 40552 54456 41529 87070 84262 93676 67598 36539 56657 69960 1924 56627 84264 58681 72154 22740 1308 1115 40713 17039 36351 92434 51190 84916 20254 94022 40207 54855 74118 88965 86501 86158 10612 97421 33088 72933 72142 43090 12520 85606 95540 57760 8706 28523 69211 98920 80247 40200 80506 82665 31292 5099 54867 66260 88428 46492 59460 51536 30222 82810 68679 12277 50309 64993 85512 62027 52028 57717
6828 73
97611 86627 50285 21136 7459 76456 13681 325 58648 58978 27755 29347 74979 10881 1344 53008 24244 58309 67560 38180 57333 49863 5010 32490 68534 51080 35943 69038 70309 17260 7986 57453 59194 49130 99916 46839 51015 26167 93795 32447 31620 64200 68082 66308 18042 39882 25305 1943 65565 8425 77146 79319 10299 97982 54448 36717 32629 45034 90743 68752 55335 59953 29771 77128 68383 57688 58828 57942 84770 63653 88996 30442 27248
7610 62
32565 28729 48004 58652 55903 21902 15642 97032 24136 87244 73804 74478 54184 42881 18850 6339 16987 71302 78153 78210 41250 89438 35509 86912 95655 82230 86232 74586 46050 72318 74796 49253 18066 69612 32539 23461 65769 55026 31427 85679 46745 17826 96506 77746 97958 46463 83344 53941 47991 51668 54539 59633 28828 10292 31893 82412 48593 96042 95347 6643 33739 54662
2364 35
44360 35042 73425 7292 27799 33844 79291 76536 59141 78560 70362 29938 80163 50855 56167 70775 56600 5423 63198 68289 31497 12513 23087 45040 2202 56789 81971 68172 63281 96659 66382 1071 4640 56375 41276
7413 30
61903 36941 13306 56147 67520 97035 22141 9048 17725 48658 89962 57124 78315 18887 51905 70111 2655 79909 71943 82391 54697 89359 72830 78813 61836 71473 38209 98930 57727 96654
6989 24
2625 76537 86530 17774 98907 32831 39964 83400 10073 36653 45149 84684 9775 78915 95291 58784 39554 25844 38117 90834 14274 90580 18694 70378
7802 18
16580 51109 74721 55879 33216 79296 59051 28793 25993 41200 14868 64891 16505 38722 3565 88513 17838 41522
5767 17
38156 61874 38565 8375 3700 25472 47319 77069 56810 67259 50738 16719 73404 50746 48039 48583 50254
7864 14
89304 82215 19203 25930 30827 366 31734 43257 57997 1880 81080 4714 41034 95507
1034 13
51928 35542 17195 96295 83206 88203 13127 26613 30782 59893 80775 61061 65274
4254 12
55653 26810 19802 19741 52986 59542 59600 46284 34952 96109 48169 50898
2930 10
85457 93393 53324 53815 99636 73934 75536 42412 1621 19587
2366 7
37432 14924 38027 9377 27330 91703 79549
7321 5
77270 97773 84214 24915 72579
6624 7
55126 39581 14564 17732 21105 25444 17294
6925 3
58783 38693 57019
2179 3
45246 44133 4918
7018 1
12089
359 3
13310 2352 25115
5399 1
92332
2583 1
95065
1391 1
74527
1333 1
92435
4205 1
15953
