167
3931 229
23647 26829 8523 6027 67 3190 20647 5340 378 14960 1945 23195 1419 21813 3755 15948 2405 251 22367 26738 25014 20723 4458 7311 24942 12632 20137 15688 3126 10614 11291 21373 22738 4864 16578 8953 18352 17779 25331 11644 19354 10630 9681 7410 9658 5641 16339 17217 24003 14146 26950 11910 7902 13467 2900 3149 21618 14397 14563 21144 4285 20076 24724 20707 15481 12530 24574 472 5957 14631 15433 21401 26110 9947 19531 6807 6243 10957 15357 7563 16154 4950 8248 14593 20771 20348 25596 2453 2303 16531 10661 27313 1496 9313 9327 26883 11215 25919 5776 21225 22489 22229 13082 3319 8135 4280 25155 11377 18876 11653 5844 21842 22618 6623 27223 871 4250 11268 13899 26583 23412 2266 732 25189 12073 19389 25100 21377 3219 20016 11639 6723 23194 13805 27260 25386 2926 5646 6436 2964 7151 19528 24731 24462 15558 15589 2738 22836 19999 21241 9547 27851 26116 24118 19991 3296 14498 4343 359 13625 27214 665 23287 15173 27056 6962 1325 2893 27478 13953 8333 19359 22870 14742 17796 26114 10585 10466 15136 3376 5649 26681 9460 22598 22348 9926 7372 11769 8853 1680 27593 4290 26234 18312 14715 23367 16771 5695 19802 3138 15853 7977 20907 3387 26427 8730 6773 21186 18604 26523 15272 23186 9846 19028 11847 17866 10003 6362 4872 26574 12805 7330 17211 26644 16550 16466 16594 12043 4505
3804 148
24619 13090 26552 25310 11085 3389 16855 3073 14560 19376 13618 3991 18763 23090 934 21512 275 22963 24535 23525 18367 10417 2378 3064 744 11394 23472 243 6876 12967 5194 23376 15229 10550 23667 4191 23170 8824 13319 14518 19449 3084 20722 18652 14379 15248 4762 6367 12071 25913 2646 24048 25510 4849 1304 4190 10500 15115 18938 17517 6798 13465 925 15048 20926 4081 19152 17454 9952 24690 9172 22136 14808 2 20081 404 10867 3758 3713 6945 18299 8713 660 2104 25151 11989 18460 26040 27564 21415 3608 12713 12273 5727 27415 4965 19372 24966 8393 8397 25901 7033 1483 24315 8545 20738 8933 92 25867 2021 5326 24601 21226 27477 23390 509 1138 11228 16332 23419 23145 11457 8037 25699 10635 6412 9909 11506 22471 3350 9854 20896 10108 16990 21203 15843 7809 24042 26716 13642 19151 4178 21873 18734 2116 16040 10410 15242
2070 147
11143 18003 23072 14441 9415 14595 8340 7103 7758 7471 13384 21454 26224 10138 15449 15324 18118 22765 3684 21551 7353 1417 25174 10716 6614 18526 24267 9039 8600 16188 1471 2631 22115 27128 9621 20079 19646 25443 5688 5352 9786 13249 20165 1537 1370 19825 10698 24681 22203 2136 27746 6741 19551 23279 3364 19049 8757 3049 19160 10273 23315 15918 15526 12957 14101 13966 8708 12742 19933 9686 23881 5920 18702 19366 13359 2146 20460 15879 8151 6249 13826 26785 2750 22493 8163 6734 23498 4097 22770 11688 20499 10724 8899 56 18975 7594 949 4581 2696 21469 9048 16235 18973 2030 25288 6128 11906 4126 10877 18196 4465 24561 6888 13602 21839 17172 15961 6684 19773 3098 16103 1951 15468 14157 10737 2653 15350 26567 6325 5798 7770 11464 16427 26846 16647 6182 8831 27514 27075 19489 21706 3637 9237 19481 2969 14778 1472
433 149
19170 11324 23668 3705 7538 8086 2367 13115 15954 23547 20542 26919 13707 1429 6459 7255 10900 10634 24970 18533 5344 20035 5903 5380 18198 12580 24326 26446 16967 20731 24182 21041 9373 20299 11153 15005 24383 13911 3043 1830 23937 18035 26209 10442 7550 7569 12979 3221 25376 2660 13987 25237 12709 17738 26371 6376 2427 17541 1200 6917 20924 4111 11041 16400 9173 19660 15486 13529 20336 20483 8978 16085 18749 17933 6530 9855 16837 5250 23350 27334 10640 7274 22431 21411 21910 27173 9038 13079 17183 2751 5658 14934 8500 3314 17657 25538 7742 26874 10989 25685 9976 3371 21643 2994 10090 17666 5191 17213 9677 27273 21504 22388 11933 17939 1675 2154 7318 24951 27715 24143 3708 25670 8466 391 23136 26894 11892 21696 13355 8618 7852 7439 4810 13536 2520 21701 16287 12586 20355 6737 372 19048 25708 25249 23750 19144 197 24968 24564
3550 143
9077 24197 17193 4613 16542 15207 19434 17039 10932 2142 15381 27179 23880 7684 1615 16617 3761 9474 23325 13600 26054 10714 25850 339 7744 2385 27719 20694 19566 17221 16714 1628 1715 24961 27288 26279 13272 774 1384 5585 19882 5626 14381 25475 16881 12763 10246 20489 6086 25859 119 24874 27043 24275 22482 24453 17601 20147 13780 2697 1695 7898 16357 7642 8702 5630 651 20283 7417 18926 15145 17682 1842 24645 20627 11954 7762 19064 14612 16618 23411 2380 20021 25731 15682 16383 26750 960 2286 22996 1102 15673 16402 15870 24582 13735 20282 9557 27124 9991 16509 5825 16882 9210 5651 9549 24982 134 23408 18918 1341 16915 24754 27433 19464 21541 27212 23323 22010 3874 16830 20960 6887 1499 9980 21874 25195 2075 22703 21252 1005 19810 18895 13024 6841 8006 4723 24203 3217 4253 3766 214 18200
642 145
10647 24578 17870 14010 21246 15127 1786 9741 958 12715 12829 24904 8472 21932 2415 16147 14672 13861 27619 14803 15628 2087 21975 3754 2435 18039 3881 19082 26052 23197 813 710 26489 26778 18468 785 15093 11877 1563 5794 13664 23998 2343 11180 17059 10333 2159 299 15157 14166 38 15537 4354 27842 2885 1003 12864 22600 19869 9467 26300 26173 10159 18913 16373 5376 2924 26091 14068 11194 5723 3284 20574 8407 19427 1021 26160 5725 27151 16080 25907 13073 19192 26742 11048 20766 15588 15712 11619 7647 25486 5308 24486 10941 23151 13356 23603 15492 20105 18521 25804 24290 12894 2293 27356 8019 22226 2458 27463 20691 8468 375 24266 26822 26757 302 19522 26856 13482 26470 14813 9440 2867 13334 7277 23160 13738 17005 14703 16031 10810 8467 13062 840 1356 22913 19560 4706 10225 8136 22802 3690 20774 4537 22997
1705 144
2034 7268 10245 23198 2326 4072 24738 6595 12866 45 18422 23648 15459 11442 154 3289 14798 19057 21116 23989 2463 5450 22867 16818 21217 14615 14644 6648 25302 2179 3122 24328 21386 2649 4603 4120 14707 6434 20296 21604 19540 22698 10919 26508 3639 9367 26819 3918 7835 17016 10295 9924 27341 3471 19821 21173 22952 21455 23511 3925 13172 12664 24129 16557 5653 2302 10394 2014 11395 18661 23896 26287 24771 5098 27436 20203 11069 22182 2758 22434 14283 25406 5670 27011 24732 11437 21253 22082 5385 21129 25183 18093 27812 18164 4969 19430 27847 13487 11573 6815 17281 23022 19685 21073 16503 17396 24098 25700 8054 19116 17313 20140 27337 1707 7032 11373 23888 6881 7039 6396 11129 19570 15366 3024 5391 24746 16128 24039 3276 7560 12752 20598 4014 10707 11446 19097 19751 13210 22076 4907 20540 25858 2193 15091
3910 144
21787 6026 20344 713 15676 19729 24892 25501 23450 7380 25423 4993 8062 17494 20204 5442 1937 7583 11245 18648 911 6903 12343 340 5834 5797 8759 26275 24405 20684 8205 8435 24757 15090 22966 26464 16943 4583 15744 13326 14527 23513 2927 9717 3521 5864 16569 4979 10894 2506 16513 23499 21078 20708 13974 8386 10229 16742 19903 6000 22902 10619 10123 6526 23642 9067 21623 21359 8644 24689 25912 1064 22204 13598 3531 27761 10751 1114 27679 24418 17488 446 8394 475 6401 21268 4435 17953 23784 20495 21962 8622 7966 8456 14931 15791 7279 18855 8279 25431 7371 15895 21888 24744 8991 15309 19000 24858 17853 15355 20966 23851 26150 19972 20071 24557 596 11805 17101 12959 9088 20476 2832 22164 6534 8940 26531 19563 19662 21776 10977 15785 4115 21955 4279 15717 2947 21855 20755 5291 8851 2349 2961 13213
950 145
413 23936 3757 23330 27833 4124 11543 20249 8634 13378 12118 7565 10675 8856 22686 6288 1736 20715 18594 19407 22525 22947 2569 8952 4362 21473 11853 6767 22669 26390 22306 24273 23121 14962 22699 10247 10817 24917 18716 16176 7673 17974 27532 24911 6265 11436 4359 13118 620 5261 18085 14969 18213 4741 12686 26212 4010 13343 4276 21348 588 14414 6927 16104 12955 1679 14555 20586 5863 20628 6641 13223 7102 13037 19581 8567 19651 18555 12491 746 8331 11982 18499 26467 17667 14042 18099 22622 26406 19166 8238 20765 10963 5345 27390 23460 7131 1962 2977 9953 7238 22645 7670 8281 16278 18067 307 6429 19961 19647 24716 20220 9286 18563 324 22771 1285 4912 6140 3295 11383 14276 23699 10676 27820 11587 19148 8442 1076 26564 6602 21634 3040 18472 18393 24944 329 18906 19399 1831 23156 16725 6732 19149 19385
787 143
12431 12131 22615 14768 7814 22832 27326 11978 13605 25087 15491 2311 4545 19783 7933 2678 5210 25400 12345 7826 5188 19470 14684 24991 20893 12081 1992 9647 19967 2373 26985 20970 18535 6441 4449 12726 9215 3316 22677 9536 3955 16434 12929 15497 9267 11880 23907 2922 2383 5190 3081 5180 2774 12906 4687 7589 4582 1948 23324 7838 14453 21750 4045 11223 27192 8712 10754 9346 21461 16227 16696 20986 20439 878 13796 24630 22270 9494 14070 7036 7811 7276 14745 21168 14429 3133 15832 22604 2428 17515 11025 1917 13274 21216 1143 2940 3430 9200 5216 20645 3783 23983 13852 14992 1604 12269 16604 10075 12229 10056 13339 16259 18210 25121 10214 5959 12232 11363 27766 8040 13785 23129 22862 17728 2067 3317 17848 2177 12141 16576 26720 15651 17117 11379 19104 27722 4321 25798 12349 24211 9293 672 21189
3627 142
25748 3432 13398 10523 1512 16740 13119 8615 6974 2771 18792 20875 13552 22496 13316 16909 15941 5185 2399 12332 20503 17094 9008 14649 15055 8253 19884 5400 19677 12030 15893 24440 9959 22809 1964 22344 912 8199 10121 7387 9606 7985 25694 19209 19229 1425 11343 24167 15933 2619 13323 2127 7349 26554 8154 6297 22576 22994 2404 25981 10766 20561 15714 1594 11570 5671 1793 15808 8300 1581 24451 7501 10026 23176 13456 24149 543 3947 6936 1408 11279 286 18769 22345 13468 13377 20229 19387 17735 5512 6105 25262 19927 26169 26399 22693 7236 2998 26020 24588 19085 19988 13187 25696 16720 8614 23343 7585 8290 8493 12940 11748 4802 21667 18974 13792 4494 21818 10012 13464 21294 24235 1712 22381 5553 13564 21001 14065 8980 20470 2617 11917 27521 3694 21749 6795 26827 27153 59 26408 13712 4001
2467 141
18138 6636 323 14131 553 22873 16346 27392 24206 13165 24168 6165 22545 10387 18190 23314 3536 24528 24363 15755 19303 18552 5109 8733 22061 6765 17818 14370 13671 26679 8009 9142 240 16956 6481 19703 17821 18146 24000 10529 11066 7079 22429 6232 26514 13958 27312 24382 25040 13129 1020 9721 19511 21768 20885 26775 1881 21590 18061 1539 9479 10281 26610 10016 12800 2550 20003 20688 19289 11257 4118 25524 10430 15503 27237 14478 17699 6764 5425 4842 25890 7990 2566 4649 11969 26461 19487 12654 24089 9437 7001 19331 22520 23830 26539 22196 25019 14655 20554 11374 1638 6406 25724 13543 17132 22279 8465 14143 648 16976 19588 12569 14245 183 15213 22964 941 21912 13048 14850 16524 1 18616 9920 2008 13870 19826 15328 1237 26289 17475 435 13275 1648 21054 4387 9355 18504 9865 4922 25488
1961 139
27815 3206 10162 24216 25997 14535 26638 14298 7598 17014 3429 12439 8885 17802 15014 3939 19938 25029 13860 23693 17568 10782 3331 22956 26011 24686 24406 17282 18467 7317 20737 12238 6651 4952 21828 7404 895 25626 6172 1415 10467 20066 6460 449 27156 11424 21304 12187 7806 3246 25039 1006 7388 23305 22281 18758 13545 24231 15735 2430 27019 21291 15051 7931 23987 27464 15270 822 8051 12764 1544 20095 25894 13726 23398 3986 1405 2395 15890 22007 14720 5971 7069 15 3999 27069 27517 23515 4299 21993 1002 4554 19156 27346 4134 16759 2685 7696 7390 9250 745 21877 20392 7157 1854 24759 2975 24024 26493 26636 1745 2091 16045 27450 7445 4552 16625 6569 15966 17332 25956 21536 18251 3792 6208 22744 2117 18274 20594 14372 19931 26290 2582 5269 4258 11459 19708 10565 16893
3142 139
16384 21916 27495 12610 13063 24086 770 2946 22495 20181 290 27125 11251 8479 19735 11172 18343 6148 10060 8060 7504 6040 4853 23921 9608 5492 6695 27416 16051 7771 24166 8035 23302 5374 17153 26237 21382 25095 23955 7752 6343 10186 23720 8449 18069 10327 14738 5364 10596 20416 19273 9735 18014 6390 9837 18977 20787 22764 10065 26500 25734 14991 17608 3861 22359 17187 19307 6746 1652 8717 2469 17932 14919 23611 13689 5942 16439 15964 21136 5780 15126 12883 16811 10096 13839 25702 7844 25043 8095 5298 27789 19648 8566 11993 9776 21130 11157 25979 14426 25714 11876 23394 24429 24188 24609 515 20563 12115 10732 27112 13276 19102 970 18051 25885 5260 5894 7402 12706 2352 4938 2626 6066 23123 21944 24369 24019 25808 11528 17934 24683 25227 18216 21046 18687 20865 3485 13225 16322
948 145
3036 13503 23640 2376 15571 17950 9591 14158 22273 14367 6326 9490 19010 6127 22685 12852 97 16060 25986 4916 3078 11382 21746 18336 15699 762 4450 3903 3741 8649 27099 10286 3407 6345 7740 177 9651 25796 10238 13086 4980 9700 9876 25962 13858 17593 4093 14084 23256 5231 842 171 6500 3785 13509 19605 8437 25309 27544 2536 11318 5175 10706 13990 22747 5051 8271 14196 4259 4149 23633 10323 21437 12836 17019 7544 12084 18264 13421 16634 17227 7782 13967 22071 2288 18168 4899 25737 6012 27447 7029 103 1690 8215 21635 11923 9541 14207 22342 6421 18319 19713 3212 8327 26249 223 23587 23032 12088 12226 22986 27379 4154 4676 20474 3425 23370 15216 9425 7182 14964 9690 26047 14198 12048 20129 15269 26905 13500 17360 17318 11261 21967 9875 7067 16262 2362 21177 462 19978 2265 9348 9426 1843 10567
3300 130
4648 21290 21084 11718 11059 17574 21547 7913 13577 19590 26302 17072 12094 8679 6413 24806 12109 18971 7295 20602 14004 10223 23788 18450 9403 19269 7467 21846 5387 14278 2850 26295 13201 23435 21607 21007 20491 14824 10379 8439 3924 14348 5062 8714 2033 25911 19758 21769 13479 23711 5080 890 7763 7633 4169 25577 16469 21083 14337 9550 1781 13694 4943 316 18797 21639 7876 8699 19115 9571 8259 15548 10860 22250 27049 11433 19378 19004 12890 14570 13449 22069 18114 2130 5463 9168 7259 9882 19807 12222 20260 17461 7391 9968 9052 26865 23483 14320 26645 22808 1340 7574 25787 26817 23586 17516 5635 20110 22054 22236 24995 24884 8755 1461 15426 13851 10577 11610 352 814 16960 23012 20502 9822 24773 6838 19483 33 24623 16272
583 135
13624 20692 6389 26930 10685 14953 16807 9236 5224 15022 13914 3858 26070 7047 20142 22507 4077 25874 10972 3873 10801 12879 13541 7800 7264 27669 19510 9182 5990 3645 21961 5154 5366 6271 811 6307 19293 23268 25759 19823 25229 11594 5554 20925 18709 19894 27333 5709 15411 21477 6926 19357 10337 4767 23734 709 11368 6041 27578 22985 14772 15550 5785 12437 9539 21341 27106 23725 27194 22521 3879 18373 17941 18841 22385 25909 10081 26713 7465 5545 25627 26201 5760 19206 15339 5660 10088 9800 8264 8778 1441 24249 9392 23761 11657 21247 18698 11660 23036 26407 3597 25673 7847 2351 19666 6192 2622 27428 23538 21956 13845 9001 12256 18234 15909 15724 16072 18902 6559 16869 21206 11505 12049 18066 16924 176 25026 16981 24533 10869 14857 15929 19649 10949 13094
3493 134
25930 23212 12327 18677 16323 15189 19654 20356 8542 155 25723 3340 26286 14726 6774 10696 22486 4544 15169 17079 8564 8214 2387 196 3804 5963 26161 5245 17214 25182 21094 16633 13177 27033 18384 6205 17774 19583 11192 22363 23556 23086 20280 16505 11116 9643 24544 17239 18738 18062 20409 11547 7922 10918 18183 20318 23911 20863 27070 26180 14024 27399 1546 15502 16374 10009 9915 5395 13265 14719 12620 3438 7945 6698 13745 24702 15539 4231 1409 14304 17893 537 19127 25944 23092 10835 27381 3095 19311 24862 17648 17325 23239 26274 24652 20905 27287 8666 22758 11354 4929 6907 16942 22181 8962 10027 23519 1884 13092 12186 12707 16622 6965 12778 8079 14552 5424 14556 25520 8799 3921 13114 10755 4503 11021 12626 366 26078 4095 7223 5143 2244 8931 3329
3159 138
965 17199 22957 3495 20209 26980 5133 9058 18817 14807 26346 9645 18293 25862 11099 26518 13941 15925 572 20189 14307 25300 11311 26806 5833 21503 25330 11438 4181 12503 14223 10231 6370 25628 9004 25111 15171 6542 9361 466 23673 21708 1193 16063 15605 15187 7377 7860 549 16101 26329 14315 3591 389 26153 6972 13749 17737 21531 4278 14826 6643 27661 21362 27315 15815 19625 14893 16293 9082 12182 22918 3524 4113 1659 18524 17808 17573 212 2875 25970 3224 9545 15810 15258 11359 9029 5466 19576 25104 3764 3031 9287 24046 2616 15578 9748 25140 16577 9970 24808 2211 7837 13772 16969 14049 1775 12244 21829 2941 25497 5498 18642 2690 15261 10515 1131 25048 11414 13463 19565 1371 25531 9428 27620 25645 5633 17435 6262 20164 10325 11843 23681 17651 9464 14220 18370 25076
3799 134
10744 25385 15383 13908 21027 15488 20436 7976 16317 16462 27659 12528 14137 7106 25940 694 27435 26001 16705 10013 21397 20888 3241 7557 5248 982 3996 505 12643 21960 2495 5642 26107 14876 6263 11581 20458 7296 2222 11106 25775 11961 11376 24555 27537 23599 14675 13737 13333 5211 25292 3615 17244 6231 1828 22968 17670 25925 15292 10448 25974 8112 20111 2779 22022 22241 23962 26233 26927 18813 7074 22849 21440 337 16816 19345 19670 13849 9015 6582 26205 26796 26396 13298 24761 19495 3641 2667 15068 22555 17271 2985 26226 1306 1607 22114 19694 12735 26117 6357 10194 13837 15638 11836 17347 25084 6879 10961 4269 12640 2336 20839 13650 12590 21141 14971 20294 915 13332 18337 19585 5831 14549 20703 7855 20419 10064 15885 15645 23165 6342 1807 4455 17407
141 129
22277 10612 9641 24461 11916 13047 19340 2260 24277 2199 16510 6942 24242 6940 14865 16652 26747 9279 7152 3254 21674 25322 24332 27268 21929 15847 26025 25465 12687 14646 26004 23355 4358 14419 6670 15167 10879 9988 19139 776 20915 14075 13681 16238 21412 17760 638 3771 14456 19990 3756 12500 21002 19832 9433 20231 10542 24178 11785 10485 810 16708 10643 14017 18385 3258 24510 14303 18469 21263 23363 13829 12602 11292 4954 1202 13920 7513 14107 5947 5763 13416 10564 5676 15474 6155 5290 11330 21596 6164 5474 19490 25489 16196 5817 20157 19610 9720 9336 16859 13846 10943 5504 21314 4246 6817 25368 23695 27827 19281 5021 21196 3001 7449 7884 5933 11799 8299 17084 23950 9061 22806 7412 3825 5887 7209 9770 6138 26620
475 142
14651 14147 5872 17264 23873 22334 14098 13496 21762 22716 9601 101 532 8193 1107 10483 18807 26516 18375 2730 2418 23543 3807 24444 5828 8265 24399 27751 9 9538 208 24433 25729 3357 4244 231 12555 2420 15106 9463 15264 8667 24101 14746 5162 5806 5624 12831 22626 15161 20973 17245 3664 12488 24345 10302 5219 26617 22858 16754 20757 12936 3557 6709 24636 9091 10272 23260 14565 3569 1969 7113 6919 10494 2843 17800 5369 4738 9275 2342 5299 5203 310 8761 20728 2443 9423 615 8372 10262 17096 21898 11496 26989 11900 2278 27023 2543 7507 16112 23530 23347 18553 16932 17925 26828 19896 6696 14972 18893 14420 3346 26010 20513 6013 19841 26376 1930 25022 10365 22214 24200 21086 8531 4367 26549 18615 25017 21892 25710 12434 10002 19203 17369 3035 6790 12458 684 5349 10545 21436 12776
4312 133
9815 1515 1208 23409 12877 2972 3491 24012 22098 14504 1036 689 447 1987 21347 17071 15516 15013 6561 10930 19394 10903 16564 19838 6871 18263 13169 20740 14428 5865 27699 22097 18088 13959 5353 13045 3720 16422 18543 5071 9175 26513 15239 27604 43 10636 27144 17048 26570 19292 8669 8016 25033 27822 15327 13508 5961 24714 13662 13440 11602 16723 1591 26916 9511 12892 4394 7798 3220 13788 26101 3746 27559 22382 18806 12897 26277 15908 24067 4688 5813 3313 4318 18153 17428 23943 13916 1180 10506 18291 12156 23632 27821 18620 11467 17712 24950 27783 2989 24542 24637 16963 1671 23622 14094 8177 21996 21526 6839 16865 18409 3510 8703 16349 4147 3075 22961 24280 11031 11617 4020 4270 23233 5531 9801 6794 16649 3548 16368 19014 19067 12467 13703
2688 128
14582 1891 14000 21232 10940 16276 4302 22737 18314 4237 10354 11323 9140 23326 20278 718 15195 248 9705 1819 19076 15473 25296 18277 1863 16099 13540 18674 26368 26521 2687 10318 15212 14660 13769 4606 5328 18261 2615 3000 2364 15310 5105 5710 5950 3574 19403 2216 12160 24687 18079 12236 16299 9002 10176 1236 16275 8309 5381 23028 18790 12857 16041 18639 20663 7437 9322 1113 14433 21012 19818 21786 8406 7753 14682 14766 22089 21463 499 17327 20404 26642 16637 17371 9517 1574 12794 19135 3735 16302 3719 12625 4848 2671 11750 5718 22651 11559 294 12677 25984 7006 19377 5939 11233 16000 4718 7839 14018 9006 415 12403 15030 3828 26141 6381 8212 4468 25138 5599 21444 18021 1178 3844 26381 9515 3900 23870
3229 136
27697 4293 12400 3263 23772 13789 13110 20058 10538 2462 17806 16661 7408 18008 1792 20375 25161 12202 7767 22643 1059 12814 2655 9818 5759 9139 21663 939 14052 12561 24256 2717 11957 26587 15064 13654 3236 22246 24396 17065 17709 2725 7305 13215 7601 3454 15637 16001 17755 7494 6322 26360 22394 21519 11306 14195 15152 8307 730 27467 16386 2641 13065 3644 4108 13150 16615 2272 6571 9126 14025 6485 18023 23381 8553 12367 14199 74 24653 6454 2769 11549 1814 24646 3213 18518 6996 10437 21544 1765 6986 20579 22675 11542 5547 9784 27730 9902 15934 11501 13643 7649 27579 9966 24357 3876 24600 12155 6640 22310 12028 8784 27775 22377 13412 24783 26132 6355 23800 25110 1851 10213 11909 12076 2298 8718 17882 19205 13389 23058 6689 133 22668 2313 21425 20940
3962 125
17994 2125 6366 8469 8554 10045 1914 3427 10144 21161 20808 10055 15084 27555 21725 10363 8244 14810 8502 26788 13132 8769 21870 23293 11727 1459 3102 15831 3721 26771 4267 2097 13942 7701 19562 21895 25027 7133 27795 20031 12882 23783 26018 18282 2292 21809 15891 6475 13623 4168 6087 20277 20038 6991 2036 19125 21743 22654 22145 25678 26807 12641 60 8515 23812 4516 21936 8641 16268 2793 23705 27727 26611 23912 9678 27377 25147 19908 806 26810 4683 19061 13422 1731 23328 11057 27301 9945 777 15425 5358 1990 797 22614 26081 10305 25107 26243 19143 25595 17035 165 3820 24493 13670 24641 24596 5186 22706 13553 27407 19454 11597 22451 6069 13178 27808 17294 26499 15376 996 7060 26821 25902 7162
2701 132
7070 6195 1060 23836 14168 19621 6411 27036 10366 9761 20531 2699 5996 12637 1913 8457 14691 21593 8928 18444 19277 11093 23110 3336 27239 17534 16860 26445 15134 3006 10324 23852 5138 20370 12326 14782 2472 15515 18785 9380 2762 11488 18669 19442 24586 9133 18733 14925 24476 23339 24104 18605 23542 27120 6467 27457 237 259 22883 13507 10376 14854 4690 14523 1845 15555 12619 1716 1523 19224 7825 2504 6356 8857 12963 2933 17926 10160 16047 16280 17968 576 6020 12732 21896 34 12079 17222 14151 2863 16894 21449 3530 16744 1277 23105 24323 24141 18624 18777 2019 26412 523 18957 27388 12144 16254 23286 17449 5123 10653 6260 13945 8812 4593 18318 17811 22919 6638 25815 6666 7427 6736 9071 4695 27005 10623 18323 1557 4748 15612 17315
3958 122
5313 16887 16065 2223 3145 13572 14365 14126 3592 14905 9177 22899 16494 16843 20921 12249 12064 10397 22075 15647 6729 4983 23591 9325 12868 10967 24897 25617 8499 24241 3801 23405 2150 9292 216 26609 21901 13904 23044 5264 8893 20455 5146 17406 1905 15878 19772 22835 27262 6286 11071 17691 6114 17391 12067 27423 17054 9860 2327 19409 23522 486 14108 12935 27684 882 4743 15079 20818 6091 18204 27119 138 4833 3953 2936 11161 5074 19704 5325 26006 4579 19697 2937 6514 9432 7706 2556 20605 10627 1743 23428 8976 9901 23700 23773 27672 12477 4361 291 15782 16097 6336 19034 15250 6579 18659 14152 23664 18728 27195 23995 18327 25445 17254 26939 12832 25717 14046 9579 900 4011
1773 120
24956 13120 21897 4274 14209 20468 19726 19947 25838 2831 14849 27213 25547 8080 1037 8578 11952 5965 4460 19250 27497 25530 8910 20339 21323 124 3715 634 2171 19384 8591 13565 19083 10739 9849 4536 1643 14867 8854 3716 8805 14055 12856 9778 18894 9706 22024 23669 4283 22308 18810 25323 19635 21881 8330 9560 7856 14848 1169 25674 2643 23045 10712 14105 3838 25045 5693 22761 15460 1307 4323 25880 8827 20912 18703 22799 5015 27161 13744 23118 2979 15299 6644 21159 14338 7626 15096 5282 7434 5002 15881 14626 20584 22965 16745 414 17903 21137 3884 8951 17077 369 5481 12798 23984 10592 25805 24232 24912 17293 3315 3164 25945 23930 26497 25220 2040 25905 6209 10944
2338 122
19234 8863 17171 21320 5609 16493 15254 26976 89 8118 25150 25963 12017 16175 22215 26787 22666 27163 12231 7964 24671 17018 11626 19493 1460 17562 1254 2138 14988 11338 8921 1520 11449 21192 12402 21658 15377 17481 63 4964 15586 7002 25667 149 9831 15475 23791 2198 26142 15131 26492 18966 22732 26790 5666 21668 21350 9583 4753 14274 15142 6099 12504 13038 7460 14714 22861 25779 21731 17596 1902 13692 19822 20772 5238 9192 17015 328 12205 1737 3456 18091 18246 12624 24615 9967 18365 15872 9036 23035 15642 19491 9799 7576 13032 26845 6958 17062 9469 9156 4499 21388 8920 26481 17306 18864 3306 10912 16598 27622 14246 9877 15181 15511 8630 1673 23704 13380 6694 18094 25631 18055
819 121
14536 12559 1644 10573 26602 7870 11852 22443 22776 6842 881 11664 21255 23753 25689 12975 24669 12163 17003 16236 8774 491 23529 1337 6253 14154 7509 24071 20124 269 15656 18355 17843 6885 25077 8302 2493 7275 6199 6766 23427 8251 18048 9199 17179 25398 17045 14730 9863 12260 995 9808 7128 9214 1827 10416 2390 6890 1215 5318 14164 26893 9927 8503 434 19477 11703 9278 9127 27778 719 583 16076 10832 16284 9224 16203 5962 11410 17525 3607 3094 8458 7487 1271 2022 10773 12542 23872 8455 23403 15128 4209 7592 26639 14974 17483 11762 26278 7808 20179 18386 26172 1785 3300 3183 11249 4133 388 18700 3859 15221 15752 11686 7840 2139 2110 6359 13358 26631 23030
2068 128
27401 3366 4101 7791 7764 20622 3733 18588 16603 13136 2765 7486 20367 21722 14409 16927 2899 6053 26899 11820 2618 14264 19448 1224 11842 8356 23951 7401 18363 18627 19153 9382 18113 3915 17787 17895 9655 17367 24313 7042 25130 5496 6456 2132 16789 14914 27600 27267 9471 26257 14751 14263 6403 23588 22527 16975 21134 980 21491 15745 8000 23690 14980 5751 14987 6169 25485 26097 2841 25058 22266 23244 27662 24729 23606 25806 7878 25881 3344 2683 20677 14936 25363 23147 12040 27183 13341 2080 4668 24563 22003 26649 19288 3245 26122 12961 3383 26281 19396 1922 7496 15920 16205 7690 15719 16359 24823 816 25152 488 18333 7865 1462 5497 5816 27227 9244 4518 928 20000 20805 8584 12181 13498 24772 21651 26456 21976
3602 120
19524 19362 14383 19573 23539 27004 12104 7188 9723 23316 8334 10148 17292 508 6849 14028 7017 14375 5295 16305 8626 9783 6948 26156 10445 1077 26418 11646 7287 26850 2992 26675 8314 19216 21513 24372 13367 18843 24368 23843 24016 14184 12328 22933 2056 18606 7506 15130 17020 16083 2995 6452 11663 5683 1627 6404 10626 15584 3812 27506 2267 241 16693 22300 7848 21332 22430 16146 6422 16797 16574 4331 25011 6252 17384 20440 15956 7900 21633 9932 27796 7446 22874 3634 1543 16979 19041 12146 13419 464 16892 7125 24209 15315 11778 16851 24408 13866 936 14120 9468 22900 13453 5024 9005 20938 13142 15583 17896 7784 9162 17405 7823 15546 4464 16042 13329 26008 4614 2000
4286 124
9333 8353 7872 7630 7802 16046 8204 12649 19505 22383 6844 11741 16331 13122 7234 23501 15505 1195 27458 12271 7018 20159 7066 25092 12716 25536 13944 5339 370 5594 3270 5343 6354 8574 24521 8285 9351 1394 9993 4999 4561 24902 24449 3381 11125 17309 15471 13393 9868 18796 923 20361 17912 24577 25325 14085 8604 25989 23859 1598 1176 17238 3088 23191 5019 3404 16728 17341 4780 7099 27548 23803 12501 3779 16425 12301 7160 11265 16559 17538 22464 16958 5042 19382 11538 12005 8077 12973 18886 18030 13245 1553 3123 6834 21739 27703 1741 18411 23708 6274 12149 25200 2682 26203 6978 14031 17816 14777 18621 22509 15877 21640 20521 11392 2593 5937 5733 1811 26924 22801 3421 1444 24515 20952
2009 122
11734 24850 13162 8201 24844 20175 26129 17451 1672 23004 1141 1634 20008 16886 10103 4379 1282 24964 11779 11882 22006 13878 16599 18082 1083 26714 5227 27631 10549 24054 19945 25959 26752 7533 25118 6922 27527 11453 16592 21748 3191 27689 12465 4418 1330 15236 3511 26221 6335 19800 799 13709 15408 10419 21726 25218 17260 6065 9129 10687 24218 1967 18946 7570 23231 8116 8750 15743 12920 18595 20413 17520 9171 26023 27039 21057 4163 4205 7309 3911 11092 26383 14502 20207 4294 1280 16922 17986 7723 19188 22573 16441 7363 22329 13568 1258 18821 17296 18527 20997 11226 25647 5118 25451 6266 8155 27264 24501 15143 15658 3668 7661 9593 2864 5873 7373 20263 7579 3466 1278 17727 15811
322 116
17741 14973 26888 8693 3683 24164 7515 21077 13674 13686 13254 20084 4701 21807 1066 26911 8752 15692 9749 26962 9787 25753 13915 18470 13155 25137 6136 62 19046 2092 25648 10119 22222 7026 17529 22148 8071 16413 7261 6113 18545 12175 2466 22750 3940 20341 3282 21782 3866 1168 26362 10501 11557 19809 26131 8850 7111 22767 18571 27806 23698 16458 16644 166 4425 2513 571 21984 9132 25822 21652 20895 3679 4416 7146 6808 4632 23153 3477 22649 4484 1440 6750 14765 7505 17621 7539 6540 23155 11347 13952 19251 17920 26727 23443 19966 4492 16901 25519 4162 10462 22948 17344 15331 23365 27807 21405 23171 3042 25193 25701 22155 13985 13000 4936 11128
813 123
11470 1601 1069 12280 6175 5422 1179 1279 21418 23661 8453 4239 18176 22287 6668 12418 17557 17012 9572 1588 25128 24442 25896 8791 25332 10300 7804 1637 4206 7528 6431 14977 22297 11159 11121 8102 12674 24338 2980 26646 27007 26325 20535 1251 13596 23375 15252 25771 20815 18454 18432 15279 20477 26532 7035 13721 24165 19613 12257 25355 10594 17542 10255 8381 8984 25098 19630 14843 22646 2971 20023 25231 27772 9737 19466 23274 13880 12032 27831 10939 26241 25633 26957 17931 13391 4035 12521 26309 22840 27441 24584 12932 17883 11298 14558 6801 23189 15307 15518 5849 18159 20799 12714 16168 27711 14947 4696 17036 27018 17314 8527 19110 8125 20315 7132 23883 8 24576 8445 8318 13999 25504 20226
2402 119
9564 15817 5394 3847 247 10994 4339 25279 6777 13034 19879 24931 8056 3767 10509 1965 22056 17038 17872 15021 2907 16165 6533 12827 23594 6946 6588 6829 23132 22895 20364 21431 751 26571 12509 6471 112 8338 1804 5148 14713 14357 24331 5445 10369 12971 20214 21587 899 26378 24896 19935 22090 12723 18476 19159 4268 8807 19622 20025 607 5940 0 10948 20833 16665 21564 21482 4977 8781 25934 12525 1829 10228 23755 27845 26823 10865 20838 11601 21271 11783 7783 13141 12663 14825 26386 20672 6510 185 7171 14818 10390 16680 7949 3170 27243 15320 4694 2158 27076 24281 14376 17765 16330 25481 14286 8461 14759 273 1970 14827 18481 7842 19171 16107 19210 8068 18874
517 121
13019 14462 10805 14632 12529 9124 11286 1089 27408 4746 6862 13702 2476 21734 7020 15900 26151 1925 20945 7575 18566 22311 1518 8409 26538 7986 2533 24592 18105 16678 11888 26449 14475 25094 14109 6943 7682 9804 25942 8985 26712 8945 25180 17694 4932 15458 15016 22914 11387 21047 7447 21614 10847 7530 3968 13976 23948 14832 12539 18928 19060 4656 13566 19919 865 27188 21248 13947 15736 27729 8619 22577 25215 946 18346 21578 23423 4931 21149 22538 9492 4488 19917 1004 21990 1608 182 157 22945 24155 7827 22445 24739 8892 794 8039 10033 11947 17604 4874 8657 6700 23512 747 11039 21321 12324 24643 4453 18341 624 27542 4714 1067 9504 26519 20529 15164 25888 2081 14045
1762 119
5333 16164 3712 720 25318 5393 12537 27658 8324 11604 15037 3932 12513 12176 13734 9824 20131 15587 8652 27723 506 25082 27784 5289 8654 10415 6653 4170 13776 13504 1730 18704 5037 3375 7293 8298 3260 22839 12497 12298 22859 3890 951 16844 13594 9149 17947 12284 19020 8074 6667 19801 14087 2118 6701 13629 7105 21948 2633 14942 22187 20486 22609 19569 14647 20785 10169 11919 13003 24975 27465 4256 9552 24706 13597 2334 10335 24202 24562 403 12487 12360 13198 26044 9253 8015 25828 5895 10396 15902 20606 9138 4291 22878 19593 2706 17830 9531 11051 23659 16132 15120 6433 13649 18 25655 4895 14586 1121 22684 9710 8026 17635 11408 22796 18577 5078 17594 23877
258 119
10763 20006 3711 24918 11675 2188 20005 22389 22542 19180 26354 21349 6468 24747 20568 23779 9455 27167 6083 18618 24145 22749 18134 4675 22519 3410 14187 24296 20623 20270 8140 13338 14300 12377 8023 25662 18214 20510 22803 13134 25703 7918 20381 7336 19912 25427 12447 11173 8323 12568 26076 21024 19246 8078 24900 8050 17082 27442 2868 12988 17216 8169 24322 25786 24684 18719 27707 17348 10814 3343 3180 10868 1774 14330 12421 16923 24365 6046 17460 23204 25480 23623 26238 10735 20640 20588 20901 7350 8440 15913 1365 13819 2830 17566 3870 513 13486 18565 23618 15756 4639 11346 8198 18084 23396 21632 2225 15606 6465 4998 7750 7792 15330 3447 23724 4882 15876 15742 18321
4163 120
7975 21150 16159 20151 775 27203 24312 9017 11158 10092 16972 20490 1253 8613 27486 15527 19393 13924 15886 2456 16526 26507 17620 11035 2538 9878 12531 13652 23782 4659 19776 8780 20892 8888 7591 26190 7201 26991 1993 21710 20564 10380 10308 5449 13555 26705 15490 24302 19637 5119 2984 26164 4180 5271 861 1571 16219 26394 8570 23816 7008 6749 11495 24537 493 947 16591 13492 26832 26923 23399 13385 14607 9362 315 21358 7061 13096 8482 16675 10988 17703 23898 27735 17397 11775 11362 9844 7100 13682 22326 27220 17023 6728 12553 5285 10355 15844 12105 27117 21871 27584 18646 24080 18361 10172 12223 22332 23106 15801 669 12588 15318 22044 23373 3581 25324 17547 11631 20410
3196 115
19373 8840 11620 23677 12289 17197 23765 24319 10516 22079 17266 2452 10227 14639 21379 3052 13205 19055 7997 6308 106 16750 6107 23128 9165 7664 26147 21407 1909 27705 14507 10211 19747 4557 5066 20184 2796 3929 9640 16846 22302 5739 26086 26248 16212 24499 1538 18544 5881 11537 2630 25122 6139 23981 2421 18096 25908 10340 2499 25609 655 11948 20846 17807 27027 18155 21287 11012 3899 10575 20333 3798 7480 8396 9892 19369 6625 3632 20201 4275 23878 22011 13630 9307 8093 16796 8202 16369 1897 7045 7218 120 3195 26506 7441 12188 9486 22937 80 5955 26815 17535 21692 16953 27132 15082 25446 5690 2005 4672 22409 3248 19550 26367 4372
345 116
2345 19494 24366 1943 12577 15228 14354 27732 8744 25008 6315 21273 21366 24924 13857 277 19440 26230 13677 16354 7462 19671 22084 15387 14008 26909 2871 16173 22240 4016 10969 6665 22227 25772 6005 24799 7562 2705 20195 19678 23578 759 13128 23313 819 25899 10298 3970 22474 17591 12484 14334 380 13518 21653 25410 3453 23858 19338 16899 6349 13460 9445 22543 1478 8094 25869 13580 26143 26144 7517 17267 16194 26505 6691 1328 12150 17801 14629 16726 20580 205 1733 21697 2677 11070 12740 16200 17137 18933 12136 2752 12512 17310 26415 11534 1397 16337 23011 15450 5516 27837 13006 3538 25001 23855 19538 14464 23510 12978 13209 11599 12696 14956 3305 14213
1507 125
19103 14640 19529 26934 10609 11729 27634 8184 11163 13181 20237 22869 13823 7282 3201 22857 12594 25270 26903 12657 8595 18464 17716 14688 16506 9772 1016 15650 18954 18908 7409 23925 10700 21009 10673 4870 7796 7600 19157 6671 26782 8395 14412 23227 22331 9830 23663 1109 22220 3912 11798 21214 10692 26864 17285 12630 2733 26522 26889 3959 13754 4562 9311 2731 178 25668 1068 19602 26987 10068 24881 4215 21796 4760 15302 23737 22384 5890 4298 17959 2702 27013 8561 6590 12168 22536 1625 17919 3875 14895 22080 10808 2113 19719 9704 10449 13195 3672 25426 10284 20891 5637 19300 16739 7556 19925 10207 9883 13929 26181 14665 5819 8994 21245 7355 11683 7319 15818 21091 21529 6391 8960 15633 2997 27063
319 123
26511 14530 23034 26861 3061 19472 1547 6918 609 20821 27758 8810 21779 13807 27683 8882 526 25268 3069 10168 1348 20557 16525 86 4995 23992 22457 24996 8446 7141 3020 5586 13548 5543 3753 23757 19326 11780 4889 19410 27062 7134 11234 21613 1898 18010 11351 13998 17508 9520 7193 14251 1295 2874 26171 10278 13887 21317 18016 24852 841 21032 19634 7180 13751 11893 7655 17102 22467 14823 5747 7929 25634 12881 21507 20312 11651 11288 15148 16311 9218 16291 20881 27003 3688 18406 17605 13025 4287 22062 12303 25856 19465 13139 8989 21764 18207 6070 4032 647 22672 6300 585 11790 4700 18593 21970 25939 20128 473 26075 9636 13457 293 4876 18122 11901 14483 9451 17985 808 23456 26606
3118 114
9084 14347 11907 15814 22166 23906 26805 19962 12631 15224 17340 8817 10910 25453 7376 16057 12745 2620 24831 19114 568 3373 25615 22041 7239 31 9839 16213 20873 14242 19696 25105 10079 21109 16257 4645 4960 8760 3532 20386 15053 20676 22757 6244 8474 11120 12958 17484 24070 4744 17200 25860 3563 26410 22358 7896 24707 6705 5341 5145 16845 16611 1335 19952 8013 16395 25654 25564 26282 18557 407 21622 14063 4678 15599 14470 24425 2316 8383 18144 14302 9007 10196 17879 20210 27142 9974 24830 1849 9861 25072 5845 5584 209 15666 23893 17814 12445 20964 7595 23114 3954 12107 22282 17607 6073 18612 11702 26148 23722 18142 3693 1192 364
2230 123
22720 22318 6048 6493 11672 8887 281 4911 17376 11256 26228 23223 9719 17234 19795 1837 7073 7775 7590 23580 20407 23201 10166 25102 22724 26229 24271 23826 19629 6375 10704 1056 25473 12449 22173 1530 4082 18485 20532 25590 3763 7658 1931 3322 17330 12583 6124 24115 5086 17242 8444 16117 9248 23662 4828 20197 6428 1772 411 1613 6883 9072 4826 2557 10618 17297 3414 22625 5477 17358 14705 8066 13991 21591 7248 9398 4571 19616 21494 11267 22104 15919 26198 25430 14292 12321 79 19596 17166 13903 27799 13192 19428 23813 21980 23866 20894 301 8946 9092 8178 24697 26670 8168 19876 10190 1593 26686 10330 24624 4693 15951 7025 21205 17399 22491 19207 17492 11482 14671 20 13415 9907
304 124
12681 7765 22049 26992 5841 9227 24595 11131 25863 23832 24002 20659 10657 27832 19572 1558 25068 14394 19732 19881 17021 26215 11858 19680 2942 12834 26734 8157 12609 457 6074 1170 23439 19459 17251 3308 10730 11723 10364 8815 23583 1770 17506 14448 21278 8222 3223 20459 12556 6102 10451 2331 2058 25525 21586 24877 69 9788 19584 17307 1630 14907 24701 26112 17720 19208 6951 481 26952 1592 5615 2715 5165 23609 22800 16733 5581 26843 1778 24658 14329 19950 23406 13806 26533 11164 14817 20751 24882 24863 15409 27647 1201 7272 18776 26969 2090 9986 8814 594 14789 10689 24006 17086 7979 25470 9867 23629 17073 10862 9972 1212 26491 2347 27247 27218 25158 13619 20240 24100 617 22745 20186 22233
3386 120
6287 5762 15493 670 26111 26743 7452 15709 13167 1250 6964 7529 27310 16558 20168 25500 11500 20651 2732 24891 16904 6692 19244 15594 22636 14034 7393 22369 16033 15246 22930 2642 1085 1534 22612 19840 20421 27583 10217 21904 20646 12668 442 19158 12690 18020 22726 10723 6201 16370 9310 3823 15641 13021 7365 7432 18243 7260 4529 3111 24750 4248 11217 582 23177 8134 2501 15138 8841 24752 4909 1430 3914 27675 16666 16868 12347 15354 19547 20178 18268 16483 15565 25505 24378 1603 4731 22289 9265 13214 27417 26967 6629 1240 10264 11700 24814 16820 17518 17425 24434 733 9999 9389 7883 26029 599 17323 19266 26484 20030 27236 4386 26202 9421 880 19099 8226 2189 6480
428 108
19587 20512 4919 1315 4891 7251 17878 27484 25133 23894 12905 14659 1139 2522 13475 21510 19072 11937 15095 2432 18125 20288 8138 26847 16474 20297 22219 23158 4300 20347 18357 1433 24009 25922 9198 5158 4881 27025 20786 17964 12629 2559 7442 23337 4880 16171 1207 25064 27571 26890 24491 11928 27509 7571 1799 21837 2876 6014 8433 8811 24172 12066 3760 16825 26414 12126 17733 8111 14476 23895 4094 8754 21353 3931 16761 23206 2859 1883 8145 3724 26036 5858 20980 13511 10891 24617 12662 25457 1560 5832 2846 12211 2180 25601 12390 11967 13817 18413 3809 12386 24214 14976 4426 8126 1976 5648 17052 16587
219 116
19462 19287 1150 6035 22788 10185 26060 1576 22177 22159 26682 21538 20625 26035 8097 20161 15344 3505 20144 4284 6096 9308 18539 5242 24078 17748 26877 23654 14628 9231 24505 15901 5357 9622 13148 5223 12614 21108 24307 27054 13705 26175 17103 27613 12065 11598 6196 5189 18202 23117 8705 12532 5142 25526 25873 1584 26984 20009 25916 25418 17279 12927 3938 20760 18283 24010 6580 14481 23133 8486 26711 22144 3882 25401 15866 23085 18495 9568 8612 15640 2845 18463 14904 11629 18442 4423 22472 21099 7967 7457 2854 20120 25351 15186 5455 13937 11508 17822 13294 2766 10902 17880 8332 12036 5800 11719 6816 15887 11872 20687 2422 5016 27187 15903 19031 8104
1123 109
27118 3128 6344 1048 15706 5944 18628 13347 10987 7335 2365 25666 27371 2052 7489 1738 3004 21610 10616 25120 1346 16211 10423 139 3462 14795 12946 3115 15773 12137 4436 17298 14080 5270 10852 14102 11477 2214 11336 25425 24367 318 17191 26869 27453 14855 13847 27160 19310 3661 24800 17844 3406 19367 4218 845 15308 22324 4855 25143 20463 4634 23080 19555 17381 25469 25693 19805 4500 17704 11745 4551 27479 9665 9726 19134 18073 11224 9243 929 13895 20215 23441 10971 957 14539 12699 27745 16470 20136 2785 10083 9251 7700 24565 24402 23956 19133 27296 3370 22484 1024 3605 5521 8491 10339 7225 7683 2675
643 110
23985 5509 13799 13278 172 3627 18017 15294 19257 3988 15542 904 11857 3244 17000 7191 10152 7076 7071 13042 16760 7386 26037 14240 27840 10823 22272 17531 6304 21016 14929 9021 12617 22423 13075 17942 17692 17377 1243 6324 2910 14814 8971 22586 9119 675 13191 5510 14095 14711 5348 6347 3053 24974 9089 3967 12135 2389 5013 22539 7144 16786 16418 17650 84 18903 18525 5120 10778 27611 26589 21338 25610 26259 22597 24432 27488 2187 15695 3840 6935 3450 11170 17784 24163 25163 6311 21758 9120 2613 9302 6030 2782 10358 17231 4506 8010 16842 26940 15767 16435 26382 17881 5706 25616 15124 1709 24295 7004 3528
3335 110
10357 24854 5406 20072 27100 23093 17981 21142 8320 24360 21865 23645 9943 6116 19676 11452 13371 1685 14474 2134 23002 10826 24261 4547 6302 1442 10574 3445 27531 16078 27420 12008 152 18330 20233 15819 14261 902 9503 19580 10557 17375 9605 2217 26330 25624 19217 27255 13522 21486 877 17804 6550 23592 15757 150 2473 27655 24710 10069 3848 22400 9354 12795 22932 5301 857 18412 16518 26527 10490 16324 8052 175 9390 7395 2811 8081 12259 14030 5127 27817 18547 16244 14459 12869 7257 1956 10 26515 2674 21712 20010 14318 18748 9347 16310 27629 25096 18193 23521 6515 14173 21381 9283 25777 15052 18696 4383 27096
2617 100
6511 18232 4399 907 17355 17204 14197 17615 16279 20498 2853 25421 16895 14950 10899 26213 26580 4511 24248 547 24688 628 19065 8348 4114 14401 23453 8211 7344 1506 18101 21798 26404 12394 18538 14392 9259 6969 5511 8758 24468 24678 22138 11637 21997 156 23680 22040 24466 21048 4474 12485 27050 21309 17043 21160 13239 24291 3727 23042 21070 1012 9905 27470 21950 6925 12000 10106 26463 15771 271 25348 20047 17747 2894 7403 2661 2592 2401 7292 24865 21277 16497 21067 25991 4089 18599 9965 9235 21766 19164 25760 3981 18430 1988 21971 18578 4233 10439 3218
154 112
2993 17640 1758 17010 27158 22695 16266 640 13476 8173 4972 18678 25345 16152 22275 25442 21296 726 27197 12518 21336 23063 4520 10409 3333 16075 9581 5167 1794 16421 20520 3290 13782 12718 25381 20041 9323 24410 26657 8632 451 22662 20276 22206 23211 8349 3080 10628 2068 24954 13031 27823 20712 562 4052 19623 24634 11912 2898 13026 17157 4732 8820 5787 27078 15943 6006 21923 2628 26613 4273 23342 23639 16115 16573 5577 9916 2509 10432 8216 8275 2173 6340 23480 353 18311 17241 14698 16342 20918 19526 21680 8862 2202 9430 21152 4407 11434 17366 2968 14638 19308 24860 26678 21715 11630 22551 15501 13982 184 25964 27502
130 110
1824 18133 16316 1007 17081 4478 20942 2681 23148 25278 15008 24765 1585 17212 10377 9368 22014 10792 686 11328 10147 11580 3358 18735 4480 12938 23638 17991 14193 1717 20101 26621 23671 5213 355 27186 656 24069 18250 9042 12603 12982 13306 14864 6236 26108 18532 6572 6830 17963 18541 27644 15483 14561 24004 3770 206 8100 11761 25031 2434 10678 15373 15440 13722 12411 13723 14235 13107 239 13872 12274 25565 14815 20585 14946 24602 13196 10452 24268 25949 2083 15237 17589 17337 11212 1345 22403 27228 19029 23676 11869 11809 24344 8947 2870 18561 24841 23137 3185 8369 17450 22278 10505 26732 12336 20154 22782 16241 9662
402 109
7181 11725 10188 12014 25891 14001 16477 11752 8012 25223 23334 20995 704 5812 17743 22 25335 3243 14282 2309 26626 18983 8227 13030 5664 17164 24340 3941 27572 11398 305 20405 24064 14735 8724 22322 25256 17979 3930 2755 19929 9045 11883 7725 10952 13471 14769 24136 12404 27359 190 25640 16144 6702 24888 3420 26216 25552 4565 13055 4865 837 1039 16642 1228 14788 15764 1260 1918 20244 5468 12033 22982 12338 14984 22397 377 25405 24061 27409 2951 19363 17945 7892 1136 13454 27170 19248 6221 23303 21863 6158 8520 2862 14363 12548 26002 13366 21104 22856 26487 17163 26179 7999 22179 20732 22772 9512 19045
3963 101
19486 4332 3651 25316 6492 4664 24567 21123 25395 16639 20776 192 15508 22321 25716 9256 23746 4214 18174 10158 3544 22882 5320 15976 13345 6882 26853 16883 22769 7916 7021 19864 13194 11813 19353 4385 19976 6630 26225 24134 6501 7304 3100 23008 10086 27781 2078 17509 22708 5975 5907 19813 26697 11722 22032 7971 4388 11329 17207 3178 13546 2356 15715 26170 11873 12986 18820 5331 9685 24247 27677 44 3338 1641 12110 8063 25558 22020 8569 4736 7184 1097 15522 6227 11972 13569 13765 4456 9343 15103 10938 9826 7871 18253 1116 606 24161 24820 16718 14256 2507
519 110
12325 1870 13315 5079 27712 16553 24978 16378 16232 26232 14577 22078 15206 17462 3434 2400 4651 23507 17354 10966 4734 21585 27398 1038 4903 9850 13406 26926 21085 12538 18558 24123 26104 11563 13760 12724 4301 8256 15969 358 23276 4260 21055 12203 18978 8305 27819 24704 22701 7651 22912 8643 8377 20018 4589 17917 6479 48 1609 6254 20820 786 27690 21200 24153 17649 267 27714 25016 2064 13570 13430 1317 2210 11712 16914 18853 25695 19371 22785 11204 3691 12985 27375 24802 4197 15807 11512 6405 23486 6239 5022 17024 26902 27052 5698 17119 1661 454 6786 13897 20801 10350 8964 9188 15659 20444 13365 10420 13554
4333 97
24833 3010 23052 17873 22779 5447 1268 6543 22031 24868 4875 3369 26599 22045 25280 12980 9843 23378 2054 25067 14467 5982 24401 17033 11856 23163 6745 1142 5350 10680 11710 7357 137 9711 5046 16756 25521 11936 24185 21838 25718 14117 15301 4226 12783 22594 10320 25553 815 27107 6378 8555 10383 985 14423 14624 2805 27474 12276 1380 20661 7703 24885 3989 18958 1816 19328 5407 24791 20947 11309 12034 13803 4192 3744 22983 20479 19332 7482 11439 12774 978 1654 9595 20794 14391 3692 19667 18601 9369 1877 26174 9746 18201 3106 3865 19356
2155 107
3097 17304 7342 22039 6780 16089 5471 16998 14236 8855 9134 26770 14314 25855 2651 17208 16380 26328 1960 6599 19640 1542 23635 26755 11603 21745 27754 4286 186 944 24050 10253 23666 11350 22993 24782 4549 16187 21487 4025 2848 15404 24122 27276 26768 4222 179 529 10244 3877 6663 22016 15683 9043 16028 21426 18482 17438 15414 13369 5479 22773 18074 9890 25333 6312 26618 27300 21363 22309 25257 4886 17512 9229 26591 23335 21155 19313 12736 8808 11032 10084 21498 1231 3837 23973 674 23929 25570 17619 17731 13917 3971 7981 5853 13886 17660 9954 18425 1582 20234 663 11908 19501 8707 6339 9476
3176 104
14413 19981 10455 10349 16226 17237 24676 2637 18399 19259 16245 25080 18692 16727 25795 10795 12248 24665 321 23882 5319 14469 21977 6395 22165 4543 14722 10131 22805 26655 3469 15855 108 25735 317 3797 9764 14760 3814 14005 3054 23643 10200 16605 6234 22722 25921 19003 17679 26196 4857 10784 121 24099 4893 4844 16325 15382 10857 4924 25479 2129 20974 4130 23558 7580 3047 12075 17350 10005 26774 3504 4750 14943 14395 22756 14032 3503 7014 21147 3570 21660 18936 19286 11768 4429 18087 5713 7327 3799 7724 16984 25267 17957 17471 13002 14512 20944 1160 6593 11307 4726 25326 4997
764 103
6564 17550 27504 10201 24531 9023 15968 23682 19856 19260 19056 10845 14966 21957 18717 9990 19361 26115 8956 4820 14026 19105 20043 1019 21417 680 13331 8462 9448 13567 2606 5168 19344 10803 11252 22855 21931 903 15447 7124 11290 16784 7337 24130 11831 4498 15266 19774 18851 15978 13584 5910 16987 9753 15988 12786 9022 27439 2803 11136 22891 23975 22887 7263 10057 14913 5764 1412 25990 25741 14141 21550 21691 1528 25904 18990 20239 10241 12925 26261 16273 1000 22225 4513 24238 16381 15268 2919 7527 6819 14619 26125 14606 16551 2727 8629 23749 15531 19039 11165 4546 2577 11970
3397 106
26858 21385 11758 974 13882 6778 23077 19215 12604 6759 21891 16004 14210 15211 19830 27646 4827 356 17714 1407 22633 24836 20803 24675 15690 17586 3465 6273 13145 23707 25306 282 21735 22755 21357 5602 21043 2746 9060 9167 22072 14088 22028 2101 22959 10837 13004 8344 10508 6008 27298 6400 5490 16 22927 26034 15857 2106 21020 9069 6278 21533 9035 23033 12907 25800 5058 25191 20783 2020 17652 16059 15113 5311 22401 23397 6757 18180 24870 9828 19698 15039 9858 22286 1769 21830 17561 10443 22798 26291 5992 8139 8869 24585 24294 7524 3188 20834 264 13180 9190 9584 26685 21139 4885 13232
3181 99
13184 2925 690 9870 11198 5110 2239 11622 2353 16210 13124 619 4424 24810 15334 19712 15428 25928 25233 18752 27376 5418 24941 10031 18150 9419 13202 19862 2355 7323 7768 6206 23914 13733 21883 18562 12440 12997 15110 11 19762 5979 14812 873 19141 24776 5488 18415 937 8234 19633 16271 3255 14064 2953 16710 17723 159 17742 26835 1299 13539 4421 17647 8582 6392 4171 20170 9085 5398 10683 16862 11731 14587 5435 14884 21751 14886 27513 9009 26027 17969 16249 25116 8894 3226 9034 23344 11739 13842 11515 14341 6909 20813 19343 11535 2015 2571 605
2650 101
26758 15938 17955 25782 21570 23462 17362 23391 25346 11061 14835 3916 14377 24880 24775 13742 21703 23104 26997 21295 27038 5215 8739 9146 11248 10400 26811 13969 20272 2790 6494 23 25658 888 14603 5039 15337 7991 2573 5312 22208 15981 4535 19191 21258 14701 16258 3235 4598 11137 487 24096 306 24350 11181 23876 23097 21765 3159 11865 14048 5085 22193 14909 14608 9395 6408 7156 16962 8764 17910 15129 21093 3946 4578 17519 3604 14923 7715 17526 9852 9626 11845 7605 17272 17978 6448 13235 24856 2340 6992 500 15867 5373 15822 10435 16037 7269 5722 3393 22237
722 108
3552 22589 27790 27201 24809 22305 17778 15303 19460 17495 3560 18140 20868 13251 24393 24420 22635 17938 21015 6240 24919 27087 4761 12016 18979 17162 9457 23241 2384 21193 19849 21220 8961 1548 25722 13975 11974 623 544 21670 9620 6269 12038 13499 14692 2809 2481 15477 15375 14296 12010 22023 11571 15917 19089 9587 1719 5934 7875 15151 12058 1074 7714 8179 21899 22213 12143 1666 23928 3725 938 7250 18106 21038 20130 2775 8771 417 11546 13288 14585 21535 18497 5112 265 14780 7636 7217 12486 25841 6277 7609 5790 11155 4758 19664 18238 1996 1822 1022 11946 9887 14801 2259 10280 2074 853 20965
3790 101
15693 26836 10834 18126 13651 10543 5969 17611 22613 16225 9477 23685 22794 8477 14831 14487 27798 13336 1095 13808 22676 2488 5562 6597 8631 2815 1606 5867 671 11544 26442 12117 11167 1071 19615 7970 15691 8852 14047 4461 3972 9869 16780 6810 6939 5953 22454 18420 14509 10110 27599 1699 4655 27657 21802 23714 12478 22252 7705 20464 12994 9277 23550 24500 1997 17678 7368 512 15418 9207 24936 13628 6193 10621 11067 15623 26017 15049 22787 9543 20781 13898 16504 26220 11183 12061 5740 15869 3997 24436 1751 13029 18389 13834 17522 6906 4103 3514 26881 15137 12252
2892 98
24715 13159 22515 20611 18221 26970 12900 1929 5829 6632 5951 19414 8551 12481 15836 25390 102 14883 23573 5164 23717 26633 7031 9873 27149 19147 26322 12746 26754 14119 11701 23321 8734 20705 25353 12200 6547 17555 16309 7399 6022 7968 23503 22816 2621 21760 5342 14868 10552 18689 26364 11210 27257 27208 9586 23338 11812 27724 26766 7893 22125 10608 4050 1565 181 17060 14093 8229 15265 18049 27383 12655 19453 24283 19081 17842 18580 9116 7497 16608 11517 14153 14268 21080 6079 13241 25728 17705 5116 1288 20855 19606 227 8701 9216 14528 9992 22396
651 104
24150 6551 20469 16996 20706 23533 1266 14656 5462 13894 24571 1422 19002 3048 22475 4994 15227 24899 10772 16711 10920 16810 13595 17032 17862 23248 14697 26438 26372 13348 5862 15635 18584 12647 21090 7573 6301 21637 26635 22274 13679 10610 21185 21857 14438 1941 14610 765 14416 21922 8031 1968 11146 16631 26417 2818 16140 1223 24949 1469 27291 14786 21471 6380 12903 10489 7016 3066 18285 24091 10906 1183 477 4148 6463 5874 11667 9062 13166 25297 26947 18332 10741 2467 17563 22890 11788 15219 16344 24389 25057 19516 401 25677 24409 213 14548 11493 14072 7118 18157 14362 19797 24986
1002 99
15312 19979 3588 22352 3360 2659 24102 19165 1688 20851 18641 13978 142 1991 16260 25000 19963 467 1244 2529 15727 12359 12567 19880 21432 9344 7588 16640 7189 19578 17395 20976 10765 16670 21677 4264 24608 7726 1052 9977 9631 17521 24568 23340 13160 25961 5354 10598 21042 8735 26276 19748 2144 16207 27314 7543 18225 18490 3984 19129 20264 2182 26588 26922 3483 5423 18040 2102 25447 19352 18837 2823 6509 17235 9629 5803 2921 15298 8317 26892 21988 1446 10562 15432 1692 20927 23162 17477 9554 8605 1194 20604 26105 19639 16327 11284 24698 5717 18912
2066 100
25083 17496 13736 12969 8364 8402 2254 3225 5629 575 26772 14344 5362 21824 12744 27645 21478 25339 20019 6049 8376 26 25715 15259 27072 13996 809 23039 9331 566 17750 24292 25144 8501 16169 8544 2071 13283 1079 12793 17783 5823 6758 6180 9740 18756 1728 132 3492 12444 5856 17253 25709 23159 3136 8704 25582 8148 19411 12334 23848 24245 10268 10102 11751 2658 23652 748 5728 16776 24625 18520 8429 7645 3948 16627 18825 1626 7110 13361 2939 12279 5448 23537 587 7978 18838 16178 20320 19617 4075 7596 21079 19086 8460 6751 1640 12471 18162 18877
1155 106
3824 15999 24272 10648 17004 19770 6215 3401 4713 22949 6768 14218 16957 5084 14295 12822 16335 14238 23006 3446 18053 26543 6957 10546 7803 23996 27728 19738 19753 3039 6212 22797 15674 19679 16082 5276 1755 6955 2904 12001 25483 19779 15359 13989 2394 653 14226 1705 7057 6985 8829 19119 17338 26908 5153 1541 13763 2866 19675 25785 8848 23459 5601 18410 387 10662 25225 6246 27216 2082 7972 22821 9461 12751 12085 16230 8113 5161 6055 2411 17545 1314 4238 3176 22211 7943 17558 7341 21184 9845 4228 15088 19408 3309 19365 4249 27012 10583 13189 7083 17459 24325 3044 11973 17452 4522
692 98
18650 17613 22906 7121 18309 25846 5332 10510 4408 9312 1353 6219 21676 1704 27694 19346 16828 23520 11413 16414 7429 2669 9618 12310 8507 16121 9202 2908 8082 21756 18531 10183 8048 11179 3975 10617 21583 8779 18959 18347 18098 2076 23752 10699 7679 14609 6947 3617 27771 9412 3459 15607 24818 3650 7054 26200 23068 27206 4626 4004 11555 21270 13374 2100 10124 4337 26460 16396 25967 18222 17899 9777 23590 11724 27097 22393 27839 1296 19512 26357 19502 3105 26223 2448 23492 18440 25211 220 20849 25638 19803 11655 8129 8430 23675 22290 17725 7092
1977 100
6740 7475 7455 17689 3002 23364 22905 25574 6988 20996 11293 4597 11342 27141 17869 26245 12711 5551 23944 1379 5539 2487 18175 21998 24559 25897 9480 18353 26906 18760 7090 9191 26265 18992 12653 20724 12684 1073 1650 13050 26541 13053 15170 26126 2338 14215 16541 25020 22807 17467 906 24139 5025 1878 338 27031 16364 717 18154 17921 18446 23703 15985 12612 4179 25661 678 9908 19781 10248 16351 4633 11474 16389 18397 15904 16874 2565 12824 2540 15178 2221 7088 25360 18536 2089 20612 22463 13968 21641 16683 9261 30 18507 13409 16172 23329 10116 21893 1434
3108 94
16794 26089 10498 27345 8783 17446 26380 21182 26476 7778 12198 23029 5171 3455 11633 22823 26773 20581 2442 22634 13812 2861 27238 2291 7381 26561 17447 8424 1186 365 27539 12344 14343 23628 16646 6659 6418 14301 6440 23932 21792 17892 17736 12078 1616 1329 82 24813 10651 7731 14961 12607 8844 24994 3957 2612 2370 20306 1357 12285 26913 23417 8948 13575 13717 6054 22425 24551 4100 3182 25527 12261 15057 9339 24301 8745 16058 5457 12354 7493 4982 11320 26280 1519 10563 20689 18364 12254 11077 13009 10881 2226 10457 24321
9 101
23001 19892 11114 3599 13660 18600 19500 15889 16596 1540 13591 17261 24832 16288 25464 712 20102 14204 2328 5590 1668 25641 35 11889 20878 20633 8662 8011 20001 19231 20253 11174 5485 26814 17965 18342 16496 52 5273 19033 3576 14716 21119 26443 8426 21775 14879 2546 2844 19012 12388 18637 20051 20937 1686 10679 20648 10360 16100 22892 1782 12960 4329 4566 23874 9032 14458 8743 13439 15155 21448 18939 22751 17203 4006 14161 3144 27770 8311 11806 5237 18848 21730 14403 11895 4584 21699 11273 22481 1618 2772 13488 3266 21063 7348 19575 15214 27431 17770 17523 27818
2415 101
9481 20909 17185 21611 22606 1677 2578 17110 2474 2479 23047 1448 20418 10518 13236 24869 22258 8617 15061 13219 18431 12003 19037 24947 18475 8878 3624 6350 10478 9258 10411 4306 26665 20779 14750 5657 24237 3977 12519 722 25664 23108 9638 18124 6445 13918 20377 18622 10392 4396 8495 13668 13046 4391 26608 18034 21370 10134 20853 19009 4509 926 2515 6328 2889 18635 2901 10271 6373 4405 18775 65 5324 24741 15255 8692 8415 25993 4208 727 6669 565 9738 1572 4661 4883 14834 20289 21234 10849 24190 4066 15111 26818 18781 14837 5514 23559 12305 49 18086
4208 92
15996 13864 11568 12430 5034 15989 17908 25478 737 26555 18334 7369 4320 27538 22293 5611 13264 17775 4107 6763 11499 3374 9562 3951 19447 12456 8790 16486 13831 7709 12446 14384 12452 16878 20012 25047 18537 11976 25496 2945 26391 10892 6353 21716 9252 4654 24362 20699 15153 14650 8870 13634 8776 19446 47 25079 7270 14406 14043 7717 10668 8489 2689 11405 15338 1503 22922 27047 5608 24920 22549 16621 9862 25532 10334 8286 374 25204 16679 14081 19627 18240 10671 13970 2176 3355 25263 11801 17578 18949 2277 19263
3167 94
16221 5744 24805 21030 3913 7339 8382 2607 6229 118 5949 24173 13321 19586 11103 11924 6100 22276 11393 15415 3579 7720 4346 226 26706 21642 22170 14510 12304 4087 3585 17139 2436 4966 10615 20911 12873 18574 10461 25308 6019 10926 8597 8241 7785 27437 8596 12762 360 3700 3730 2402 1018 21994 16866 26690 12214 13186 26007 20221 7510 18522 19237 18070 256 26512 12225 13281 21112 8777 3146 2141 24545 21457 6409 26932 12330 18483 6617 24028 1720 3194 10001 27180 5810 14189 24580 17490 26863 8625 1569 2035 27585 16819
2775 90
21081 8283 9792 11834 18050 23048 10774 22083 12122 16772 20870 11188 20773 16836 4795 23277 19374 6426 892 8715 23229 579 633 25379 6170 7207 27293 14517 27606 9378 15374 18112 25361 18505 8686 23437 17768 597 24957 3587 2804 11096 6352 25328 24517 8399 7950 3631 15768 1810 15191 964 11705 16468 189 21282 3057 11784 8130 19574 24311 4773 2895 25287 2553 19553 6846 7168 25329 3140 1222 11696 20572 26928 17111 5943 19711 6117 10091 17083 18513 3565 7328 13601 13699 1110 1850 5616 24948 2694
3543 105
511 610 8819 27219 14574 3063 18519 17551 24412 16814 2424 5131 11425 14378 1946 3332 18882 25878 9388 10904 26434 10206 13820 17423 19924 25313 8675 14400 12097 16328 22977 8295 21492 13673 6135 19225 18632 19391 10499 16520 21467 6166 21803 17165 24751 18732 15536 1312 14667 23678 23351 24526 12089 26859 12322 418 4894 13825 23781 16192 14424 19571 14340 16673 16206 21122 12201 5436 24989 12216 2545 16407 3630 25466 7965 3179 27649 8057 1696 3872 9567 10319 4220 16662 14134 25825 1388 9565 23636 11792 18339 18515 14364 19318 24036 9637 20222 6090 3171 22037 6495 25165 4034 5765 3887
704 102
3079 1509 8903 14225 1320 3635 8665 7829 7757 18329 23356 16367 7628 25920 21528 25042 19405 22284 4157 1649 19542 23094 3422 1032 22131 15192 14214 15963 5236 21709 27205 20916 16387 7521 7734 9781 10469 2503 18275 3686 21781 13299 21331 19027 23935 23188 2719 26192 25802 23280 14544 10681 18340 4071 22513 9563 6458 459 9946 8313 24208 4150 26904 9326 12493 15945 19218 13865 10436 17136 21298 20850 3233 24458 19197 16921 1944 25522 5681 14963 11300 4612 23621 22501 16224 1739 15168 15562 25732 12865 4805 12692 1015 2148 10391 16026 11956 17498 11355 27752 19638 3184
1913 94
23829 4347 8228 24358 19745 20362 12941 16934 17270 18934 3567 9075 26096 9699 15569 7436 5799 16411 4814 2121 12052 4251 16688 21605 19319 26878 21115 17729 13877 6283 27321 8243 16366 18819 16848 8513 1045 9377 26729 734 2166 7830 4041 9692 20806 2581 771 22608 9064 25167 18835 16419 886 20954 17654 14993 21584 8240 24786 6932 3863 26560 2542 26548 13835 10799 3489 22518 21825 14472 6884 13203 6407 14811 14319 3205 23879 15346 2798 1502 5612 16606 24142 17622 26804 7469 6915 14740 15025 26453 13064 17349 534 13410
1878 88
11658 19438 25250 4255 4402 705 27421 19983 12258 6529 4867 4123 6914 2459 18360 16174 8860 13589 25003 13290 18107 5028 10303 17196 15385 10460 10886 20441 10655 23257 24106 5307 26472 25514 14009 18718 5566 1188 14793 5772 19851 4380 12406 18270 19688 27279 2451 16459 26207 11305 26109 5618 25101 25756 7813 21447 16409 12435 18455 2208 17937 326 2535 26672 20208 483 16980 23649 5791 4406 13794 20219 3033 16190 26801 2608 2753 16157 17677 22091 20316 23766 20284 20373 10073 25613 22373 13304
3377 105
22450 8335 3702 1725 12849 6971 485 26043 122 11867 25769 22879 27059 24599 4627 13578 9998 13581 7362 1028 6959 14011 538 1255 22569 27349 15035 1025 16361 2756 23432 25071 5737 1919 7219 12656 15630 19604 2095 11409 18638 26331 27562 2047 4840 20556 16590 19404 23742 19725 22386 7815 21484 7166 9212 580 11902 1710 4935 2312 17066 4315 11935 26019 21770 10492 6934 20382 2161 25581 23506 20366 17240 15027 2455 8190 20314 21864 27355 18706 24109 7730 14461 27574 25836 22904 18761 140 1272 8388 10028 22811 25774 24495 17901 22908 24566 5606 20330 5101 23726 5824 438 17476 26335
624 97
15389 4716 15513 8990 13054 13964 7310 15824 11772 8845 4173 20858 552 15894 18076 13537 12423 27432 7425 3646 21132 5899 26475 19069 2350 15183 10831 18453 22238 13069 7561 7085 18766 7849 2996 26949 21907 18018 15598 16933 9436 6094 25794 10578 7222 15581 2638 22813 24430 9232 9305 20473 17949 17786 2817 5239 27101 24777 17147 9597 24742 5247 25449 3327 19655 17343 15397 27130 20830 23744 17115 11611 7912 8668 18149 27525 8525 25827 27295 7793 7153 23582 6608 9122 9670 8127 7200 9324 2115 11612 5836 14933 7221 6999 17711 17209 3902
2536 90
12880 18516 21700 13238 10762 3249 1477 18849 13077 10219 15833 9785 4588 11625 22522 22167 9978 20346 5458 805 9755 18083 5771 11017 12092 7735 5632 546 7382 18449 18691 8833 1876 20319 4575 10310 17329 1359 26272 4974 22678 18418 25342 8549 26647 10584 19008 19073 4073 18392 3127 12019 15837 450 8548 15010 19306 21866 25866 2348 7748 18611 10407 9635 21740 21606 19270 9757 13640 18027 26891 27191 2883 18829 24812 25954 3273 15965 5055 19558 24935 5655 15568 1872 13608 27710 9285 19498 26326 11200
1326 83
21644 21003 11756 20601 23327 5272 15830 15946 18058 17637 8685 16017 215 8065 21511 5130 3894 13248 23942 233 8908 5778 24541 24705 17387 24135 25392 25587 17436 22893 3729 2903 22477 18931 13125 19914 18231 10960 27380 2246 10007 17063 3011 6398 15799 23278 4350 15032 22216 8598 16546 16813 23792 26077 11963 24244 13324 19146 17799 12634 2131 27825 24386 9320 15177 14434 13327 8767 7228 6523 20406 20435 21101 5796 25995 10167 11918 14293 17078 4955 311 6146 11253
230 81
20733 23404 16064 23967 6098 9161 21367 6753 13036 16951 3982 666 1632 16003 3935 17788 16109 12050 10811 7880 2709 6503 22151 998 20028 20882 1065 8003 14621 253 22659 2673 2153 21946 25343 10403 15275 716 3142 8532 5419 27016 14149 9475 16891 4194 16348 26413 11054 16012 27673 12099 6931 17051 25983 21999 16438 21602 25669 2238 22607 23808 13490 12472 15351 581 14970 2431 6963 5726 21732 15208 9768 4196 12101 10586 25900 4415 7555 18909 20475
3981 78
6848 4635 15184 16105 19866 5150 8159 6151 8983 23572 8083 22458 9598 4466 9108 20135 11524 14285 6321 11043 12395 11636 11255 4858 4079 19720 17924 6905 14123 26168 4777 12782 14799 21661 11804 4477 13240 8480 15420 19861 19088 26157 12710 22102 19956 24287 8266 1505 21151 23096 16917 3648 6369 18655 21853 9919 24894 26339 5303 21334 5006 27289 14875 8336 3674 23864 21230 1567 23240 27126 17388 11959 16628 14896 21004 13174 25482 2531
3451 83
1961 11187 25241 8183 25414 26067 9080 21914 18844 15662 5196 8182 11591 23046 26740 14999 11926 6979 23154 26695 13459 11123 373 23780 21490 2276 26072 19456 8896 3810 27397 9510 5433 7267 9466 866 17284 13461 5900 3619 18780 3612 6899 2949 16108 3869 19122 16912 23003 9985 7578 25199 9661 7947 21689 17680 19871 8398 11006 15737 25093 14432 10187 19691 5822 608 15609 17233 1488 3007 27508 10037 2551 4046 23833 27370 6154 13632 3658 7644 24085 17198 10029
157 90
27263 1803 26568 11981 22778 17643 10927 14156 105 21346 16340 9934 13099 17480 25733 12727 26868 21231 2163 15107 13008 21031 8588 17108 24980 4353 15849 9205 27230 7805 23809 6033 6416 15549 25575 16911 19883 3392 143 10796 26134 27143 13740 22642 12953 27162 18267 25535 23418 15970 14822 13646 11389 21844 7174 16478 18888 19337 22355 18036 10767 2749 10413 5459 20566 16507 17928 16118 16136 15256 22777 8171 17069 27002 9221 2061 18302 19514 22205 5306 26579 24040 23102 10702 14906 27211 10822 9385 7915 24060
1285 81
17226 3580 8670 11104 18784 12572 27816 4241 17645 12748 20317 14059 4351 19471 13862 11766 20014 26119 533 26799 5541 14425 19030 25259 17351 10995 14881 6688 1238 3832 19436 14280 11497 2763 19255 25004 2828 16454 22833 6295 15386 26616 24031 8297 3496 4177 22923 12701 17143 26598 19706 14393 8577 382 24159 26875 27253 15552 21236 5431 10917 24616 19787 972 11929 14734 21718 12371 973 9299 12838 13388 254 24728 21 3577 12392 1911 16436 14309 13311
2352 88
20117 24794 3158 26871 20817 16416 12605 16543 11385 5268 25407 15395 4765 20340 9963 15197 8904 9414 27565 1667 12499 21574 21546 1994 20999 10839 24201 13728 12333 8872 26837 22854 6382 1986 516 14699 21378 825 11565 18115 7037 234 8722 7662 17404 25245 15464 27800 23514 1051 26844 110 20045 15379 26341 5882 21158 11444 5892 20191 13793 13407 1762 7 10978 23736 5522 5206 13720 27115 16013 15845 10604 25809 20357 11486 19304 484 20959 18165 10769 8923 11326 1533 26315 11795 23584 12697
3500 87
15469 18233 11530 24512 2270 22192 1551 9832 3017 1361 12962 12854 26296 2986 11232 5830 18980 1735 9026 26546 9937 19235 12422 6585 9051 7356 12813 7333 19278 19109 4863 18338 14588 18917 2938 1689 8603 26345 8942 21035 8540 2561 13856 21628 9102 18922 502 26761 9898 5067 16077 27792 24717 13626 21017 9183 20109 24007 5495 14115 26983 1767 530 17776 6432 9442 14696 17389 4139 23444 16098 24424 4963 24589 13854 23071 18833 25273 5026 19958 21458 18549 15175 27615 5322 24606 11327
158 89
4221 21880 6156 11455 5528 5783 9370 3103 4310 15731 8981 11484 27148 26184 4686 18629 7955 10742 2599 870 26421 5429 14259 4816 13604 22218 22972 141 27616 6078 10070 4992 5938 4670 9570 11716 16941 26268 8508 14623 23732 22847 1955 16556 26676 26199 25663 14620 2252 95 8716 1724 12601 7302 25338 22116 16697 9931 21474 20861 11361 7554 4175 19268 1327 5729 14234 13103 8506 10953 21800 6828 23384 11965 385 17739 9683 27092 16692 10734 21836 26607 16130 20655 27393 27765 15596 21257 20836
2678 91
22447 21539 5461 988 26100 10472 10406 8172 8510 5675 2500 24361 10209 16735 16650 953 17502 2256 25550 7038 10853 14144 4216 21938 23993 21728 26812 22792 17553 1927 22819 2319 27485 14272 15496 2873 10356 20149 9439 11695 12057 20721 23776 18898 5473 7216 20378 22697 12264 12928 24351 15759 25162 26530 8986 6024 20778 10053 26565 12560 22081 591 22312 8419 22632 9697 12027 27767 12672 27281 13840 3885 26652 7745 27175 11645 14291 27452 16246 14305 25543 4364 1189 22257 9338 26953 25946 17085 1044 25055 16151
828 88
10087 17030 1206 4692 14271 4056 23565 24051 7084 7329 4166 17154 6320 8803 12828 4185 8143 1790 14679 11175 18707 3518 17530 18956 19737 24733 14736 6674 25749 1326 17629 8583 25941 10015 5334 14012 4512 9217 11220 14142 19658 21392 6076 5592 20067 8538 4281 2460 22570 9592 6084 17630 10011 27178 26429 9499 626 15553 18072 24910 6987 26251 4457 21724 5083 18910 23885 4608 22299 25947 24457 10105 15267 12208 1754 4541 24391 15190 7518 3175 24913 1017 26348 8475 1734 24546 3956 17047
3706 87
7286 15457 5974 8930 4469 17028 26428 24798 12956 11271 22313 25408 19984 14417 8370 1980 17792 21008 27204 22534 7940 5761 26479 1535 3529 21117 6016 18209 10740 4643 12611 11939 27109 16926 11941 17513 11207 3625 23038 5200 26915 5199 4427 7411 22638 16410 11738 24013 5597 16269 22372 7051 3509 17008 5163 7093 6198 21684 4611 11283 14733 2318 11239 27122 22453 14208 25424 4277 24930 4252 14601 21264 303 5535 27547 2446 3009 3821 27592 21657 15108 17922 3621 20063 11878 4740 8483
1895 90
3486 4888 21854 2263 627 11669 9546 5507 24718 5582 10746 1694 23025 3109 19523 501 26680 19619 4523 19079 20350 5620 15156 19834 8624 14335 20615 5636 12362 26585 27481 6191 13901 14007 6825 24193 26885 5610 1536 10014 3231 24489 3594 6112 23447 21872 1300 2250 4463 7963 20324 20050 2698 19530 12407 21059 14506 23712 25069 8957 24959 7220 14704 6699 10775 10058 26311 5053 27252 12148 24929 3603 17940 22492 9752 738 10098 13005 8998 18500 13919 20793 4808 2185 18322 25142 25391 18970 8995 8680
1205 94
27693 5108 10402 26760 11732 24727 23059 13163 2672 26759 919 11844 20182 5059 7301 1484 7199 12902 13889 19015 22999 12042 12861 4852 11372 25580 12922 10165 320 283 26392 19915 18907 15332 25354 27354 3148 19323 8661 9222 336 6004 21233 23138 5989 4012 15592 19425 26299 1467 25720 12508 13559 6578 16709 8084 21066 27164 10222 26474 2120 24253 27612 8886 25584 6725 14290 23619 24246 23904 18205 1421 26079 14858 21569 7897 6131 26867 4898 16826 4705 14771 10659 4555 19295 24456 19687 3573 6157 11481 12197 2484 15862 2039
2397 84
3920 12627 15601 19508 12947 12100 21630 5754 58 2337 12206 23728 12251 21068 4470 7961 24633 6860 11726 24125 2124 6565 8360 11370 22406 3012 5082 10703 7229 17583 8727 4923 23589 26435 6415 24656 6605 9671 15003 25656 24234 22647 13992 10682 8378 7721 21532 14248 2273 147 18011 12262 16092 5500 5300 18437 10639 7096 18473 4640 392 1376 17210 14342 3936 1476 27231 8242 1504 25441 7052 113 9885 24720 6018 16125 22644 7012 15931 12806 26188 6744 23065 6782
3819 78
8902 27351 5712 9674 24648 27246 16706 12942 22916 4671 19364 27650 779 5538 23084 5420 844 23926 10907 27516 18964 2852 15201 5792 12093 1566 19518 13761 13688 12158 24255 10208 25646 17433 5643 12242 14122 19819 25492 9669 18840 8092 5249 11429 14489 6875 13322 17936 22210 10637 5704 20988 23219 20971 8958 2181 18081 3051 1246 23982 12750 21522 18496 10875 7126 18778 10876 13501 9779 5027 4818 2359 17597 4049 6167 21019 11428 25516
4034 88
5001 11246 19835 3320 16139 19806 26917 1714 13832 2726 27628 6835 7607 9639 9303 1480 19839 15072 9013 20134 15621 19236 12365 27530 25951 1722 20681 4501 23470 6821 4568 2190 18284 18441 19554 11841 5869 2471 21201 21686 8804 16256 10888 15399 17144 23689 11925 10992 11333 7739 17034 2233 10850 20057 5386 5018 20790 3238 23007 20710 24450 13940 7453 5556 16447 4142 23794 18730 21089 19928 3805 18999 536 17130 5714 21208 1508 16519 23100 11583 8729 18044 7992 27826 10019 19780 10263 10078
4304 87
13280 7540 7921 11339 18675 6285 9694 15423 2958 11380 27259 11105 14520 1155 19183 11297 25622 6372 9491 15780 13305 5570 2268 46 25305 13357 16191 14039 9450 25007 12792 19130 24052 4187 15661 5287 6573 3983 14513 14202 5096 22866 12090 12951 17288 24015 26700 6346 20358 11913 16055 6388 13035 12189 85 123 20450 1386 24726 19913 12219 20516 23224 13211 4368 21991 23969 6256 24748 330 21908 12705 25247 16428 4224 7781 26239 11520 15614 7777 21521 10833 8436 4476 2445 23487 15825
968 82
379 17055 4324 8650 23919 13010 25044 27666 7028 7713 17671 16736 27353 23964 6770 12270 3830 25898 7833 17685 25454 19330 22810 17582 14073 17642 25675 5258 13156 5518 22449 778 11242 11375 26099 24699 1049 27549 22121 3239 20200 23261 27805 5177 17352 12965 22853 25317 19138 10622 5182 8160 561 9093 18757 11656 22087 2196 27757 13289 12373 18976 18471 16231 26813 14869 24298 5755 25811 3867 9226 18068 15874 9709 11431 5768 24288 4772 24108 24158 6281 8047
3941 87
21992 20825 14253 6490 18013 24473 9951 983 6386 24 18554 2147 1485 26063 24901 2388 631 14910 26725 15244 2234 22652 17835 13061 23208 6486 8587 18680 2048 11527 7904 13286 24373 5070 19426 20686 8339 9576 395 21659 17269 3030 15413 19221 16589 4528 24297 753 14067 9604 4796 7615 780 16490 19267 21265 16170 8519 20879 19111 17299 795 24527 23686 22946 15557 7810 24540 16870 14241 25629 6330 3312 19816 5972 23079 24111 5753 24186 22314 6567 19890 26698 8293 16609 25847 5041
1287 75
26310 13783 21423 932 25114 2909 12950 14053 4869 27347 22378 8809 27028 5931 16593 24849 20228 20524 10883 26658 15500 17276 15541 15158 8303 9995 14501 27066 20775 3125 16071 5135 2295 17493 22212 19513 21816 6104 22725 27576 14449 24083 24871 2670 23523 9939 18489 4336 1636 1527 21058 12547 4733 2109 23887 2537 17146 21342 19532 5875 3460 1426 6577 23504 3093 18120 18511 10097 27848 19120 25377 6394 16431 27750 22255
1735 89
6892 8043 931 4348 17142 6880 21601 24377 14806 7049 1500 1214 14313 10611 9521 21167 19989 12196 14273 10758 24965 16113 187 3888 1999 24116 25739 19750 16218 22934 21488 7422 3781 16334 26400 21867 11084 22380 11344 24097 27721 26876 17398 23760 5694 235 11827 25434 18866 15202 5911 24661 27829 27688 15987 24081 9319 11797 21169 9817 4653 7354 12309 1184 24157 24284 22917 19401 11545 23627 12874 5603 19283 20062 4188 12311 17659 26454 8741 5842 20902 1947 12193 2663 10276 5750 10884 821 829
584 84
24014 11796 15615 10313 22980 14201 5991 6161 3458 18610 18443 2609 6898 8900 5995 18100 490 10254 20752 6235 25212 9345 8785 764 22692 11650 18660 2849 3944 3298 13436 6661 12245 11024 6867 6634 2284 22875 19837 12355 14559 11079 6001 10237 18686 17466 19833 25606 289 11934 21920 12320 17205 19815 2692 18354 12966 26535 17752 23553 18920 25113 13364 17418 5851 4559 12464 23440 577 25599 27695 12741 11786 5788 13506 14680 12195 26964 2017 22154 21262 9206 4610 8606
254 90
21737 20593 2930 4890 20308 21111 12451 27406 15456 2084 11808 17631 26058 15829 15506 12053 6245 23801 5868 2248 9185 25050 26802 10686 6080 18630 6937 22411 21102 10030 26056 22901 3395 7253 27071 22572 12025 23184 23140 959 7243 12492 23818 8247 6197 18345 10708 19517 19681 21029 3216 23795 16090 3752 24971 22552 8367 14575 23306 9397 11624 5149 21959 25075 27801 7183 10560 3969 21328 24506 17068 11763 5179 3116 27093 15561 8213 21422 343 23380 14496 23468 11894 22161 25503 19026 6108 18666 17121 24952
1195 81
3280 2541 18287 2038 26723 20267 14941 20823 22653 15234 23822 13784 850 4341 16270 15000 772 11046 25028 5414 6291 2440 24507 25154 14339 16579 6469 21876 14694 1759 5413 26634 11156 9478 18239 25053 1757 16475 13907 2855 15718 7653 10252 7463 22713 9911 20162 2382 6822 9811 7817 6294 3037 2967 14212 3811 25551 5770 6524 6961 8514 11308 11596 12676 801 26149 2737 8137 22494 6658 17104 15986 17851 13228 24398 7226 10374 5966 15786 5102 7165
4199 88
15417 26842 27343 1522 18952 8742 16764 10607 13443 24647 25086 1378 12133 7934 17126 12490 20074 16406 10846 4098 14076 10353 16208 17984 6611 27146 22462 22047 20400 25755 14203 13403 16896 8146 24439 1449 26451 18530 1395 24660 10928 8187 8496 25416 19901 16285 9384 27476 17017 21339 22876 14998 11076 3419 4510 386 8096 2184 26235 19715 1455 4375 18194 11259 1126 17877 989 17549 6149 10576 14636 20390 15150 10317 14110 17464 15484 27749 2902 19482 17780 13896 13429 27159 13301 24498 20466 10301
2697 92
23497 5336 2502 17888 27737 8441 11885 20395 27014 13770 10838 9758 4756 25826 24543 21911 20784 20656 25242 19 1055 20271 18271 7857 13237 20624 7879 27760 4712 3896 7542 12462 19693 25444 7711 17846 20242 20292 13910 19757 13170 6864 21272 1517 21909 27000 789 8001 16838 13098 4507 11586 17444 7962 22360 3143 9513 15835 10533 17753 2882 15149 6893 27317 24385 23281 6341 22095 21051 22508 15616 1834 10793 1670 1332 3958 342 10776 12770 1275 8131 5983 22786 3114 12419 3928 19601 14258 16095 25298 6414 1093
120 78
23581 3060 19413 1678 19227 18080 23254 13 10861 18598 26471 9321 16545 12113 11384 10428 7177 19537 24622 25592 21763 14430 5973 18799 7241 14747 17324 7606 362 7903 2916 18294 26069 5128 4243 15101 4400 5573 11400 18459 27302 11614 19948 17927 12217 10990 20634 14473 7443 24804 24259 2112 16423 17098 8633 15580 4776 3467 17372 17885 20798 10177 17915 5054 13303 11607 21753 1974 17417 5446 9675 14062 12807 25957 19121 20401 24413 23119
2058 73
10269 25688 15722 20673 26062 25371 8568 12278 6554 20931 687 3141 11260 23445 13631 13302 7733 258 21665 22408 104 618 27560 16737 24988 19087 9859 11679 16018 602 6868 12315 16873 25228 6854 17116 13859 22268 25931 19612 24033 2203 15118 17929 3068 24233 9866 14355 10052 25159 26113 8636 27358 22548 18326 9895 22991 20518 9689 15341 12638 10964 4517 27551 6423 760 24171 10670 4410 22093 3348 4344 11378
4085 78
23831 11178 3250 2884 5968 6009 11349 24293 17690 11983 347 3616 24324 17930 23190 1727 10908 21905 27664 7068 10157 18462 10526 21759 19416 25089 18252 11690 20017 16529 10641 7973 19106 18390 7063 12302 16632 8993 17430 18808 9894 21801 5840 7984 2324 24187 2505 22578 21811 12589 24612 5141 7312 706 22008 10855 26887 9646 16401 13809 21560 23775 11001 11746 12291 14975 6707 26839 26402 16946 19657 25865 25889 23566 18579 14180 27536 6118
3046 82
3339 4356 16852 9240 23508 5152 11169 11171 7906 21966 12558 1744 24627 21774 5513 7941 7886 439 18546 24650 24524 4482 10331 13279 3656 1173 13884 3426 20550 12015 25665 4083 16977 1981 20422 22065 5886 10547 13448 16741 5697 23716 9260 6901 10921 16488 20650 707 3994 1681 3130 5075 3878 4790 16955 1899 15861 23759 4949 11782 23555 2269 15209 10597 26577 21199 4146 17761 21681 10480 19054 8608 19458 24355 703 9159 13869 12545 539 4129 18657 15340
2253 82
22198 15102 27718 8288 8280 5469 18247 13068 3110 1403 7953 9498 14859 788 24755 26066 2069 16916 4489 15884 8432 18223 9095 24022 22168 4437 20548 25005 10495 27233 3067 15325 14951 3265 9046 23214 11920 25544 11216 16476 7738 4325 25091 7894 8375 15453 9375 8691 13108 1232 26951 21545 23073 5232 10184 23526 25015 13330 8233 5749 4862 10133 16094 1610 15944 6656 23250 11492 23228 695 10100 8284 18512 26490 8014 5879 10951 8620 6983 4574 23655 16149
3823 78
2629 27487 16965 21882 4292 5310 26724 9081 23867 8478 22825 17762 3742 5432 17975 5663 21832 11289 757 21281 8926 26910 23385 19185 6536 24514 26931 27385 23452 12731 6368 17134 24846 5198 7164 24348 7582 18586 21395 17364 22812 21026 25290 20961 1339 11862 25404 1683 2339 10195 17505 3537 15260 16185 25537 14368 16106 424 9164 1838 1726 15304 4558 17188 1216 2814 27850 6952 22516 7094 6472 12812 24696 17833 12415 15512 5317 11643
302 80
15198 5265 5444 23320 13027 3976 13104 1809 13704 16799 430 24390 21852 27053 23389 2049 17317 17839 22925 16829 6622 7928 8355 17684 1211 12799 27400 14399 27736 7490 3155 25943 13787 3868 26517 21884 6502 14994 13481 27384 8867 22485 15591 6410 22262 22719 8975 6675 558 6171 14584 16580 9410 21399 24774 2447 19013 3086 2374 16936 1302 15438 5347 20451 14217 26830 7097 4153 21284 5309 23721 1124 15758 20448 5329 24520 1263 8392 15655 908
2904 65
1501 15273 15576 6525 27068 27026 332 19863 26994 20185 5687 657 12608 12650 15282 1075 21495 8609 6152 14702 17442 14324 725 6062 8414 9027 20560 17943 4538 17626 9493 10447 9056 9332 17646 15060 14940 11463 25923 298 26662 18861 15805 14255 13633 15215 3765 21125 4817 10367 6832 20027 24018 14891 12039 10477 15400 7980 4160 10104 20800 14471 16539 4044 17966
1110 75
26601 8877 10821 24518 4155 21675 14360 24441 15470 728 601 15936 17805 15257 19916 21565 6621 8943 24721 20279 7148 1949 8454 2321 1134 10568 1135 19437 11060 16019 1163 11879 1041 27224 15416 20741 17357 19024 27046 27330 769 2240 9544 3593 19650 25049 8117 6878 17672 27846 25517 23905 17592 12660 11509 14233 5537 19336 27656 5338 4724 724 14118 25397 26841 18388 22259 4560 17150 14128 24274 5052 18653 13932 11502
146 76
1840 8255 6218 14663 5184 9096 25312 574 891 3385 5038 2603 11075 18435 2721 5207 5736 868 4841 27515 27412 6220 12495 16199 26569 12717 4431 15348 17852 22593 6267 17053 677 23735 25797 18378 17579 20172 8731 7920 13097 4514 16961 14442 14540 17617 15443 8835 16748 26000 7754 22111 6754 4576 2664 18047 11997 13551 5411 5330 17997 4417 25987 26314 11101 2369 23865 19692 4213 25141 24132 23738 755 9754 6457 2406
469 65
692 10620 1855 24824 7534 27165 13750 7761 15838 13665 23055 24343 10151 16648 17031 25238 3817 3302 6784 22012 4447 24737 1693 12747 2003 25598 6900 20248 17403 11119 10293 9623 3897 26936 15600 18414 7107 9767 4392 11588 27136 24387 13212 27103 1924 5456 5390 9363 15582 19179 13451 14706 25637 10048 21069 16362 24421 26572 18968 4623 13700 3281 16986 13926 3071
1555 67
17161 19730 18803 1127 5567 7693 26405 18523 21669 13028 26942 4752 2887 10135 19062 16570 7512 6097 21219 17106 13146 6733 18529 22128 4029 17363 18617 23900 23220 22052 1656 1573 14785 26028 1982 14762 3675 4207 21315 3714 18551 222 26809 26395 21235 22185 6120 16945 10000 13489 23701 6576 24223 8621 15626 1975 5677 6424 7451 11822 1860 26659 25221 4684 20511 16658 24828
2570 76
13830 23434 27306 10261 11689 754 17453 11940 22953 7117 27113 8997 19184 5811 14163 24128 26312 8158 26826 22036 7129 22186 10534 6261 5439 18395 15277 763 25754 19162 15834 16824 5958 14125 23218 5804 22398 15922 6203 13609 21018 25461 991 1174 12931 6137 6512 26409 24973 11132 12204 22371 2416 1868 23593 13257 78 13571 21305 14571 9522 13683 7577 11139 25157 13675 21261 26668 20955 27794 9763 18457 27468 11063 8909 8167
2930 65
11998 13269 20559 22350 10212 11341 20866 19042 25578 12393 25440 23974 25176 21301 23536 14103 5452 14057 16375 2088 24906 12680 26431 5686 25938 7240 22619 18891 507 24354 20761 27480 16405 26254 20735 25495 8536 4495 27834 7470 26999 8368 20730 969 3843 4317 9796 5397 8161 26728 20493 21419 20097 6106 23388 16002 25635 3204 27265 15009 17256 3698 550 16141 20920
3318 77
27064 14545 7055 18236 11109 18419 17455 20565 21719 24939 2344 22680 1763 22440 25864 15698 13622 4403 19375 2307 13867 6556 7198 26102 24889 548 8170 22399 27610 21704 17600 15924 8973 639 25487 994 8448 23482 25066 8357 12228 17289 6125 26022 17374 5820 368 136 26045 5100 26701 8695 11094 9527 11671 26756 12606 19653 1099 16511 3905 19746 20166 9449 2554 16417 7695 4028 26480 4186 18823 14486 17668 4990 4620 5195 21275
3776 59
25168 21299 17756 23040 13811 70 21269 15761 3769 688 20507 7891 5367 8059 24264 3501 10935 21534 19684 18295 5222 14328 26510 13447 5932 19766 7983 12319 19349 5732 2489 12108 25831 2230 25642 10553 5645 5114 8416 22001 10143 5576 7676 22280 6687 26551 10251 11848 4451 8452 16433 23461 13022 27382 8073 14990 280 5563 10718
594 71
18984 9880 19113 16616 12460 24807 11699 9666 19275 21187 25419 24417 15802 19068 24781 4384 18022 4781 13158 8498 13477 21443 5159 5379 16948 15559 17717 25812 17897 20218 26852 17312 24062 9806 10456 3534 23532 26307 16502 26920 13173 14828 7850 2801 7681 5220 25533 7473 18887 18583 7854 1410 3150 20432 20832 24549 16973 20447 8470 12899 15846 2290 15551 27438 12679 10954 6484 15403 12845 12379 12281
2693 61
21393 12455 9418 14444 14616 1645 2053 17828 9582 8522 16833 22718 19855 24337 1432 18842 14592 14627 2031 21942 20595 21283 12056 25380 21981 16929 20614 12265 23868 13277 4076 25056 19579 15076 10747 20384 7187 20408 4823 5555 15121 26083 927 21307 26334 8806 27254 19025 20720 20143 26857 12830 5998 15774 16248 15180 16567 5460 22442 9731 3490
3506 70
12511 11371 10582 10393 22795 12652 8463 10077 8504 8231 4896 20494 18286 26600 26370 23624 6716 18369 17336 3555 26851 7384 18458 8534 7779 21848 9841 23041 10694 24485 5793 17182 20442 12299 4144 10481 6129 5176 5952 15770 13255 27810 21408 4834 2140 7747 20427 20411 18575 8592 26263 15369 22149 9028 24943 15841 14484 26074 4090 19973 25169 161 15749 11090 17125 17247 19136 17909 20352 11921
2007 71
19736 1732 26092 27055 5382 24221 16160 18741 9131 6989 19238 5898 27048 5091 21212 24976 15419 8639 19247 5205 10743 14846 19728 18713 432 26430 15388 24088 2789 3367 27591 22459 9031 26982 16841 2935 22768 14297 2464 23352 2379 5005 12875 11476 23691 21045 25992 1319 9922 4295 20487 24768 26469 2363 14710 17976 27716 18839 11086 13473 17501 20754 1521 10756 11456 14077 13513 8064 6216 10446 304
3455 69
26526 14643 18967 25619 22526 285 18206 25115 16377 2237 24471 8706 26298 7736 11352 13797 12157 2686 10934 13016 14020 14776 1105 13399 8186 3494 2836 10017 22294 20169 21207 8955 16800 27089 16968 12635 6186 68 2393 2491 15519 13282 3614 20236 6635 26855 5294 7316 16452 15343 2584 10482 26945 12685 27663 14127 12939 7773 13340 16561 13185 21609 18742 22184 24843 20789 25291 14547 15728
1471 67
12405 5546 25455 9090 24985 12646 8916 25046 21204 20022 26586 4625 19724 1457 24725 24583 11441 14124 10034 17960 18809 5519 10606 27640 17614 3791 7392 24536 17662 26033 5699 25364 4262 22172 2490 13151 2408 15732 15444 13013 22480 19994 8847 15787 25153 14294 1154 24940 18427 22413 16398 22981 3065 15544 12401 26954 11423 27425 14480 1490 18276 15622 19918 12098 25783 27193 24260
1189 71
7000 4829 18266 26206 12383 7755 7108 19744 7831 27755 6563 933 23767 8974 21316 16491 14326 10672 27455 10605 1177 24032 8150 21516 10812 11516 9750 21005 10224 20898 25576 14903 15062 16448 5929 19001 16863 20426 20515 21861 25583 14445 18534 9673 7394 7233 25966 19544 12473 22503 25742 4763 7566 25139 7659 10458 22868 7308 4397 188 5212 1159 767 25568 21974 11388 11304 13888 16840 13130 7499
2231 77
11294 2878 2197 12803 5564 19433 27570 26494 10182 6455 16985 469 1910 13014 23099 26795 22085 25126 612 22554 10220 23988 2800 7619 18597 18220 9775 10571 917 15741 6417 21213 19705 7271 6379 16657 19040 12442 16982 20452 25745 14568 15017 22557 7948 13138 26627 1374 13043 15793 9225 17588 14957 5166 23431 22976 7794 19452 8696 5047 16265 20582 8966 1921 463 14446 17791 4532 2285 6933 23354 11000 25490 27797 20481 20523 13297
3379 67
10459 11613 642 16919 2207 24817 25621 16931 12127 3058 1935 16687 19451 22897 21821 5274 894 14959 3662 3413 12414 16534 16043 6251 14332 19885 25763 13263 6637 2498 9724 15125 10786 10433 15915 24170 19279 23383 11951 9263 25177 19765 16707 12207 27098 26478 27759 10424 20398 3153 7224 803 2227 1874 12102 3777 12851 20115 10882 27283 3582 6715 766 20989 2454 18474 17027
2899 69
5147 16393 12480 13495 13855 3623 6047 18943 26710 20298 9630 4265 13458 13420 160 8836 20880 17810 10021 11747 26423 7456 22739 12675 12250 18371 22532 15427 23922 7481 19799 20749 25260 2059 1639 16193 8181 23010 26120 26943 20273 21442 20465 2704 7205 9872 9238 12839 27067 25924 22244 266 7935 23142 13725 18273 24084 15097 13579 17190 200 3964 25025 11896 5259 8698 18710 25818 1137
356 66
229 20729 10321 20403 2178 16716 19541 4570 26566 13994 17632 7424 25437 24651 9057 12026 27250 11416 17155 22249 17841 11618 18230 13525 10950 9891 24330 23192 10080 24873 17345 11258 1264 16939 17754 15276 17946 9341 3359 7648 8748 3636 2023 18996 15245 27335 21462 25119 15668 12757 27686 2317 2518 9049 25185 16554 14172 20626 2026 6101 16544 20113 23319 17695 21549 19421
3740 71
8128 24672 6499 13599 16724 5017 5204 22038 2391 25438 14633 569 26444 22775 24044 14250 7769 22339 6272 7508 11560 3399 10265 23854 5401 22591 15185 3129 16229 15974 16044 24734 22231 14308 27446 21148 12809 10156 12263 13841 23971 20613 9774 20093 4641 7127 8337 16180 125 76 15360 21452 10561 15439 12031 21049 7210 27008 26800 15603 14935 15664 6233 15210 13176 9329 1958 1474 4068 12046 4939
4141 59
11426 24258 14148 27540 22580 23505 24999 20719 27469 27373 16586 26593 14564 23493 13106 14983 611 21061 1450 10136 9897 27762 2534 471 17988 5925 18904 18828 11418 15873 800 23049 23368 16597 6574 15510 26316 21360 6057 18712 22124 5427 11754 11360 4289 9762 21371 26193 4305 19709 27275 22954 16638 12743 20389 12378 2247 11774 19007
2933 73
27040 22448 6762 25506 3197 8676 12823 14590 22295 24395 9107 12234 14737 23524 20094 8304 17603 24492 8526 2013 15217 27404 21664 6059 11510 15930 8250 6633 23433 18331 20171 9098 25611 17411 3667 22741 27813 27074 11562 26219 17401 26369 18228 22828 23173 6601 16073 20123 5703 851 17474 12628 20609 25037 18212 13455 4679 14573 19370 20504 9176 12306 14082 23626 16222 6470 23756 27802 5383 12287 25106 7491 23518
297 69
14299 3629 8518 9152 18827 25420 21581 7776 16453 13667 9729 496 17688 12510 21965 7743 6532 10352 19614 4856 21978 9653 20630 22623 9135 9790 21903 3436 3945 6677 2703 20232 11692 25612 25127 26948 11277 3418 9068 14796 2478 23797 24008 2810 18219 23730 21240 25560 20471 3747 7522 18478 25752 8796 26130 20496 4493 11213 10631 18046 26783 24969 27691 425 17961 11250 26628 25684 11108
1035 66
26032 12811 27747 26304 4065 23179 4941 6200 16864 2714 19492 4811 26648 13193 14551 4721 8859 15754 13352 11473 18158 8547 26789 12930 17559 26741 15297 1957 4657 10800 18818 909 10819 8543 19488 1026 21229 8110 13342 18306 8593 24286 13732 2098 15649 2886 6402 17952 12 21288 20984 8315 433 7639 12502 6924 23768 3963 4015 8801 9944 6682 17029 16913 4797 14958
2920 64
9657 18585 27280 17819 12934 27533 18501 4022 17849 6783 4195 26921 23939 10690 7939 15056 11897 10414 26562 20890 4920 25448 3440 17546 17419 26242 12020 23972 24504 22830 3443 7547 7114 10915 14411 23796 2960 18685 16138 18265 1027 4051 10328 6464 27451 3431 3386 18028 12479 15726 17721 13411 19611 3542 4200 9556 126 1088 5779 24304 7611 19021 7288 23696
736 79
22127 1612 2024 14106 14529 22288 14833 24932 8918 25214 9025 24379 3923 8602 19194 12673 11874 7851 9744 4587 14598 3793 2943 11668 19520 5441 25555 18359 14 16281 21705 8646 3229 19291 4975 7858 14182 27518 24673 16397 12474 7874 20397 20575 6610 14145 4340 24694 4905 5847 16684 20034 6857 5579 23057 18794 23751 23078 456 24639 24282 22733 18300 13493 9793 1372 3687 10191 22034 18985 10760 4326 15608 19507 27251 19402 25680 14162 13059
2027 69
5625 19907 8889 1122 7866 26669 10674 8428 15463 3415 2799 2195 27738 21810 2877 4742 19050 16277 4771 20478 20859 3361 5281 15827 17769 12872 15577 17195 5415 12889 1368 17827 1381 2879 27127 96 11744 10895 9820 22410 11160 6268 19096 18024 2523 18211 27303 3474 27422 26483 12132 25061 20227 5997 18789 1900 16127 5493 13684 2232 975 20935 20255 11904 16906 27152 17044 11958 19689
645 63
11209 20246 10289 9633 9145 1390 12366 9291 9358 4673 23535 14888 20928 25973 3274 23847 21553 20163 17368 18623 21074 27372 4487 8418 22689 23576 1057 504 5030 13939 19290 6371 6752 4061 23407 17732 9330 20982 11112 18725 21851 17627 901 10218 25340 25334 23196 18798 1092 22915 9649 22057 7266 19904 5617 11440 7812 2200 3732 18189 22051 12600 21475
3358 60
22872 8640 18301 11743 5970 19893 1338 19177 6596 23425 15467 14721 8257 15109 3933 3819 12082 22973 12409 3974 7908 9128 557 23963 20700 11870 17914 16991 27166 23715 37 21176 23264 15011 18179 25243 11042 13617 2492 17064 23122 25063 27498 21890 3104 17379 15402 19784 25367 13349 221 7005 1890 27483 23271 1171 20118 3728 12990 5235
523 63
15800 24963 21127 24011 962 19398 21662 7213 8891 2563 1262 1622 14784 17673 22655 7338 21673 3056 13221 6504 19142 25528 11263 27632 2314 22710 25816 8272 4013 19094 20309 3545 13693 20180 4266 11665 5428 15639 25686 27396 12551 1481 15507 20266 22130 22392 26615 5529 8403 26321 24270 21403 1493 12011 9619 23168 16817 3680 14838 16489 23683 14618 19659
3364 64
4815 9734 10851 2028 11147 10667 1436 17041 13362 9018 12277 10914 11303 26352 1934 13483 27249 25240 19342 23777 15916 15937 20788 5640 1090 22791 25125 26246 17510 21524 26834 13402 17346 14830 25255 27702 10071 4735 6052 6123 25217 8720 21693 20359 5048 10277 10314 12520 16793 22903 7799 10625 11299 4365 23571 18793 14373 26886 21361 13850 4395 16766 6092 19791
1947 66
11331 6721 10311 12224 2574 17485 8106 3707 9245 25226 650 14405 21894 16547 3291 9041 11846 8156 17532 23650 6865 19798 24916 16954 23840 2204 10440 11133 23653 11145 7824 22043 20301 18672 10114 510 26247 8423 1117 20552 13484 5731 21542 11422 26057 7150 27108 3898 16223 8351 15826 18173 19317 8322 27511 17424 11674 5193 13585 19186 26640 16445 1187 9444 19023 9094
802 65
17243 13933 14892 13610 5252 8185 3836 9533 11548 12859 17891 5346 26749 8512 19607 15797 24594 20177 18729 1886 19985 18241 25875 1104 7816 6855 27299 11135 10844 9691 24043 604 18846 9427 12848 10242 22987 8085 14167 16052 17097 2570 6717 18057 11465 20029 15067 2858 22137 3966 9219 16158 19778 2172 1973 24735 1343 17113 6706 21021 6363 18296 9497 13470 3961
776 68
4986 6142 22018 8091 11312 24370 25428 26332 13954 9956 19063 22753 6575 4715 7030 23237 3041 4663 1826 8206 11313 9929 13018 23540 4644 2842 20932 22845 13666 4412 325 15284 18750 2119 7958 11225 15777 3347 10178 20704 6779 5156 6555 15452 14389 16240 3162 8075 23850 3678 7064 23551 22504 26124 997 18255 19175 7361 19845 11391 10603 23009 6028 4345 12984 14040 10806 27085
2903 66
14989 984 21514 23349 12396 24760 9030 4800 18109 15523 22596 5622 3602 15809 3208 5365 25054 10601 436 21345 8024 16655 13414 12138 5877 15179 19190 19996 2002 9074 4393 14114 12398 25463 17141 17845 26872 8656 17962 11994 27700 20978 12213 20596 12240 25450 4023 11130 15329 7989 15585 4472 25593 7178 23657 20506 15720 13636 2959 13071 6603 17333 19992 24066 7862 1482
500 66
12476 1247 18773 14543 9262 14597 11757 20629 16294 10629 2151 16767 5954 23454 27814 460 1152 15679 20743 27676 19831 10588 3855 16876 5702 12361 18960 16298 9394 9857 11044 10381 23164 194 22015 7142 16672 10418 6313 13408 922 5644 7230 16854 21406 27121 6998 9921 22690 17713 13755 5964 27609 12526 7737 8659 1963 9099 3137 23856 20903 26486 11202 12454 18705 8664
2450 62
26578 27665 22848 2588 5208 23579 15196 17715 4063 22683 22189 4441 879 20923 3506 17700 24464 3368 20349 9153 13337 23269 6802 9109 24276 25608 26118 1466 15947 21076 2496 1847 399 5069 17 26731 9083 16949 4850 23415 14516 26256 4662 19172 16412 18673 26373 6760 9984 22588 3160 10890 15358 21629 18260 25109 3018 7137 3200 1463 3841 22611
759 56
3718 4282 16408 644 14029 25088 12384 10898 16120 5540 25630 10038 24049 4519 20636 17189 18248 23455 1554 5144 27740 4271 11479 15611 24026 13530 681 12645 24371 10235 1564 13948 20551 5905 19515 11513 19167 20842 22142 4057 23608 26503 14836 18110 19567 23169 4434 7822 22461 4697 8329 22682 10507 6921 6453 16312
1734 59
8045 17616 18461 11794 10931 2625 8890 7625 5467 15570 5045 8345 5769 9024 16636 21682 13768 24792 27185 25375 2486 12691 21744 16812 13078 1470 1655 7503 19828 8925 18350 3980 8637 7932 847 8451 327 26584 14700 1324 10386 16999 954 17249 19080 15290 4398 6761 24127 26194 24553 8913 19320 25181 19276 22984 2575 10044 17194
1404 61
17470 24254 12062 1933 12370 4927 8795 20488 12615 4105 16039 24857 9628 8326 4737 16612 7418 27764 8970 3759 10085 6498 19867 646 24411 20174 23230 6255 21678 23182 1226 3433 19315 19714 26794 5807 10872 27594 3135 7924 5506 11407 2808 2648 14871 24156 14352 24712 8565 6738 23953 26958 2494 250 13310 10192 11685 10517 26182 21879 19195
1788 58
6435 21175 21036 24072 9707 14002 5134 11243 16517 11606 18508 11987 26061 26988 9728 22962 23810 8935 17409 22928 5530 18930 11572 21841 9642 23990 16111 731 23469 14673 15746 15281 19368 25799 9672 10959 24133 19690 6365 22603 18398 1664 17577 14336 10294 12522 11229 4764 7899 13067 25468 23670 1631 1125 8539 10779 25439 11238
1731 67
4024 7426 8189 201 13109 8697 9016 17431 24388 4504 15747 26703 11823 19632 20252 5904 11448 17001 2461 15405 1473 17686 14978 24065 9174 3723 9819 51 14074 18961 9644 3279 11770 25370 2555 14099 12220 12908 10896 15708 4479 17817 19182 3904 17676 12734 15636 13469 21210 21698 1377 4125 6967 18755 10825 202 21600 21806 1084 4370 12246 11134 8020 5286 23238 23359 22827
