124
981 13
99176 72381 26500 71716 30778 85156 5007 24285 85661 60836 47567 29232 50026
340 12
98954 58871 33751 28715 17038 59392 10026 32895 13374 77896 32604 65266
1315 13
93357 79896 70640 80540 78484 97449 79777 61677 96350 74942 60291 823 64774
5631 9
89512 84822 95172 8656 83704 64378 28464 52076 37915
2359 8
88390 85893 5155 11189 75572 36001 42421 88078
5389 11
42089 20778 50353 94774 10202 77465 75114 42959 34821 80440 86970
4915 10
99712 60659 91573 91653 61502 77046 70643 52208 56588 506
350 9
67613 66388 37950 56330 94107 91300 25492 71363 66105
573 6
12014 29226 39967 2704 27873 59738
2296 7
21744 39173 70027 99211 81895 5138 53353
10413 7
85341 58815 72499 43695 88648 12062 25755
7305 5
55177 48684 95126 33844 62674
2629 6
79615 84496 52425 93911 83390 8217
1307 4
36793 23417 70237 90395
1011 5
91121 10382 14160 46760 19063
4912 4
57253 21628 75867 48271
4700 7
5885 64416 21044 18001 55369 15834 67005
4451 5
81604 60977 71598 85018 68199
5418 4
296 74136 17300 83310
7712 3
7243 21627 16262
1020 6
88455 14038 43238 54902 32464 86833
250 5
50696 66549 69178 1590 24206
4306 4
17884 13463 44074 15410
7454 5
2629 17659 22041 54959 73975
1489 5
10286 74409 73293 50684 8389
5757 4
60417 63474 96711 65816
8270 1
61605
1146 4
98623 98923 77241 57157
3650 4
19412 90664 28580 90044
2227 3
86586 46560 17310
3441 4
19385 2436 17007 80337
1330 2
16383 83197
2752 3
84328 39667 56182
6292 1
46036
2879 2
90216 94571
1903 4
92938 21111 97100 34325
2268 1
51826
433 3
15248 9652 87972
10203 1
54661
7121 2
67593 61880
1505 2
13065 84173
3008 2
2531 61181
5813 1
32695
597 2
31308 22072
9722 1
75835
10698 2
29487 21076
1148 3
68351 26795 48525
4159 3
28868 11520 37293
104 1
45674
8087 1
40688
2116 2
62665 73869
10630 2
28903 25959
5251 3
7252 96703 36224
5432 3
67806 85817 53083
5529 1
71943
4873 1
16177
446 2
55638 75497
51 3
22705 84633 24111
1671 1
26167
4262 2
61570 91557
7843 2
2174 57959
2173 2
44631 65570
4659 1
41634
1649 1
69683
9141 1
18936
3574 1
92168
2228 1
76237
2045 2
63590 21203
4500 1
58637
1744 2
32995 11631
5802 1
29203
705 1
42364
8186 1
64514
8382 1
89452
1310 1
66317
5263 1
20905
2866 2
99099 59536
7624 1
6736
1349 1
42225
2583 4
51624 719 77085 81607
9179 1
57926
2222 2
34369 44957
1542 1
28587
1385 1
90563
3351 1
58535
11284 1
8075
6555 1
83503
6994 2
38261 59444
2980 2
61459 57608
4727 1
84138
756 1
53050
5174 2
17171 58753
5492 1
40008
1144 3
26608 60884 79117
10342 3
78947 35024 28913
1776 1
25553
4515 1
68841
5392 1
61529
5158 1
20234
76 1
9854
8660 1
44160
3122 1
19673
1477 1
52706
1083 1
57571
1780 1
45213
495 1
44327
3836 2
60457 6835
10062 1
97012
3855 1
64501
1709 1
45197
5769 1
64455
2997 1
61588
7092 1
84196
4318 1
64692
10119 1
28725
3233 1
99999
2497 1
22291
10099 1
85541
5331 1
11086
2669 1
73169
5062 1
96525
6784 1
33932
8341 1
81151
3050 1
46744
