35
6829 108
41614 46137 77685 57984 78136 95003 4013 95781 15879 14382 98516 14798 48983 88413 8252 76915 91479 30106 18992 59853 98102 97817 7126 57447 19836 90486 68444 58277 63236 24180 69624 3252 55914 42335 74689 74488 49538 41085 38306 33925 38332 91032 56641 52405 15162 38303 45899 98012 11288 590 1739 65104 26264 60337 2622 10537 98694 67734 85025 39895 27703 23086 33890 4050 61728 99000 56355 46094 5535 14354 47683 81954 63424 21207 30497 79546 7154 58055 94620 30115 65290 40694 45207 17112 70332 65161 4782 5262 47000 16247 20259 14227 67771 30516 54113 51309 17570 45331 7623 45256 76487 30494 50663 72179 78094 89646 40374 77627
4522 90
78123 89946 96670 57479 39410 44540 40449 15695 43018 48965 45368 1037 79384 6260 41835 13070 67604 87341 90304 57838 81146 84810 2142 9330 70304 33610 35901 91789 65473 13758 95205 29902 13984 7557 73280 28771 23066 5137 55966 49735 9450 53097 60945 95250 3964 47389 30806 15146 74527 25915 88654 43675 6206 90988 48366 72987 47772 88150 65147 95511 76032 10635 75166 37564 44303 42349 71593 79923 11193 13276 94119 50125 47068 23731 98879 45396 72245 17358 49851 88358 97335 21458 18938 35861 56020 40561 67341 3283 58390 83489
4357 85
52310 93052 34355 63887 83000 65845 90132 78395 52844 52321 25655 62378 13674 63976 34167 46395 19918 54491 51624 69962 21465 41074 81990 8788 81551 20628 43878 43693 7476 44438 40106 45554 73743 78957 72689 49660 4131 54821 85572 28231 86124 76455 41547 76976 48473 4426 25321 31800 96083 79433 56184 37523 87301 40730 9109 48936 23389 59845 15881 96249 8004 67944 44853 93943 36856 79673 70083 50300 27697 13119 56516 97649 36979 26402 89987 92604 61146 67942 86647 20687 84311 57391 71462 94181 22546
5796 69
85695 51523 73409 52067 38408 18578 84135 57812 22070 58679 92254 44345 46439 86869 27498 80507 79411 51326 29803 88160 26629 65480 20128 24295 13350 73618 54316 21846 45346 84224 32233 70942 12265 49664 71740 25241 25695 17230 54797 35742 83959 38499 36755 10200 85415 11845 1569 27406 89052 76477 38632 76974 66449 94366 71395 17680 85770 27334 84350 68093 45793 29917 37880 16774 53499 22625 89128 21525 11598
2014 54
10120 37638 88925 62334 31553 48699 84642 36576 36928 91785 34230 5199 35858 53657 88644 12652 53740 75461 78420 54034 25072 87464 48479 82794 34765 12640 26025 86978 46573 91784 47651 21854 32278 22695 60609 27107 62758 74056 7779 82273 88503 25579 8954 53027 92519 10137 86412 88787 96245 34642 67809 85040 40847 86373
2193 40
20520 57281 98638 3240 98161 6350 48789 35917 99491 90738 98082 11861 84289 15351 87491 97776 38733 34749 87932 25530 15863 89196 23378 91543 99940 76832 15528 76727 7998 86194 94876 19797 44514 17579 26032 97039 22168 85073 46435 71038
6510 43
58637 67664 19935 84594 32894 15641 5581 36064 42420 15497 68364 65053 19037 46821 36812 12081 99510 65710 58075 34529 75560 86316 85881 30183 98304 7715 40024 82276 52170 13531 37214 98791 97917 24633 5832 77178 31995 30838 18245 66402 69265 37723 41143
3889 27
4676 65229 45412 40499 53711 40132 4882 18528 28440 26785 94946 6996 29302 1420 85395 10655 52851 40604 28278 54795 13493 50080 10415 95733 67105 83517 77974
1372 27
94266 14053 20603 95259 9234 11010 84312 16203 5514 97345 17082 17419 62019 25880 56293 68966 13227 29744 49873 93084 44572 30963 30444 93342 64963 27081 35487
1125 27
47599 5658 97359 34844 37659 16665 21494 70032 68318 46749 18404 19676 65403 97886 76931 2842 57921 68885 97975 24994 62021 50215 54006 60355 46552 30796 88128
2207 25
55405 93096 22208 86785 27720 46593 99391 81944 68844 91463 29118 59155 82320 51477 51210 53778 72989 92910 31486 70003 4638 25106 85227 84154 70753
292 22
50360 38520 41190 10972 30885 73332 8780 45323 71509 98855 46095 42404 37409 36359 14684 28867 13324 64669 27585 92495 18939 53963
2049 14
81197 57476 82017 28183 81103 76576 82928 84875 71328 86346 66288 36998 49740 29488
6489 11
35985 17220 79982 74500 92872 15251 40520 16288 11729 95288 34491
5516 9
53421 37960 44723 35227 73980 27124 87941 64472 55454
2278 16
21469 84861 43192 8236 32148 86361 4595 41395 78753 77438 52268 2182 61412 87275 23930 99526
795 11
50490 73576 91715 86871 36410 40954 83011 28937 73228 24835 19134
2157 6
73495 50095 46015 50551 83071 86123
94 6
98729 41937 38737 93701 81041 61334
2605 4
11952 44192 71032 86397
1478 2
28026 6542
3592 4
84427 73276 29708 61137
3388 7
90897 45655 48958 42423 61716 14383 95679
5496 1
46446
7623 6
60938 67583 51433 44583 64444 7162
8916 3
18436 40356 4965
6019 2
8739 9855
7556 4
885 48477 25553 30861
4168 3
67730 55816 70510
7558 2
98015 90517
3056 1
69402
4182 3
70058 45123 72303
3091 1
9466
5772 1
26891
6275 2
74400 9662
