6
38 173
77310 745 14923 13744 35987 43606 77646 50597 53244 81447 27776 70477 74623 45523 78965 69728 56396 75161 52315 63707 39669 7072 36691 21926 40240 37950 15365 75078 7631 86703 18205 60175 1879 52077 65608 82780 81060 13595 75147 81576 13047 31696 27701 9908 12602 5945 34706 54157 81852 67126 70894 38387 83176 18669 16624 58172 67481 48953 80633 11102 24898 77172 17785 50550 17819 20793 45700 51998 80835 15768 8253 35683 44361 20650 40306 57273 19824 38947 39479 47202 40564 8444 48548 6007 13905 43420 5560 66848 68960 34605 77214 73332 8902 52247 41587 65176 11 38176 27884 38906 7959 9048 47110 84654 78170 11040 80384 63044 58026 32140 54469 21781 47906 53636 55295 82334 16507 15172 40269 34581 79436 20690 13886 35854 64913 58432 21491 84726 27187 24676 84828 45870 40546 43376 29639 53779 63684 17040 20151 47314 1698 60797 57295 54 27579 74838 16393 71360 75704 45425 737 2928 31436 16784 71880 84064 45101 41215 61445 25137 11898 35970 58533 49373 8951 28457 53034 75574 59730 63886 69019 12224 85492
3540 59
31845 45453 11809 56375 76468 71294 47531 81663 63983 66818 18250 80062 12149 39844 47285 30954 45951 79543 72993 31325 3408 28915 55825 51454 17194 82699 40048 41726 17335 64315 15345 18155 74449 10824 85584 80786 51335 44499 1358 69894 76011 16786 80647 31342 81067 85606 75189 53703 5083 48744 44439 54562 42925 3162 50406 63851 42223 62069 41976
2943 32
17076 74620 66623 52721 32010 77281 64208 17185 17146 44379 63875 64622 77197 20662 71568 71513 68487 77831 30424 43251 36506 60582 37450 69830 50990 58265 70715 62953 2526 71662 36468 29311
1296 8
40310 21257 47592 80687 46692 53847 14605 73231
349 4
866 7337 65567 9799
1204 2
86430 68561
