24
296 156
57116 10125 22112 65207 9261 38227 61568 72614 28718 5317 37109 73272 21650 49203 44100 17674 22620 11934 52289 6968 73117 53787 85603 31570 12527 27167 41056 77978 27824 45309 65813 51146 49454 28281 80041 95880 23158 96008 56114 69980 34380 84994 96641 18984 63056 4104 71301 15143 79033 84897 15645 14790 72704 78109 66919 75423 44928 20765 91764 53965 91359 37159 23115 18647 54418 36815 12563 71956 18559 22003 7846 24653 61762 76207 30800 33682 52167 1231 77438 52003 56063 43397 32173 95108 27890 17722 18871 84976 98357 38491 74375 71669 64645 40107 60101 38728 35495 32729 21888 3623 4129 65919 41135 22819 42628 52965 76579 44129 21769 6099 15257 69595 70010 23085 41743 58475 15716 17868 92703 61454 44537 36488 95919 29407 62242 7298 38310 72779 21778 18744 88506 6884 2609 78512 36140 4806 61561 22745 11537 52694 89918 45123 43291 76109 84158 96024 85792 57906 38844 74756 73439 27635 90156 86070 81095 58584
344 152
97487 86621 29426 39445 45052 53407 85348 23293 92318 70053 6283 2898 65803 82754 28273 59490 58645 84969 25884 40016 4859 45553 74818 8345 17594 74173 70846 77014 77733 41479 99627 55678 11009 70658 57452 62613 95725 70239 24990 69192 33010 29749 64670 73066 38857 65870 18003 63436 79855 39116 39269 70561 9773 91712 51482 472 31419 31177 64657 64528 50406 39396 74588 12804 7199 52484 47684 19017 41854 68572 30408 27594 26095 71853 88489 1162 20659 48322 53193 45420 74311 23192 97321 81125 26253 77544 53219 29582 33761 8587 61635 82739 13382 46444 51577 31885 20131 36636 37345 2738 57604 27682 3293 52713 65546 74933 84770 69132 3545 11745 24107 24336 35280 10808 73087 3646 11016 76788 94054 14671 37213 37214 43373 7063 26147 38945 630 18868 35637 28489 96089 58122 13374 14281 66047 4043 69056 28363 82365 47516 32353 50891 20366 98401 56125 21569 72814 32523 94259 51538 99741 12266
319 148
81623 52234 29443 76193 73561 12756 79614 25382 44992 1784 26798 8796 64396 17336 93221 69759 53971 85610 79199 90415 86167 2821 78936 72688 8239 22919 61920 29472 9671 71537 94525 46622 79708 23054 18098 33611 25506 76822 8652 41531 88895 96491 15076 16119 59874 14277 23185 36840 16743 98782 92814 19568 45491 89058 530 10931 16787 96822 82920 3374 74186 12568 13365 60452 25840 24062 33298 2629 46462 90818 15188 62376 19643 12084 8295 55572 50654 61048 80248 29608 24536 48796 65300 10529 45911 73971 92552 25437 92350 74939 46499 7769 20499 51348 80027 28517 34978 81969 41466 16096 40698 6584 66253 68350 59057 48993 66508 25575 5329 80609 72595 85309 98655 37216 61324 56243 48241 87681 14211 41450 64659 21833 17098 853 63331 35047 49545 41361 15190 46402 81298 67572 66759 55038 32642 49043 16345 47345 74696 51256 49304 43209 60080 38328 95913 45439 12967 58048
291 144
89841 19172 24764 51793 99044 75220 83002 43244 48642 26756 93 70768 77639 9396 51749 10102 37608 78867 38580 84449 28341 48782 646 90860 88370 13935 70989 98767 72802 69184 54064 2509 98427 27973 83883 1535 23153 86929 60284 27559 27902 26931 16349 48305 65655 51711 9794 2651 20718 95120 38640 56629 78416 96248 6716 78539 18106 17206 28064 37474 51709 32499 46502 24979 46921 4162 23638 79362 66652 24745 383 78048 28898 41204 31384 13177 94995 74038 12119 16761 48013 83435 49134 8840 5953 67050 41463 49161 69445 73963 90148 77549 13070 43315 70186 89674 80768 16522 671 18191 18848 40975 24238 26440 70924 819 18306 49584 68543 80191 74277 10367 90665 26747 52547 22351 16260 80905 57910 31826 75610 38308 67114 86074 72731 60252 18839 61411 80156 33058 22338 48455 52043 43669 96697 57288 74304 36556 98576 81489 11412 34746 3917 27879
694 140
39814 81301 96676 54638 9697 64765 51032 51501 19690 72639 89628 78771 55143 85024 30100 69528 24978 45310 5618 21857 11544 12766 23738 87499 20425 94976 83202 14595 86870 39013 9406 60926 82077 11510 29501 59788 69762 94084 16928 28379 70308 8181 8033 29976 72489 85828 49630 9174 54988 81699 50560 63441 97435 48547 47351 70807 46001 75341 77490 63219 59291 86212 98314 52250 50796 199 19677 50985 94951 36092 38153 33888 7581 62950 12502 82729 53083 73152 38641 26418 1293 61871 5203 25689 3303 32203 13305 47137 11074 61441 24228 89659 29094 68062 78599 17188 93588 21730 92994 94082 43642 61149 60763 32832 44156 76995 82981 74394 97633 57810 7393 64492 89137 26267 32727 42532 51861 2307 55105 45931 17850 60977 45228 72852 80660 33289 38442 69282 80189 67000 82230 29715 18862 72676 18066 27514 74099 31452 26470 25007
423 136
56178 11232 8853 75600 69312 2672 13182 23255 70310 76568 99376 20357 63886 91288 9618 97998 60197 69523 31343 89139 44816 63908 9 68414 59424 26793 45249 69022 14724 85436 77981 25381 24816 70377 70147 13748 58390 80949 70897 59550 17856 35585 92988 79863 48248 69293 68272 65733 31258 42293 93663 36680 86468 33233 18416 92433 45465 19396 35838 48746 84972 41756 27356 21521 98634 77325 49322 18160 12067 54578 22200 77208 45661 22740 39521 20146 2746 77507 6233 94749 99476 22385 34583 83401 95021 22336 45504 66648 14463 10619 32803 83028 4223 73886 85004 63525 32860 20152 91886 95010 82782 86213 47817 78879 70941 48544 13595 54742 49097 6209 33875 43217 35316 5763 81756 3681 71397 27623 3158 71898 73086 1127 35960 61959 32270 44306 96376 52875 35456 54672 47529 22310 46079 96971 96472 32081
299 132
7255 37411 22666 16223 23444 12001 59513 11839 22878 89064 73165 61059 62500 1988 34153 40365 19228 27583 41317 18700 37997 26010 65441 12693 94948 20687 43491 43478 17201 63606 98611 40434 27927 63500 16396 4760 78682 17232 73903 74659 12246 96271 57375 50524 33340 58895 36045 12213 68575 43419 50823 87668 32493 73493 87506 35266 18895 2071 64147 43577 2252 35561 93593 84482 88633 71487 35164 55353 92787 79683 57696 43765 74929 216 84174 79458 25504 65969 79845 76894 59204 58893 69427 3384 53065 55149 30072 66148 41396 28331 74759 3347 56154 58829 22875 48837 12733 99609 73174 94524 87357 43997 62579 35655 82791 88487 62065 7661 38040 78688 41896 89445 9624 1285 37188 93970 87341 49927 76498 24422 99419 7094 33215 43033 18655 18078 84285 23686 71620 16385 39498 85690
651 104
89714 53266 21243 18013 39003 37277 22815 84443 97423 99774 30930 28168 42474 48929 32988 75738 7381 44526 28084 55893 30869 16217 63964 33465 12150 63382 67144 97614 87199 50497 46544 96372 92565 61126 37073 99242 26414 14134 31908 6755 19511 30269 50643 92812 11864 28280 90264 90348 82940 15419 11051 91836 13899 69591 7693 87122 23596 74517 21796 67113 9365 41287 97141 9753 48179 772 60639 14254 44074 57840 36521 60094 59943 95464 74752 76538 72352 83979 35787 69640 1419 32260 3893 31408 12320 21032 56392 25248 43734 98012 44833 17705 97597 41805 19281 17791 36249 57254 86995 21474 86509 72176 26101 40954
288 75
1977 95757 33951 68799 29356 91527 58637 52431 62765 146 88251 52750 17473 86737 13167 17243 53834 86223 30896 21965 54938 16658 73535 23899 24630 56702 69954 10958 34290 7922 29527 36372 95858 58688 9833 95655 14677 57207 90093 79852 76963 7559 70770 34819 83110 68755 18919 93061 24265 79331 28586 50329 69876 51310 60399 11078 50821 13962 72359 27430 23181 30863 63639 73642 51244 36525 4021 62008 19128 24251 36038 34760 34002 51801 60661
457 57
40393 30437 49185 93226 24361 63837 66855 75353 34567 14776 56552 77814 40918 47177 83048 90105 47723 46196 61830 64277 96975 60949 45541 87417 78902 81894 39800 10543 36589 97916 26417 93058 96074 82371 50527 62011 97800 89016 62298 31815 71996 38610 80130 35462 98068 16165 11310 28357 40441 2385 25426 27091 92760 44378 8798 74342 18554
387 38
71935 8505 73262 78819 10764 22024 32468 26887 28053 88255 52891 55956 94277 61374 19056 90196 46889 61810 65521 58650 6262 77562 9649 12861 60822 51772 19607 36608 97039 10779 65069 99645 50755 94661 68307 7011 59120 56052
125 31
47097 97684 24425 54615 12210 17496 20440 55808 76112 49731 37701 99884 95022 49027 24340 57617 37294 30300 64722 55575 24940 25136 96681 25672 23297 78376 47157 6593 58595 63334 38143
95 19
32966 81624 16409 91 67284 95830 27023 81046 84386 94744 40008 57107 34826 23073 80546 70854 67305 95345 28146
413 15
51002 56400 87929 36160 62214 81904 52620 22344 17059 94486 37603 44934 5263 4820 191
16 11
21571 82359 53691 1364 45427 50619 19681 56680 9196 19862 52186
559 6
3832 79770 38670 94141 14604 47507
148 4
54295 85424 99227 35444
768 3
42369 47641 90886
340 4
8972 45284 42231 93542
728 2
84725 93079
741 1
32763
190 1
33059
130 1
96680
552 1
60867
