95
4806 22
70328 13747 71904 58191 34421 67129 20072 75877 12059 61751 35291 54062 28806 12987 67521 39672 39051 6899 68418 20614 53614 34448
3550 22
8581 65204 35172 52027 6801 22966 53309 37194 69226 76134 26672 59274 53718 71381 3985 36880 47281 69890 23558 771 74048 61108
568 21
15425 6226 35993 2472 46866 76814 55923 23915 59723 75749 16170 58713 13481 51333 15774 66634 53484 48767 65350 2872 45180
2004 18
37268 14877 1474 58497 56107 17983 11584 484 27279 28241 61934 73159 30406 37064 32080 35226 71358 21124
6 15
16865 13353 39528 64426 36636 52928 1670 43351 57306 28816 30117 54767 61693 68668 65811
46 15
10887 67139 1619 62349 14659 46602 22399 30221 66181 36670 17050 67088 25864 73163 58871
7693 16
63674 36214 69691 25773 33906 59262 43150 5377 25123 25557 17145 38894 53131 45030 9034 22515
6214 11
51415 27467 4124 75606 63914 50636 20050 37843 76998 19487 49113
2265 11
58833 23674 58664 39876 324 22174 32937 11704 22262 78213 44462
109 11
39156 40023 36618 26421 23169 42276 7288 41489 62401 34154 53997
251 11
12553 43472 76763 48494 25162 61316 65891 57262 27956 23060 44508
120 9
39483 1637 10513 23068 10665 17576 24521 44846 71249
852 11
40604 56067 559 18132 76207 25913 3512 14126 58719 67627 20230
344 9
43986 31840 18498 54398 19030 34470 17909 66193 20372
3929 8
42001 25102 63577 29491 5875 34634 10103 42535
178 10
31441 13169 73088 12938 32657 57168 16555 51591 30799 58276
5734 8
60801 69479 39510 41786 18119 6290 41588 22472
3549 8
2712 15309 63908 33200 25949 19320 26549 70356
3322 8
48025 48746 36293 46302 63542 66477 28375 67949
265 5
60136 16233 2268 66035 32364
6625 7
3351 8008 46761 38399 69140 38809 29886
450 8
46194 8024 41830 50702 71545 33459 26690 57812
3558 5
40479 44327 43018 63292 26351
6205 7
64067 53605 14297 4535 7571 51503 20268
4432 5
16653 1123 9792 71916 22714
1126 9
44572 30922 62496 37831 51208 46735 29461 16789 726
419 4
27534 59199 6425 775
670 1
24199
7416 3
36306 73241 21565
4907 6
38282 62831 58552 61153 68549 29226
6849 5
13885 67557 15742 16948 54830
5515 6
44237 47415 27706 73091 63733 8338
1371 5
50020 29388 48118 18920 3480
4559 4
66126 18978 69762 13764
1781 3
55780 57682 8346
6031 4
5597 56302 39236 8663
4229 4
48070 45154 46175 20723
1915 7
71648 3762 73530 43610 66922 67170 64640
1200 2
47537 51527
7105 5
9988 77317 2363 56838 16225
2048 1
77616
4875 2
47733 20029
411 1
64803
6598 3
44904 71649 8115
4183 4
49474 49193 64053 34472
454 2
53401 17013
3189 1
68256
4632 3
20115 14749 35053
60 4
28418 42054 76591 74874
4655 5
60786 28356 72858 49539 49170
6384 3
64603 9806 50428
7878 1
49128
16 5
14338 63767 59327 51148 34632
500 2
9044 10793
5176 2
2126 64193
2690 2
47119 57138
2777 3
73000 77907 71605
7196 1
63937
3257 4
78114 28381 52681 32968
1927 2
65245 28150
159 2
64565 58421
3640 3
69077 49049 16934
6909 1
36579
5366 1
3357
424 4
60347 54650 71973 45385
4587 3
61813 64826 74188
3695 2
65395 12697
3758 4
34758 67604 69897 25247
4157 1
44440
2725 2
40952 40664
3004 2
47411 72066
2920 2
34399 59381
6178 3
58134 46863 15095
5944 3
33096 31769 56894
425 1
49291
942 1
32444
2808 1
3499
1614 2
30424 1865
3341 1
24304
6011 1
33582
2849 2
1114 45859
5706 1
59049
2885 2
16148 57964
989 1
26941
4453 1
43342
6332 1
47108
3231 1
34676
5903 1
3039
569 1
31374
5474 1
43456
3225 1
18059
4130 1
69707
4912 1
35887
3824 1
71210
2142 1
67741
