101
1598 202
39427 15686 19405 35719 19671 35366 16068 35278 16494 14939 6131 43485 14878 6894 25706 10539 34236 30958 9471 39984 41686 8892 35762 1888 2433 7559 43422 16841 27255 44187 3349 11041 43199 19598 37210 19985 7045 35538 27549 33245 31112 4939 28018 31144 6628 30161 27428 19773 39294 34549 12213 5428 23399 23614 40978 3390 4959 41663 14481 31304 29562 12797 35772 30288 11639 24538 12462 16385 39156 15499 40846 33188 8424 4739 13694 39165 10806 39866 15233 1961 29570 39747 24691 43853 41409 31509 36240 9910 22606 15539 14123 38958 16861 28147 24090 15914 33802 29376 28804 3737 21986 39236 31072 20526 24189 37918 28268 24472 25116 21231 11217 24817 16973 27052 44481 11497 40543 18384 13778 12870 2058 29880 10508 41 23246 8584 36900 29894 38635 8649 35841 15910 38019 8568 19862 12369 2484 36953 23606 27168 25275 35623 41616 17616 43902 33640 12308 16475 33926 15056 42075 32998 30811 23660 1509 4647 20597 42824 22773 1013 8245 43664 8320 29722 28326 9798 30802 41640 2127 37415 10241 1520 13175 4972 33670 34364 3602 19071 41844 6142 30993 13671 6267 6164 38246 8975 20505 8916 2566 824 9916 15677 16769 9192 10045 15545 12910 10714 2501 7305 37095 3809
846 72
1309 28731 12758 13178 28756 9778 6471 1931 16360 40218 15364 15144 30731 571 15816 4547 41615 26353 21507 17307 12287 24546 21258 38379 16620 11553 14046 32713 33305 35138 18279 12824 32740 24142 2402 12102 42580 21067 21044 20545 29549 27347 31741 37876 7037 13492 44024 16474 31674 17589 28457 35767 4950 9969 10850 18675 4839 6484 41507 15901 21947 39323 21476 1994 21114 23460 21216 31951 20776 27511 7506 8078
2029 73
18218 44177 41233 14770 36200 23990 7475 5161 37955 26835 17025 23777 28794 35763 37680 2084 21342 3545 31962 23183 12779 16344 29263 17229 10846 5996 24228 12599 2652 7246 10734 10950 11603 37819 11052 29424 6679 10609 20330 28907 32749 15023 29532 42236 24322 42733 11746 5506 32932 25830 30094 25950 42956 3501 29934 22669 28448 32072 41555 18958 159 8220 17188 32975 3097 11320 41548 15072 19530 28101 22065 42762 25097
923 73
7510 36821 30399 40870 28015 40566 35353 24736 18029 1154 8796 7331 20733 37024 26153 10445 6074 7765 13609 33046 3995 39542 10580 31993 5292 32824 27977 21836 21146 38030 10439 44530 40145 3840 24581 1110 35057 24907 41661 41940 27629 41575 39119 28342 36054 13108 24806 43661 30747 8869 43909 13002 13270 43027 28367 3775 5264 37219 19826 20376 4666 17405 13512 41900 17267 18116 35713 37256 43009 12566 32375 6132 36528
4002 72
3786 25637 28369 44534 12999 42974 34521 34174 32018 19490 34918 1436 822 23983 9643 28497 40014 9789 10125 5242 43265 31364 29211 23617 9056 20378 41014 36960 17534 14117 13604 22811 41952 35373 14358 24703 18830 34023 28970 31447 30941 11180 19911 24897 26070 14633 476 4533 10190 44051 41448 22712 36493 31422 25360 29672 27354 14465 11266 10341 15489 34503 11454 32843 38797 3142 13657 31801 3281 34851 37812 23132
1488 71
13389 30831 32953 19131 34599 22102 31353 4736 23838 4936 18349 13249 9342 31714 36138 405 17804 34070 2498 43133 10016 8637 8244 42344 28563 21351 22759 27027 35757 42221 15754 43939 9888 7527 31312 26307 15299 25543 4696 21893 37151 23117 10769 30545 2318 5662 34349 18992 13630 15505 13482 38125 252 40125 26276 9970 5691 42849 38934 31791 12986 3199 16024 31476 33360 10155 1681 327 36350 19830 39792
1241 71
26511 36636 29742 25966 6380 33825 17102 40217 14237 14683 21499 29083 26027 39329 26516 20644 38592 35611 697 23418 32233 39301 7287 5792 31241 25814 29339 42023 22146 15044 36739 43886 27439 31616 4002 6569 36053 16181 28896 7760 733 23948 28151 17502 17573 6917 8073 39888 6845 39320 4413 29505 15400 15297 7394 22770 15015 37231 1204 11193 2600 2000 16331 39007 27304 25976 6787 31907 39231 33301 40981
549 71
40514 22853 20956 18149 5006 40778 17865 40713 11632 6847 16807 5525 15260 24565 29575 40855 22036 2056 17824 37417 42680 17026 18768 20985 16765 43469 34197 22400 14894 13215 39261 16400 4610 3353 32642 25232 13087 17677 11645 20147 28291 22813 30215 14084 26292 37292 35603 42261 36354 30068 6895 674 13553 3447 1193 2557 6292 20881 1835 11141 31651 7387 40964 21594 43863 24285 28603 38144 38973 35759 27173
2042 71
39490 31345 4428 23934 13274 3059 31789 19544 10952 17781 11845 26384 3075 12996 4544 19877 14449 16020 18454 36237 1073 2168 5203 16359 36039 41308 6947 40175 18503 4789 29013 24547 36206 21393 35997 31147 16036 19527 22590 36428 18292 44077 6209 14015 17973 2675 8471 5556 11768 34452 38998 12488 16414 18596 23063 44679 5771 18579 5003 30503 24161 6121 11829 6922 32450 17033 28665 20321 42558 22786 1778
332 71
4005 17280 12506 22212 36477 21877 24222 38612 32036 28759 6268 8937 10232 34568 21313 42327 28048 22739 9145 16478 13711 21733 27987 3003 43053 42507 8520 26046 35144 22865 20071 1411 25552 35715 9113 18705 10403 1936 42711 26201 38358 10866 39928 1949 7233 12574 31386 23279 9019 13407 9632 18133 27631 24767 6544 18362 41601 32919 16220 4318 27317 5559 42126 27222 22465 12105 6238 43585 31020 23030 18094
2310 70
31326 33775 41943 42663 30369 11069 29333 3811 15579 2513 14335 26305 16760 40053 26655 4689 12627 2227 39349 21629 15528 35054 43508 2658 10490 29375 118 19265 31525 37281 22138 540 12068 831 17209 8100 30749 7508 9477 13110 9664 4774 24676 24638 34967 1511 43019 6516 15410 5856 21609 30874 15230 13654 33751 8768 35505 11669 35844 38345 25333 20771 1824 32302 19881 33291 32734 3787 35337 15802
3254 71
43522 32772 2375 38590 15441 13670 20507 35301 28852 30198 35944 27023 22915 18866 28850 23354 37214 17757 27283 21875 15691 18074 25707 2410 14236 5165 17644 43697 6052 19540 41173 42341 42471 965 32656 5027 15996 14890 28700 41873 43471 1015 4975 7105 7374 44336 39015 19028 20620 4957 31548 37660 32256 41449 22600 31380 35297 2805 12525 33716 36001 25393 24166 4188 1250 20897 33395 3654 27467 44709 34103
2556 71
22363 39923 41595 19863 38656 28249 23056 43033 37772 43826 20936 23114 29890 4893 18340 2920 25059 20344 44000 26302 40354 37142 9303 35918 41375 15360 39583 37493 42060 32204 6683 28566 8485 3587 8659 43658 3376 2211 19260 13993 19043 6527 29439 5239 16589 29919 32499 430 36529 28906 38006 32651 9318 29681 11518 22 24190 38389 22475 29643 5084 19398 40555 10124 34114 40358 40552 39584 9324 8449 23232
1670 71
6108 29513 30964 17237 28657 36395 31309 32887 40724 33370 6528 31043 15193 34931 18737 42484 32152 2029 43947 39181 43085 44502 12983 25003 35260 9217 7539 28406 36410 8199 2610 10816 10102 14734 19779 34266 41930 28111 21120 22970 41358 14806 21817 19037 21402 26274 36991 14681 4911 40478 21063 28267 42998 2068 14293 12354 18314 32176 30983 16657 10736 17856 13931 44257 2496 1526 12557 25121 41238 10076 16049
2112 70
24067 9901 30338 8457 37118 44533 30682 15145 39177 30301 21752 15272 5759 41794 31267 17568 40446 27903 34246 19934 19150 44418 36999 25388 5081 26752 12553 38315 34616 4456 32724 42949 16317 39954 13105 28077 9395 13716 1766 16899 7384 16447 18871 36298 37864 15543 39311 27104 36193 27129 31646 25579 18903 5629 16486 24009 31086 22909 1224 18215 22883 16064 25435 25230 23662 41969 38448 28123 6843 4258
1604 70
18558 2312 40183 41215 27961 35335 6271 12260 2397 32546 44081 1504 35849 8158 3287 43370 16205 32032 40891 20056 42234 33303 15380 20437 31517 1467 23798 33963 33355 40781 44653 39017 6221 37009 25255 6379 26653 13888 13075 20786 27974 39266 42618 30947 36422 14811 18851 43534 17255 16295 14187 32771 3947 44340 21734 30992 15302 3894 13382 41356 15263 33114 30372 38447 17089 30227 32560 43717 27031 19168
4335 66
8564 27524 11532 1813 7221 37748 25794 27086 10077 339 43636 15036 34571 4268 14242 27342 39990 11756 14617 39092 7124 15389 28413 16901 16161 6048 34005 28370 7634 20853 27905 22748 22643 14100 9534 38440 14801 5832 27463 4901 7464 26320 25827 7526 19200 28408 34970 8585 39748 9767 23397 43706 19471 342 32957 1634 20618 33367 37478 1513 30508 21298 16323 40048 22141 10528
4426 70
30284 11477 16782 4758 7300 23119 2789 38541 5503 28567 37449 16723 13259 44207 4009 35511 33315 9176 39022 28381 21723 19679 16780 20423 6192 31502 3396 25404 3671 15867 13161 32796 40824 18825 35391 18001 43056 7926 25955 13212 26815 13177 33371 42071 37961 43561 24976 31218 30861 22188 33385 198 4300 13743 9112 36804 22076 32672 32487 28014 31164 27007 1123 37036 25753 16076 28208 21099 25949 34576
2602 70
13846 21332 2352 7848 36859 34303 21938 36058 24791 42851 41752 15843 3024 18853 38435 20678 44657 25896 13974 27344 4976 11507 25575 22561 36396 5725 29401 24282 6944 24576 34025 28246 40694 6104 24299 27371 10297 37371 9090 9469 19428 20500 11142 19201 2579 13063 2868 34894 4718 20859 21829 1733 26234 35092 2415 42150 29981 15510 17109 36540 19788 40472 23490 28928 6062 7696 17627 36845 16625 39766
497 72
6079 38756 27059 20715 24088 42846 24689 31889 29270 36802 27794 23090 28524 22735 40146 42470 38394 30752 917 22264 22174 11276 35402 16992 41249 10265 12822 38225 5745 25718 29979 19703 42624 12490 26830 8952 10012 16066 37769 22936 40618 11771 32822 25620 3058 6207 12078 42413 7543 12761 42850 3714 41087 7200 3755 23288 11991 22142 20613 4640 23078 22187 14833 33181 7609 31582 26999 20780 30473 18625 1821 3625
1135 72
3679 29817 18747 40487 23518 1244 16777 36427 29619 10004 24030 10098 28175 12275 12565 38209 35145 41945 3249 31757 43969 19294 42171 37662 23221 16089 37019 4507 42879 11875 2894 20430 7759 10973 21474 10071 39636 11556 5373 39801 11880 12799 31379 8956 4010 41895 28227 12845 42192 18421 12116 22864 7678 7849 16100 30339 31370 23652 8174 2732 40944 37729 26482 25343 5772 37707 6263 29227 17596 19757 38666 38894
883 71
20038 44409 39153 8604 26996 19794 44370 41679 38411 43841 1564 35326 25068 28361 44168 42717 24345 28562 9941 21923 15110 2993 38843 35960 8125 17838 24671 6096 6249 25549 1397 20352 15913 6827 2651 13517 35276 23735 25214 30355 40704 4379 2988 14400 16120 13049 13811 38088 34691 24372 40159 22565 29066 12875 43396 41431 25657 28188 22904 15698 24928 36476 34119 27296 38330 34228 3252 36183 36296 4862 30839
1929 70
22956 30286 16013 6761 36675 37266 38925 17006 1876 26004 14812 31846 22410 2241 27470 41795 27205 5891 37052 28240 12724 20441 41708 22366 37559 25478 27490 18968 7271 27685 24503 27067 15440 12032 20081 42780 31909 10637 42783 16386 16991 31507 40626 25679 42239 37711 14798 33501 298 11229 25730 24076 37560 42475 4849 37166 20278 17 40625 7456 24944 12422 21004 410 18612 18694 1421 18745 5210 4081
787 69
38849 17585 29911 22061 4670 271 32207 31534 31896 7493 28316 31405 40969 18466 16243 40568 22362 20348 23487 26799 19167 32136 37661 25122 29992 12760 31078 42905 12560 20366 11055 24629 23902 2266 19664 4402 18000 17773 11087 246 28339 20869 39230 5380 34632 13411 43888 4931 23106 4272 21090 19523 25111 38046 20269 30956 640 34214 29145 31948 6429 24173 32768 15855 33197 17134 28903 28583 5354
2531 71
24382 35232 40168 35298 20010 22781 6631 24518 3055 10313 27698 42461 30260 44124 234 26110 29998 31189 33554 2556 21567 4411 18916 27840 5751 43836 29240 24912 44460 28629 12033 1746 27791 8875 8651 32379 15361 20195 44366 41148 30604 18709 14840 39876 905 8977 40061 5433 1311 36215 4481 15147 26540 19332 2427 16351 37668 17027 5366 19831 20916 29485 31987 36637 21411 16652 13046 34075 37300 17667 44015
3729 71
29675 27431 35622 11302 6795 19268 4928 9115 39407 544 13449 34353 31746 18396 21828 26942 16741 23043 34342 34002 7868 31756 23152 16659 25104 20509 18189 12591 42907 34463 31106 18472 20367 24381 1541 22195 44643 3643 32809 886 29656 41710 17236 35952 13388 30474 13650 29616 2634 13371 28564 40025 8543 30459 21531 36971 23139 7703 35753 27652 14255 13135 6230 1905 24695 7929 42904 25917 34977 35688 15886
172 70
10342 20251 2456 21354 32741 4524 16965 519 38648 22942 23952 27675 41951 13764 32654 39274 37558 39 3397 8266 1578 27710 36214 23663 23684 26085 7194 35396 15079 34057 39952 39631 21408 24221 29121 24680 31824 2994 25806 23610 8506 12541 515 30008 34992 6264 32798 22433 29535 11482 44691 13352 14002 11466 43372 32509 41473 9100 3971 29980 34249 39310 4029 2932 41194 5889 20276 15069 10309 42337
643 71
40036 22262 35264 20127 35788 26215 3503 40544 17023 22254 21017 41694 24982 38878 38857 11980 1324 13258 10921 13263 43515 17297 1874 39700 17451 38506 17014 5421 20734 40484 19926 15788 17339 34077 15597 19897 3746 9880 31399 2361 29152 9829 38608 11865 9133 23620 14744 26847 2948 44476 1024 19806 26494 18811 31568 41444 35136 6359 19209 29623 12194 12754 14436 37606 14087 16341 4267 13027 25331 6926 27018
1451 68
24064 18267 39813 38697 37340 30036 23239 24400 32604 43241 27302 10932 5825 40968 30407 22730 25574 22868 4303 37641 34330 13752 13528 8371 43273 32479 15374 12974 4722 15846 560 35949 30804 834 24223 5838 10812 2925 41796 25247 6338 17284 4021 21534 25268 22709 12595 13737 1970 32371 18470 29238 32668 12388 5217 19884 28600 22315 709 22345 32742 39666 15671 15186 17994 28264 4528 32996
4311 62
24895 2945 33035 9857 6692 22633 7594 10839 5937 38820 16881 31445 6337 9488 1903 16435 35359 2604 33053 25982 16666 11505 35247 4271 28727 22328 7396 17086 23099 40414 14797 4589 4340 34512 21807 1230 22101 27783 19470 5284 38044 14018 21287 36419 4974 36703 894 3916 23567 3385 26757 12345 31724 33039 18091 1431 33065 2291 14625 36452 29747 30823
4486 69
14107 24158 25383 8060 38765 26915 42180 13502 34978 42322 23730 10052 16572 5679 28532 18588 6281 21946 12013 27792 35890 33218 16561 18593 11201 34664 20504 28218 16288 41084 43578 16624 2633 39121 10606 35650 32059 28306 44527 35318 23312 27603 12360 4019 12492 27743 19422 38932 5780 7283 29832 6342 14493 17990 25692 19351 15623 7965 26232 4161 42356 27534 43809 16808 19383 22261 7738 43284 43451
1955 68
17655 9004 28916 2337 465 8852 21168 13147 35531 145 24717 33654 39118 30336 16148 23936 42198 12801 25395 19966 11919 2542 40116 18252 32944 452 7284 10276 10419 33282 20832 33074 39679 24648 11439 25243 4545 29420 44293 14742 27309 25585 5198 38980 24584 25613 25515 32369 1254 12449 33843 28229 31283 23992 22872 3745 27851 30406 37211 21207 32148 18140 25909 23271 11046 36421 7776 4827
2283 66
14562 16433 23700 19233 11309 22104 41322 10136 44121 37991 12614 41702 3119 10634 31120 11341 2717 38215 44125 11774 41037 24434 29255 8879 6535 10768 36345 43441 2878 30589 41990 2351 43586 37582 29062 28007 18658 44141 25894 18322 10996 13370 31588 33683 42083 40865 8550 12547 21290 11216 37960 34380 2254 2102 19988 7357 16583 20005 40082 9338 17095 26952 26967 9554 12404 36010
3182 67
23575 14041 43457 23227 2445 28612 15797 4245 42820 20485 29335 30319 2003 23544 14392 30809 13909 10730 22800 14546 25258 26962 6000 39939 7992 17106 32599 23528 32429 40556 6722 30162 43708 17202 42323 35032 2736 41018 37700 14453 4158 17471 33696 10693 18653 14629 20076 42289 20341 21395 33099 42552 16596 39150 34693 32060 33555 34619 39558 43719 4942 30697 40319 38186 29724 8235 16939
639 65
9603 14508 38194 7461 11525 694 12730 12491 32523 29019 32268 4309 38911 2505 20004 31028 39897 16340 26665 16616 16953 24320 10390 16437 33101 1910 5853 25804 39640 21582 13571 35022 29940 9263 42506 35964 6150 7571 3662 14375 11381 17916 22000 8554 34371 6595 17356 21406 15094 27833 28533 4381 32674 14834 5059 39419 37427 6274 40280 28692 40477 42021 21072 8234 41536
4902 68
14943 24202 27537 29294 28653 24478 39304 3006 34890 36717 11256 3865 27482 3176 39819 25893 26111 41171 5347 38803 35061 4391 25486 3103 11000 6912 24969 41789 31884 41716 18568 22314 3035 3485 39655 37473 32308 16730 35307 5496 37389 38653 11606 18028 9606 31918 14720 17896 39529 33077 40063 18856 34455 8395 19896 32517 3807 37667 3697 1832 10284 4622 34444 5230 9714 41437 26940 39859
775 71
24280 35000 33398 36876 32362 7602 4440 7179 19921 40876 42110 35864 18560 8960 15049 41836 8809 37548 38267 9152 33950 8509 38064 18156 9786 1338 43684 13403 12539 9229 29976 10715 26990 42740 37365 29000 29539 30192 40267 41475 35158 34671 18008 25860 33553 3108 34148 29187 6573 10629 25051 24065 41788 43416 23925 43474 34504 42874 30900 15415 31870 12494 17895 26744 16392 2387 29220 19056 25739 24636 37919
1855 68
20696 27085 29577 3974 37402 10771 14979 9992 27593 26570 20273 16916 5640 38921 2511 30911 34245 17618 34639 12534 34047 36723 14932 14456 8801 1810 10005 24162 12235 1726 6254 3852 22523 28393 11009 10927 29199 33436 30638 24846 12330 9937 27420 17316 4677 7788 34737 1151 28777 18575 1539 10997 16856 41305 41799 5487 36297 30025 28441 6955 3180 34945 3887 41553 42004 26964 43715 20337
1886 67
18681 30049 19936 39219 24599 855 24350 25222 25854 22861 11597 28296 44281 40834 6779 44408 11253 9468 35791 1915 19562 39028 39889 30065 11538 18465 423 33012 36696 35268 2167 35093 20703 43281 34132 9963 13003 36641 5927 44325 29253 35919 13961 8239 34440 36309 31489 18272 16497 16987 39152 27970 25355 29120 2670 18104 30488 22239 25148 14887 21156 3242 33780 2874 13880 19280 25823
1465 64
0 35316 18210 34926 7949 22432 16708 39665 1769 16201 34595 5507 26902 39924 1884 43270 20243 15463 18153 20890 35799 31543 18155 8260 7739 746 14978 37706 41400 27188 23369 6731 22203 12312 22676 20223 27935 3319 2725 26784 28083 33148 33321 41578 41556 12710 31748 31702 19210 4605 39316 17300 31246 4786 16131 2162 442 7004 6930 4600 14350 10916 24558 13116
1186 68
15203 34545 35564 14111 36706 127 44079 28144 4361 24828 43765 16286 31673 7740 35490 21921 16491 25202 33823 25197 20399 11261 8328 15197 4146 42002 8224 1684 28096 16833 14338 31365 29824 31778 36808 34146 30544 11282 2924 37531 23982 26594 24779 24490 27229 9922 8177 30966 23386 10649 30387 4036 10288 29551 6624 15865 18181 21962 33192 28865 11933 31994 32969 24175 10824 11318 16605 1468
3451 66
34406 14393 10674 26457 7443 13532 19525 30512 40374 30669 40592 15794 32214 10222 20289 35204 1078 22211 42514 39214 34630 20253 20931 10722 6696 36261 20900 20503 10959 33008 18337 35370 15265 36343 11025 1772 11274 4517 17177 1898 33797 12892 8356 6533 22069 40275 5361 10488 29334 35187 9599 11334 6995 31385 18241 40587 38969 29142 18262 34307 36413 14736 1412 26462 35750 446
4624 65
8618 18912 29049 664 27418 21330 33976 3541 17226 12535 5522 14788 31503 31703 33593 39678 34432 29640 11467 12005 12292 12144 15790 31866 39547 3647 12538 15800 4840 42656 38833 15004 4132 17079 38216 31645 11514 14499 32387 14853 30835 30954 10036 13111 15025 8422 23403 42163 35683 26497 6877 5090 41044 8338 25787 30538 12922 2261 8853 34541 37252 41052 39246 38038 15870
3737 66
35190 10624 37857 24949 43353 17893 35217 18891 1140 12358 36642 24241 17638 32751 42760 37033 1184 38291 39915 8209 12382 22744 38372 9921 21805 10521 37747 31750 14990 41417 33856 24563 1559 1016 27348 33786 28125 35277 30628 21989 14163 36370 19270 25795 33149 39090 35263 38076 8687 19604 14154 9072 27487 38066 9712 28475 22353 23363 10535 30596 34078 21304 34413 16191 6891 2382
3765 66
4489 37400 30949 38532 35170 17605 22822 20947 28890 9782 35085 34853 8742 8748 18799 38996 12715 20403 38732 14433 18537 30187 41172 31699 15853 16514 26620 22841 12357 33198 34943 35173 17962 2933 25839 17583 8878 27979 43483 1239 16608 35946 24930 22236 36065 19748 18203 25623 29257 22809 5454 28070 17392 32918 34076 33017 29854 44192 25994 16319 42330 10097 19204 31320 9210 41138
1360 69
759 36402 3368 37037 20601 10438 29223 36575 37888 43964 36275 12833 43183 13131 35528 34880 14721 7941 36123 12324 32160 4660 20831 18781 11140 17797 26141 24832 37887 12009 612 32210 23890 3890 21284 38365 28720 4543 25189 8693 10538 11370 15281 31754 41996 6927 44070 1474 33260 24430 17472 34270 6477 1935 34885 23282 8415 13007 5692 11184 33157 34107 43973 43429 27934 19254 41565 4115 14359
1677 65
32905 24120 17359 33022 7890 31770 9432 39272 36363 1264 38824 34858 2650 9835 9774 10294 25588 42561 34867 5568 36762 19366 29140 42751 18319 14999 24148 37082 18013 14957 20476 36805 43021 6024 29069 33279 32349 16466 20871 1442 6233 26692 35021 37586 2248 1005 15371 37654 22024 31732 18904 40108 28251 19374 14407 4108 44405 32990 39145 29787 5992 15519 12459 42082 23772
953 66
20909 2082 40563 22136 39354 8920 30172 21719 24436 42600 18060 13225 2204 28228 16968 30450 16891 26888 7090 38620 25433 9751 19857 43649 5098 44555 6751 19567 44253 44003 24729 36264 865 32688 21819 2883 42611 42501 9748 30579 20093 29103 26479 27605 36830 5465 2276 3813 37004 23321 28146 24005 32376 19602 17363 10691 7991 21739 12597 25253 22045 41573 40417 12500 18326 30098
4592 66
7842 30574 10702 44566 37501 2316 24776 34435 18603 10780 10834 10796 44278 41255 32701 39356 43837 21664 7256 41588 3098 1747 24684 30511 21607 23035 25455 16211 32624 779 33425 5182 12265 15938 21442 35615 22304 34985 35912 29702 10063 315 40432 22694 42709 4529 4200 28939 26229 37845 22598 6606 16789 2109 44219 43990 10874 39464 38552 40620 21462 10896 26378 2403 44414 21250
2483 68
30637 23955 26423 3451 9345 43598 29399 18545 12840 5905 40281 41032 389 24493 11362 31968 8740 21874 20654 42547 23101 29138 24665 26106 18691 17551 32475 43301 641 7153 28554 17094 36990 376 16019 25765 15541 20655 13088 3944 37843 28341 39975 39704 39491 41863 9128 24848 44004 9966 34313 13769 39980 19502 19263 21467 40171 29075 7426 3422 13596 5458 11322 31848 16096 33961 9525 38262
228 69
30979 24792 40967 23381 16087 24072 369 9861 20380 18493 13384 8335 34832 22097 20967 34742 40090 39197 43631 1393 8593 22041 40468 25204 33314 12650 32358 38451 41657 20937 17130 36346 13099 41989 8430 24136 6373 11744 8270 24548 10008 4244 3681 11354 43341 44201 881 15744 33940 42293 30477 38637 32912 41707 15970 3158 24810 34843 6310 41793 21791 7097 25772 43754 18826 39315 21881 22819 23681
1095 69
6745 13837 12124 4201 9255 3812 24235 7522 4077 35435 38684 27228 5622 12289 14651 16132 650 8379 41850 364 4947 9376 6449 36947 14066 6564 6398 8676 41831 44191 5744 39815 40531 28346 1438 29051 14466 25144 8304 7341 2654 5733 20606 39004 11596 19781 37225 40463 6522 41440 40471 41021 3292 34179 27957 17755 2687 39379 43871 18988 34288 32277 37335 27413 32640 28983 6490 18288 26862
1204 68
8936 38375 14061 13959 38704 37453 11386 24379 3497 13990 18499 9682 17275 2197 35040 5570 20079 6411 26697 7238 34793 43544 6168 19608 18548 42644 19592 24019 811 6116 38229 17941 21429 40174 29772 6185 12485 22879 10142 19849 5952 42318 26735 27621 42970 41822 11090 40672 94 38173 8311 15507 7182 27916 119 16145 32991 16234 12725 31444 24805 6796 17966 44050 43105 12477 37189 24125
599 69
21482 22583 30346 41225 22755 19425 40443 15436 1279 22031 29148 4190 26920 5883 17944 8242 269 42429 31318 30461 6873 39895 16913 27100 7150 7126 21784 3547 40715 5688 33166 43259 3926 1891 39738 21326 33430 11018 18698 22077 34086 10542 41950 601 9198 30270 42210 20489 38692 8759 33121 25327 35904 36473 13090 38308 42050 13969 129 29280 37638 31488 20379 42882 25316 31567 12038 36352 27250
3761 70
33767 20454 17332 31697 8850 27898 29078 20150 29411 16545 22348 37936 11877 22424 41182 18329 31943 35751 43083 14261 23569 38559 26537 33158 41871 32867 8268 35099 41115 4733 1600 16944 8719 15336 1488 37347 35421 13760 27826 12266 31891 42431 22897 15075 33680 9215 12286 41642 40193 28472 12396 29550 1784 32951 19557 22165 4863 3823 32047 16722 41697 11114 9042 35698 15160 26719 25675 35985 15805 32565
998 68
37850 9007 30080 29827 39262 43473 2443 22079 43252 34434 24206 25265 32317 40196 34493 9337 6329 44169 16977 9740 28979 26526 8399 15426 27595 12315 36539 39811 43489 9391 789 12737 30854 22825 20284 24171 28463 5929 38062 36151 28164 15385 34006 38342 1111 32712 26 24804 37714 18139 22795 14566 32319 29683 38535 15300 1225 37956 16251 8383 19061 36925 9669 609 279 40661 555 7607
1003 68
41958 8602 10966 2853 29193 22658 16091 12052 34327 30057 6461 890 37199 38769 41306 27607 42328 4655 8790 14727 33496 34219 20230 9672 33098 22984 36625 21848 13795 2850 3724 2852 28183 38624 6513 1939 5475 42232 17164 6784 1241 373 29374 44537 3699 28169 12831 39243 23457 27660 16558 44111 42500 9585 38614 28834 11835 11720 3693 15077 39982 9695 10858 33373 9295 40366 2644 17511
2830 64
21578 44162 38811 24722 40522 35796 1896 24079 3464 15991 26774 14577 28734 17678 5504 12489 6901 19078 429 26396 39132 32330 39050 21117 10906 27419 4069 28570 3581 34502 41809 35631 38424 43972 39019 33862 10057 23325 8118 14051 20761 9103 40504 19447 19783 44440 23783 7373 25196 29260 29378 13901 8477 17848 35562 4371 30582 12863 29459 36023 6788 13526 29748 42028
2145 63
10558 15480 26997 38414 24542 26129 17448 583 32068 569 31276 25928 13919 19548 35743 26157 37677 825 10570 4661 23739 41055 33534 14794 11750 15257 38465 29091 43280 33637 22529 27281 25699 22968 23991 4299 42969 24339 23195 31061 2696 41927 7210 36572 25352 13001 27029 27872 35303 28143 15628 29805 23002 8341 28867 19188 23546 29590 3726 15652 42685 41314 3072
1664 67
11594 19898 9082 6804 3226 38895 4675 15078 44047 35491 38474 1661 40228 32163 41051 14370 42645 11509 7574 8478 22804 24686 2940 29689 30264 1203 26078 25112 28109 35948 43336 34309 1814 34520 16537 7117 7912 23520 24417 41492 8551 35986 32459 10207 14148 15344 6141 28402 41798 29774 1310 4322 13501 34760 21425 11990 21370 36562 41589 9436 5145 29926 25300 20857 1536 36672 22109
1656 66
38487 1366 8986 4800 10020 35853 18931 5766 8197 28299 9102 24466 36546 22223 996 26654 32454 8325 6763 18894 22878 30502 38241 14959 38952 773 36013 7085 26865 24590 14298 12739 24127 4887 29031 29296 44430 4490 21916 32252 43420 32549 31446 28078 26572 21323 36768 43200 16458 42772 30868 9405 29525 39534 8906 5609 29556 122 20385 22742 1395 26618 9107 29405 2059 5936
2104 67
14440 2836 3948 22419 23584 4669 11441 18820 43011 18972 2347 30077 10408 15359 26472 40671 34532 40529 5026 3062 36392 2494 43566 26939 14483 3512 13867 18743 36779 25055 32840 21851 10988 26994 35733 20283 654 28162 25632 35627 16636 32342 30994 34651 19678 39365 19968 36715 19853 16160 186 31213 27028 33079 12851 12234 25583 15167 30311 11427 32384 340 30864 7882 44298 36512 16025
2972 65
33312 15757 40732 8603 24822 25878 1528 2450 42218 7664 18480 24644 22613 6322 10151 34487 35403 1177 21361 29793 12082 2040 39232 26641 14730 19396 36527 17746 41890 17338 34938 41106 21658 35843 25244 31773 4906 25288 15710 15469 3481 14233 21125 14112 37873 25616 24600 17398 43502 14172 14231 23910 2004 10467 36210 26374 37630 34682 11862 1071 34536 18843 38511 42641 12425
3232 68
2998 16588 17748 43743 7315 2846 40648 41766 4678 15148 7497 41870 17357 12493 24508 18347 19335 34612 15795 28002 1085 32543 35177 42041 34447 24986 726 17050 23849 20923 43703 28743 3913 32561 23565 20074 31992 35430 27953 4339 31893 33456 25802 26861 41658 27167 24974 35416 12632 32359 43563 11084 33442 13368 12313 9793 30269 3975 38916 38012 35654 40986 19202 16551 35113 19358 4269 9360
803 66
26979 15857 33990 12277 19802 6919 34489 36921 22608 785 40640 28552 21669 36965 31083 23455 12139 25190 7501 42438 33533 14430 12314 12522 19646 9817 34235 40585 32273 8116 29151 14525 44506 43674 18416 5846 29516 28474 2420 23676 15550 20461 19154 12034 26856 7742 12029 27234 15687 17485 4308 1251 26328 10902 18734 19665 29770 41835 40951 27587 26603 23578 14007 35251 6738 28469
2097 67
28985 25186 37595 20710 24023 24389 20741 27745 44564 29377 8561 7983 6694 38293 9027 30870 22316 11712 22901 32718 21082 2778 25518 33985 16525 31308 8405 27061 22416 18120 36631 14710 32568 23938 36776 32332 11500 27513 35613 42303 10607 37187 24281 2573 31613 36982 42452 24293 13083 24460 5104 1069 38082 15653 8940 7726 1432 22050 29519 5064 43525 6942 16546 21277 29925 34645 3529
2379 64
30711 30792 42402 5470 38825 3552 13946 37721 32722 12267 19363 14627 20449 22667 15073 29975 30234 27185 1991 33409 3749 5581 8023 3363 16489 42569 35725 10576 36538 32728 26778 10738 31419 24534 14203 3717 3933 39532 10680 44637 16424 19026 35259 43208 18441 29582 4143 12442 1591 26175 25362 13034 39652 40578 17257 40269 26536 19104 8730 26424 4480 14025 2179 36898
717 68
18185 20910 7547 19144 23437 27051 9946 39193 24702 1025 19571 40973 3046 40811 16566 36129 31693 14648 44235 31546 20739 17807 32855 9646 41791 10073 23516 28248 6442 20033 42017 31814 43110 41353 20558 20616 28495 39035 29003 6842 26275 24800 39808 31403 33276 32727 43043 20475 26580 34233 41331 15019 38211 36688 33391 21894 29458 34714 8566 25344 16817 23388 11178 15028 39742 6918 8644 38438
3637 63
16046 40705 14290 27000 42756 40720 44057 43263 5614 39206 41925 34491 35331 24242 33658 34802 8329 23570 22168 5592 42966 14497 22693 36908 10979 7687 29112 10971 3228 39901 42859 26807 27365 19730 39958 9558 11224 17591 9806 15977 11866 2972 3470 6584 34790 21047 38488 41318 5932 39612 13988 28913 43216 30901 10402 40245 6153 32467 22288 42393 34081 41987 29059
237 62
3885 30041 32500 4289 11753 20693 35793 1989 675 28468 32415 43409 25861 20410 11153 37965 13452 31481 6397 41099 15407 41914 40879 43647 42225 977 23909 18032 43734 29205 21138 16680 12129 43494 36376 1930 32274 8628 26061 23805 17331 33216 10371 16762 8111 9235 34073 14075 12764 41042 30939 15987 18184 37271 22696 38167 29482 37209 37410 1091 846 29780
2734 62
38331 21296 19487 8114 33333 30636 21660 2734 10078 13651 19563 5830 382 24607 12070 14586 21243 7081 17385 3401 17220 32738 43709 1002 40399 31228 44417 24255 43221 35485 16815 34492 6151 9187 38587 27094 31311 25215 33580 40721 15778 39931 13796 22541 19003 38695 2284 7800 34137 4912 26363 42792 37570 10627 16325 25038 11502 38136 13910 7531 37433 30907
1472 69
3683 17341 16417 11349 40928 26630 17758 25128 4344 7306 34740 9008 5097 10729 25149 12873 11179 13549 13149 13280 18531 13294 19960 8825 17784 12634 4552 14931 6612 41837 26033 33599 4290 39347 17131 24940 24462 22354 43453 44041 41735 43352 34842 8001 30764 24849 29141 12520 35332 1598 25020 22488 27697 20490 27041 5579 13461 25088 16144 35459 39613 33278 29900 25428 36475 37938 16812 28964 12053
3811 66
6051 37964 2423 27247 35954 9998 30108 30022 39104 36268 43776 28351 20998 34381 26131 37666 378 2009 524 20643 28176 4250 38949 4823 28430 17817 11530 5774 38323 16476 26189 4435 36550 19866 22429 8227 31093 12706 21378 31844 6862 30042 42396 5851 5734 34591 9012 22664 33152 35638 8129 27198 16217 24874 37275 39125 43644 39936 20261 21736 1973 2581 316 20228 42779 10737
3073 63
44525 1195 1701 6154 20145 43230 18764 161 178 20066 37108 43367 24467 6068 36432 18316 37911 5177 3096 42038 25442 30626 17069 41280 31853 7960 28682 27611 31574 20105 26711 37479 5928 15084 30906 31932 28067 38160 32483 10435 27139 41550 42001 11580 29029 17178 35108 355 21020 15345 4248 4993 27768 28641 10900 30597 4292 28243 36864 1725 8866 5806 28084
1252 66
35835 30532 16763 8645 10471 30821 28409 11937 43772 7059 13096 42808 25649 1343 22014 27397 3378 14468 578 7143 8689 11651 1620 40541 29784 24000 7763 24602 8990 24996 20797 39709 3110 15271 42790 26386 8715 37465 24829 43171 15851 25000 37513 30070 19639 19821 11021 36624 6576 25985 3664 33499 5939 39777 38831 34322 17059 35453 32513 9323 27927 16710 8624 26698 13947 8571
586 65
39914 17938 13636 30617 20591 1109 6346 34003 37874 172 43786 4042 35579 2323 11852 31686 16688 27396 22666 21214 44114 28179 30655 38864 3557 44553 40073 5297 22862 18670 26929 44017 42448 11015 41732 29483 39970 43179 30031 3513 5491 13423 35552 11461 26180 40500 16524 4197 37311 40126 15382 33731 16403 20179 27305 26256 14805 36981 1328 38180 39947 42036 20225 31840 25001
2167 64
17970 24217 7304 27 14981 6817 20664 35055 33690 26400 8780 12075 41978 27274 16416 23329 9713 6290 17184 35950 2662 2154 5493 36272 36342 3315 28180 7843 14201 7932 21180 10992 34289 16395 2784 21604 32341 27789 8515 23364 647 31371 39337 13136 7340 14615 41404 14048 27408 11969 24494 27352 40455 32087 15882 39340 43931 6599 24923 40808 16312 7323 29548 34243
1538 66
40375 38164 26992 28811 26748 38570 27659 31647 13267 36173 38939 5023 5796 20009 29983 4858 31942 370 36310 39588 24531 27191 19873 30229 24789 2515 42525 18970 16188 41163 1850 23198 13043 39554 25062 34195 10037 30164 14371 7666 21095 40932 6260 2229 32085 33549 21058 33087 34560 1227 26814 18752 11909 17244 17221 13647 39096 12934 37985 26746 6331 37952 19197 3785 9298 4743
1504 66
14243 71 44647 26688 20034 36431 31540 7368 39280 43635 28879 27703 12748 3806 29833 13561 9225 24313 37682 8746 21988 10303 13350 15414 20515 18219 28295 14652 20061 32447 23878 35315 19619 39616 8436 32684 4771 8178 35105 38872 42873 22422 39698 13251 19735 18960 35426 2761 19382 12854 125 22417 7979 29690 35317 44425 27747 32826 9173 43065 23220 33682 21563 35670 28891 18021
1793 65
22093 30283 4625 9258 9384 39832 28124 11541 3991 1594 35741 38993 36751 37687 18677 19736 35573 35871 5987 35694 3533 35724 24598 11287 1796 33337 3567 7921 2104 15875 21740 15713 23824 39302 40790 6392 30480 17005 30778 43234 18962 39495 19580 25380 40748 22584 17904 19359 9623 25107 4113 36880 4999 17346 6878 17537 22553 35789 5700 21348 26908 12965 8045 12544 14578
1949 66
35646 37818 43129 33739 30039 29005 22009 29291 36207 19147 642 22903 39816 19247 33298 34766 9641 39657 6019 21276 9560 35705 5086 4388 4485 29162 34800 29764 12862 14157 27552 24110 25828 13653 14437 268 41675 13457 11067 17850 2252 21240 12920 10683 38749 6390 22921 8272 29462 354 24834 4356 23011 36293 39034 32795 26582 30454 15100 29213 43424 441 30251 37401 18795 6289
2068 58
12367 146 6826 40747 2063 8835 2465 20809 30167 25213 36882 8024 320 11244 4822 44580 1408 15438 17375 9239 39396 3605 11205 22682 42937 8526 1917 25023 1489 13944 32550 21088 25459 32879 26521 37094 5858 11172 4687 35189 23345 4084 5558 34203 23963 11250 13361 22589 32455 28398 13802 7918 2131 22380 3836 36375 7715 29146
1552 62
21392 13620 39437 35901 34397 31331 7829 24057 20189 43307 34991 4590 27532 5954 31779 2854 26510 41655 17926 42087 22943 14799 17090 1213 20275 4008 34923 13833 26556 30117 18687 7710 12551 6159 42538 33237 43244 8151 7437 30970 16479 16533 31202 40641 41145 14180 25880 44734 40283 44688 37644 12708 43146 12420 32244 20310 3768 35379 44609 12112 17508 38111
1574 61
9362 5384 28160 28696 41602 24261 42175 4982 21681 11058 32885 27116 37917 28252 17194 4592 34898 438 17381 33475 36778 36301 20814 41577 1529 16978 36307 34007 17396 21046 17802 31841 24556 15840 8261 4995 30542 22180 21984 33541 33689 21912 44063 23272 14824 41883 22017 17271 10323 12155 29436 31361 5223 4385 17656 31796 21413 19010 13548 14641 34398
4805 62
40234 1062 9754 31011 17794 19995 29613 27672 14050 39592 39010 25785 32010 39517 23215 12084 18659 21401 29182 34854 37627 38192 20659 7435 10613 18020 2212 34032 42462 38836 16936 40322 9026 8532 27308 33821 11731 16084 38283 30863 28853 16067 5148 27414 31393 13379 42629 13580 7391 11286 30139 15020 33103 19753 13895 42545 9928 39545 25193 18806 27143 28308
1356 67
13697 35891 33091 6675 30847 35687 21714 4017 15356 3685 72 30175 34903 43988 2799 20458 6466 43202 1400 14861 3299 27750 39933 691 13255 32027 38280 3232 30050 36164 19469 17362 4570 4658 22091 10121 41007 4560 29659 991 12503 23133 35790 703 38548 43126 20754 7745 39812 38661 6837 35880 18776 24326 30862 33668 21955 2811 14808 39963 39413 6287 2992 39402 18816 7716 21846
2456 59
41611 23668 16130 42803 22311 19833 7901 14556 26059 21010 27353 29828 25109 7371 33975 12111 44655 17721 1215 3958 26306 3184 39667 41211 2195 16983 16039 20580 35647 39831 30033 11978 21795 21974 13338 25271 44342 3824 30494 29778 33457 36866 1579 17515 44013 40128 20432 11260 33741 30430 39353 36495 32438 34454 23679 28059 17833 42354 39715
1315 62
4996 24204 22594 11849 40238 35519 21002 16515 40388 10149 37617 7191 20065 27157 11861 577 44054 42058 17610 3694 659 24254 29628 41717 14326 720 18031 42691 7455 42007 7130 29946 42768 33215 9057 39082 32518 6404 30363 4138 11783 30694 25102 3614 21202 17621 7722 32748 42118 19771 35781 25476 6120 21398 13772 25497 26500 16830 37076 12380 31069 347
3988 63
34835 5431 7067 20416 5015 17436 36255 33402 5411 4877 37121 17789 11920 11378 17066 10705 7092 16758 12812 10287 36558 11187 24463 35104 17513 33962 9489 42205 31533 44552 17127 40509 5460 10600 9792 15109 32755 40521 42294 32506 14337 11786 40533 2649 36398 19588 11886 3210 3795 5547 37321 29387 43417 5044 4312 5266 21461 40 15680 42913 5331 37181 22665
594 62
2301 10493 6560 20233 30851 28649 30118 30313 20746 16753 38728 35031 28672 5693 11693 42781 20053 44608 7984 12157 5848 32964 14574 23920 787 26209 31392 6974 16503 10650 40695 39917 10249 28977 25797 7834 22122 32754 31550 27860 33558 8180 33162 37878 18620 25800 22651 8983 18725 34080 20312 21837 28643 32209 40854 21208 30397 26273 2356 31986 3611 39598
4422 63
4879 39454 4058 12823 32784 3841 21772 29834 30011 6224 19889 17756 20626 17529 42958 20603 20775 41368 11986 43866 13626 34402 3365 19273 38818 14307 31961 41337 22994 6055 3482 4408 35059 42598 19038 21754 2907 41135 44193 4977 17635 3212 42152 20963 14763 1873 21339 35717 6410 11544 12069 27758 15728 6801 3818 13717 31165 36319 7486 11333 20052 27374 4434
87 68
16829 31580 1730 20590 1596 18770 24268 41326 17905 1473 33228 32873 17011 19718 23331 35107 14124 25448 12473 19905 31730 11966 11551 20546 11281 8267 39569 37463 30794 14195 11615 6301 21571 30056 3015 28332 28752 4596 25155 28364 39639 39553 4856 7206 32935 40276 43403 38133 11642 24802 36171 17648 12342 33937 15037 7914 44356 23555 16962 8919 32726 488 23572 19177 1255 24071 26410 25858
1925 61
41523 11340 30552 41682 26907 41776 3240 14091 38353 5904 29769 11636 32783 13556 23827 27095 37557 12993 36563 36879 15275 43254 37735 12792 42213 22452 42527 35548 26900 15763 37242 37655 8812 30362 15288 38091 32522 28412 24184 29497 13233 22489 7349 1658 36792 4238 11650 17334 23523 13071 23077 11681 35381 27715 379 10304 29634 5459 34758 13052 12428
3569 67
31633 6886 28152 7521 19649 27372 14105 1759 19770 36755 35826 28917 28647 34785 331 43014 32289 7953 37154 11832 14413 41339 21621 14837 24900 40476 1751 24926 3782 11387 6662 18450 1209 31027 37941 40788 10626 21902 7917 37924 25542 6690 34280 23552 21457 24967 41777 2299 19652 19276 18522 20151 24224 1788 18208 28757 37032 35164 35349 13434 38418 24433 26643 2468 21201 20372 23299
3824 65
6335 4940 13728 33034 25561 37510 21592 43134 13017 42219 35409 11350 17660 37505 10111 31368 17070 32908 13905 15067 31433 22810 27946 22948 37868 41748 26532 21302 20883 21576 14832 35903 18017 16110 38927 14167 5351 24663 17724 33255 34572 35074 10653 2020 41600 30660 6807 42006 20798 26079 38792 22843 3570 13765 13530 36145 16423 38526 33929 22198 25318 8858 950 29800 43513
1745 62
16442 21098 8068 41003 35439 11351 35883 33212 8954 33310 19242 43415 20940 9580 37800 16439 7836 37724 11472 29178 24245 37436 2226 32413 10405 26102 11772 37407 11981 13822 23884 17167 3996 11887 37994 5530 9496 9822 4196 44450 22457 43970 20239 13183 24208 6651 7024 11204 3017 25666 14199 17078 34855 18061 29569 2693 44673 32958 2011 5587 19054 40016
694 55
8040 43738 32502 37643 13889 26896 30458 208 11694 8698 27047 15943 41300 5207 14752 5742 43700 3004 32351 19464 38823 39416 17828 19758 41205 39003 10814 18062 27045 35133 32418 34947 35367 3302 42412 2531 21380 13763 2969 7428 28999 16074 30557 22284 34130 24942 33177 13691 34499 43512 8981 22892 35995 23550 33652
68 64
4748 26766 35447 27959 10234 23984 16151 34852 40365 1727 27619 29615 41267 29758 10664 20819 21432 16819 38904 10332 19297 37609 28256 36962 32108 36380 8617 43285 32240 3308 20861 13984 11113 32135 1882 25369 13396 7027 27819 36582 28327 40810 6949 10233 26728 34118 28633 37188 23191 23320 20729 26214 39716 12523 31003 2303 21956 19347 34862 33946 12691 14310 35428 40169
967 60
3279 38504 43276 7517 27880 19096 22893 42340 6647 15377 43633 4933 7515 35866 28871 5885 31049 42523 15729 25437 37357 6814 40866 1326 1064 34202 21008 26706 8682 10602 26651 13019 32527 14331 41111 34896 40537 10541 21862 5077 31118 38309 37614 19950 34692 5393 33527 16338 18652 15071 43231 26007 23511 2861 36520 26270 41617 29195 23608 19787
4919 59
13315 17708 6308 27006 26796 18844 36662 26323 35994 29863 34807 29359 31578 32886 17889 43211 43620 22336 2259 42922 40971 35766 42708 40742 21018 18354 36158 19246 43872 7339 23058 31678 21857 12301 38956 9408 6495 8777 25198 33878 5677 39462 5403 34799 27951 4621 28039 8091 44020 41192 2928 14755 7353 6334 22119 7729 27751 12769 31225
768 63
23549 6892 33515 43068 39473 23145 7895 7503 21286 16687 19766 32446 32545 16311 35084 21220 43186 597 15155 13184 2705 28997 33452 26490 32910 18549 14689 42381 13516 43162 14109 8891 24048 1710 6438 32825 36829 31729 16705 34109 29885 14897 3326 19158 15600 7614 19797 30613 23738 17556 10885 7809 2707 41251 26449 17074 24859 23428 6186 44697 13012 23591 31441
