391
1731 10
12327 64471 45223 56343 60890 3419 95203 38720 77576 48560
5717 9
46223 71190 33365 37602 828 34404 61661 29378 23827
3436 10
81552 41751 58862 45468 94387 45819 46185 21970 90958 36867
1980 9
2179 40659 77666 96603 63452 34094 59190 80534 11281
23047 8
85144 59294 41740 2416 9746 84466 88784 70483
11844 8
92908 37635 3844 40663 59239 27870 61737 16988
3861 8
33727 47834 24639 82448 40869 78121 77960 54658
16478 6
91906 53345 82387 12807 29471 42572
1999 9
68379 28716 12736 70422 51236 12165 61793 3149 53990
6035 6
85665 65852 71620 17256 10901 48185
6036 7
15071 42424 87747 72610 84577 6798 68995
20450 7
7393 16440 67789 81057 90049 25669 81034
6548 7
79977 17972 77018 54958 70118 6729 41983
9207 7
90295 76956 50815 11917 39497 75757 79572
205 6
11136 15846 89764 44752 93871 24090
4077 9
42404 91196 61256 78376 16310 85611 27019 48995 5035
24821 6
81031 11639 32662 7759 84819 83060
24369 3
75426 31792 13105
16895 6
16875 49391 6586 56444 47242 49002
20327 4
53316 20476 23152 9681
9645 3
16141 10190 57511
25876 7
46889 65352 51553 15752 82655 39468 15193
25556 7
59336 6109 70704 92384 32577 44414 89758
5763 6
68540 22330 42531 22672 86030 44162
5972 4
76032 22477 26090 8734
5537 6
33121 21491 62370 59120 48022 16668
28803 4
85153 71906 79159 36824
26384 5
60815 41064 84030 65202 30789
17954 3
83776 66451 43862
6912 7
12040 48224 51715 52043 93076 16838 30482
2897 5
29454 96260 83924 58243 94109
4955 6
68643 12454 9672 41881 19194 11233
25057 5
5388 54275 39273 10414 16360
16162 5
17820 50042 54366 57587 71838
2244 5
41528 19582 57478 84850 69459
1308 6
45630 53284 92121 16257 28241 20031
9808 3
19443 18026 27983
9508 5
25136 76479 42950 90658 64633
15296 4
58775 53033 39545 52954
28902 1
72463
2506 5
33071 32398 55933 72486 32227
20001 6
36305 45335 80452 69959 64534 8034
8907 5
84979 77880 46820 72780 49659
18989 3
3011 3251 12059
12359 4
16104 77411 49832 90387
7123 4
80871 81980 74372 95177
4901 7
27378 49579 45433 56099 89027 88064 87460
4247 5
19460 2827 86466 94382 21794
4824 3
43951 25873 95214
22123 5
85566 51344 10150 28226 32319
6383 3
25868 88249 30738
16274 5
62000 19646 13154 79719 16140
5970 4
72791 51873 4760 39602
6554 5
21343 58286 88708 84866 68866
14935 2
68103 82970
6355 3
3610 44790 77446
1776 5
15283 42998 62977 4658 30043
770 3
5741 37054 93235
22948 3
31663 18248 90885
8017 3
4984 48050 57414
783 3
43062 26164 42431
4483 3
73313 52531 25334
6530 4
41305 52584 56430 35744
16207 3
68558 15962 75001
22700 3
83261 24390 21405
18774 4
1071 62627 70989 28260
1343 3
12706 49476 63147
6128 3
57144 18696 68769
13817 3
32354 89784 17076
716 4
94908 1415 47003 74789
5758 5
41002 44720 1400 263 57741
8934 3
37289 60389 2177
2705 5
58607 7967 51520 63741 26077
18787 3
43415 86641 40844
18286 3
31393 48373 52265
14907 3
37011 15548 88715
9668 3
4398 24323 77378
17607 4
35448 63909 32692 81590
6105 3
13157 6777 47915
7886 1
92440
18372 2
67995 83456
2038 3
49890 7229 38546
6726 4
77282 25571 62359 65909
28774 2
21242 70193
781 3
69597 15171 31441
12497 4
34703 93918 12531 55606
25885 2
49877 73474
14488 2
35441 86838
6879 3
69301 13255 47101
22883 3
73374 5584 15145
29115 4
70115 25684 49956 90380
6090 5
8385 78283 75164 19739 36884
18223 1
56536
23017 3
20703 29766 64216
18793 2
76180 2838
21327 1
12467
28654 2
21005 85816
22450 1
11183
23336 2
21053 29467
6586 1
8169
1475 2
52789 35536
27144 2
29341 70175
20461 3
82773 42113 11416
4358 4
70980 3793 78808 59314
7577 2
69825 52277
28579 3
65240 23217 28604
5895 5
11704 4673 44234 19684 82041
19712 2
20844 66057
11614 1
17961
14708 4
54583 58970 5241 31546
6182 5
25910 21918 10773 3072 89727
11380 2
28231 65887
25458 4
66960 74586 43504 22278
1327 2
44646 45984
26298 4
28344 64393 30820 80220
3930 3
87839 5798 4142
11317 4
38334 57786 10274 53315
16409 2
53780 71502
3230 2
32642 65797
2452 5
89055 33569 36992 67701 78551
15027 1
56244
1720 4
47830 41524 9713 19320
3842 3
9708 41672 82966
546 4
93319 68342 46136 9060
15518 2
72379 55891
24443 3
49765 62604 51019
25271 2
29185 37189
2816 5
88166 53068 86974 86566 32648
1470 2
49407 92847
3201 1
25938
19640 2
89667 27638
6893 2
90506 25378
18334 2
38974 43052
25268 2
76649 45443
6304 3
42821 55544 91265
1246 2
64923 64607
25886 1
90419
14222 2
6567 18797
11638 1
76177
10409 1
65613
25335 2
69074 61241
18497 2
54895 35377
25173 2
13515 63320
537 2
51327 89518
5594 3
87144 77400 22566
7319 2
74905 11019
1229 1
83475
1774 4
32532 62091 29818 5867
6085 3
91901 56425 54707
137 2
71737 39132
4226 1
42028
16036 1
95561
16253 1
86322
18326 1
32429
18514 3
37277 83031 20633
27809 2
32070 57231
3716 3
68121 24904 93011
6256 2
18869 73578
24644 1
34419
2786 3
37299 60423 34680
1396 2
89197 42686
13762 2
17338 94793
27248 1
45458
19312 1
10340
25558 1
63318
13699 2
94224 49591
842 2
88612 72166
5266 1
32397
2410 2
1192 5329
25926 1
92778
26656 1
70959
10235 2
73550 78100
5879 2
10206 42816
1026 2
89053 18421
27401 2
63061 43732
16817 2
48280 71989
13548 2
52694 85405
52 1
68466
244 2
18091 18638
14111 2
2963 11117
2887 2
86666 47404
4738 1
39697
20554 2
58486 54010
14734 1
39759
156 1
95887
1925 1
63042
1730 2
86396 35677
6727 1
55254
13674 1
78841
738 3
34578 39689 93749
2318 3
44433 3480 43175
13182 2
9232 56097
29074 1
47247
8265 1
25262
23190 1
12587
278 2
41453 54739
1187 1
60903
18825 2
81223 88864
5595 1
65
21420 1
17250
12078 2
84119 53509
3194 1
14974
4780 1
1016
2370 3
76275 12203 89841
1478 1
55543
968 2
11784 68974
11526 2
66991 11944
1840 3
4353 25419 90493
8747 2
58608 53469
10872 1
81242
20191 3
54862 4567 25187
27895 2
44749 19023
891 3
65660 87548 17707
453 3
46128 6932 57631
12821 2
18401 58710
23708 2
42957 40439
1028 1
95358
2540 2
32100 84437
1120 4
24370 85735 27146 46496
6201 2
66186 29348
4900 1
73155
8072 2
35470 91069
28054 3
93290 18467 61768
28513 2
73205 56750
17566 2
58158 35439
6074 1
62186
26949 2
13272 21078
9402 1
7781
23198 2
22146 47975
25349 2
94521 77679
10897 2
22490 58037
6202 1
27616
16740 2
36640 39172
22274 1
69096
3999 2
18561 13140
5460 1
95285
17675 1
7944
3021 3
84544 64029 95583
4619 2
51703 82396
14838 1
64683
26462 2
53730 90456
29267 1
53716
10415 2
65795 19117
3250 4
78123 13703 56904 20509
14983 2
66736 63883
2398 2
53850 62134
6456 1
87951
10167 1
66727
19048 1
72200
2236 2
43342 40592
13690 1
94060
4287 1
80798
26552 1
28388
3688 2
20586 29714
5935 1
6974
10993 1
20278
1920 1
30533
15971 1
95793
16661 1
14622
27700 1
94957
5042 1
53804
15926 1
27639
82 1
41340
545 1
11623
3570 2
20006 24245
18757 1
50198
22203 1
95759
77 1
87357
1739 2
71154 75384
21405 1
79080
8654 2
39359 26557
12309 1
89511
12798 2
86304 52299
2604 2
46578 96552
18554 1
80823
2803 2
3641 57209
28464 1
16109
37 1
19942
5665 1
87149
142 1
23629
4857 1
9341
22537 1
77593
2863 1
65644
2873 1
69383
5885 1
37483
11351 1
65651
3314 1
71288
2420 1
5962
15522 2
82426 62905
540 1
89245
29161 1
77797
21539 1
86099
661 1
62252
4850 1
68240
3735 1
59210
16909 1
42008
18498 1
67426
27250 2
67708 35797
1483 1
23407
6905 2
46632 65228
1434 1
52900
9781 1
86280
6013 1
5750
13399 1
57625
26135 1
37901
1413 2
88949 84393
7115 1
71071
10957 2
45744 53672
13225 1
33717
5324 2
8637 65982
6143 1
80880
9293 1
57688
990 1
19093
22283 1
73507
3376 3
79146 30538 16966
1595 1
68371
2298 2
65094 18352
1016 1
9942
25542 1
3484
3518 1
78754
4306 1
78791
18717 1
8513
886 1
81160
5311 1
80600
27560 1
8689
21697 1
642
4371 1
91685
18968 1
15861
26942 1
29063
3931 1
68649
20130 1
29105
22677 1
34546
1328 1
48327
7016 1
42739
25273 1
1639
11163 1
94996
2993 1
85900
7042 1
89454
12858 1
11734
1777 1
64650
22050 1
15229
22545 1
78771
26830 1
14048
2834 1
54957
4776 1
93128
22813 1
53560
26850 1
48904
3054 1
84924
3703 1
78708
4993 1
24065
4232 1
24263
17 1
34981
9216 1
9825
4403 2
54599 54261
21764 1
48081
15299 1
95267
196 1
78524
4307 1
77825
2522 1
83352
23531 1
16152
5262 2
7367 22079
22447 1
36175
999 1
58429
4918 1
92860
9575 1
57828
5440 1
41616
2877 1
52751
6196 1
81832
8255 1
48843
10947 1
18899
6018 1
73735
4208 1
45627
5788 2
42100 76311
14548 1
76142
15506 1
62163
3937 1
84560
9581 1
25624
23159 1
92428
6902 1
46928
3432 1
74733
1153 1
3537
6376 1
94250
4505 1
42012
11382 1
35777
15247 1
919
4004 1
94896
18316 1
40640
21326 1
81285
860 1
78068
18584 1
13452
2521 1
17803
