296
4617 145
18213 23635 16171 23480 34773 32416 5096 3591 30962 22238 17702 12681 33155 21853 19770 27244 40355 34432 4285 24397 23929 6017 26472 3957 34358 33793 2911 5026 683 37154 34282 39533 35016 7217 31313 37108 19659 8778 21024 23780 15962 8350 17954 29159 22017 38750 40923 37123 36259 38688 2573 38541 34859 18368 35391 563 20280 1903 29210 980 33855 22241 39375 32318 21898 2723 19343 7166 36755 24265 1750 5534 994 17638 133 2787 33065 33587 36741 23530 33905 35959 2234 10457 36294 5852 40902 15191 26076 1042 18308 9900 24440 17529 5067 25124 26956 15303 2930 11558 19242 24533 30003 38035 9454 7020 35671 35516 25472 30012 26797 35028 33252 33403 12623 17764 37047 21480 1101 20234 19714 14597 14265 11052 22969 5506 25924 2510 27438 25288 10150 6460 7984 34171 41250 23197 3646 22140 17934 41001 13413 757 8983 31125 8631
3624 31
25130 20616 25017 28265 4468 6169 38344 27872 36091 17418 30986 34645 172 23624 21457 6670 38985 32439 22224 24304 26731 4790 36006 22589 23460 1622 28579 32587 12857 17986 25685
1325 31
18229 19280 35079 21847 542 5215 11613 14678 23878 11726 21922 18799 18891 27992 3357 16646 22112 32920 6449 20098 12972 886 8429 31278 30263 5075 7280 9313 1314 32188 16226
4948 31
40267 21548 10019 5070 7145 17170 27578 21799 30766 16541 38963 7990 33626 15491 2943 25958 29330 22686 14972 32695 33761 3493 29597 6660 40526 40754 14977 28763 16567 30242 32312
5529 31
4106 4437 2746 20059 11585 25413 13711 9887 30780 36235 1613 5960 1539 6009 35949 10274 26763 40694 29407 38264 38845 25267 33891 34256 9043 27091 19885 26801 12398 12459 35646
2276 30
22904 16012 17722 15536 7507 10918 41291 3405 40089 25313 21243 8958 24864 22135 27862 16714 33876 7495 11003 32913 32650 6186 24031 33090 21392 37306 8866 36986 4720 34963
6604 29
27771 28914 7763 41316 26978 8029 20007 41381 13017 25329 4041 35219 355 36832 17739 34590 14523 12103 32821 27961 10004 707 469 37130 5423 36867 28024 1560 34927
689 31
25540 21930 2813 18725 29368 39162 16702 21862 13831 28627 10908 24684 19975 16163 29417 4852 1376 19827 11222 34885 168 3840 37974 31580 20395 37922 18902 36120 21846 35991 10708
5673 30
34612 366 11611 41233 9124 7711 17323 36812 20106 4949 13705 31307 36254 5828 38228 17813 25508 4821 6762 16757 5239 9369 5083 4582 35898 20573 8128 11689 36564 5145
5209 30
13306 36520 497 23841 33002 5415 1734 19594 37630 26194 25951 25884 38332 6458 8976 25064 20056 14722 36795 31440 5024 31191 14190 13420 21295 3622 39291 38168 11953 23378
821 31
30283 9748 8754 40014 36876 11875 1521 18647 27680 27251 12472 21708 153 12684 34101 1654 15987 25325 37138 19447 13245 20017 30473 38272 30215 18124 37364 18450 28873 145 40590
1889 30
4421 27745 9562 2772 5088 17676 5482 4523 37976 20836 12380 15210 37776 10155 33405 14923 15337 35289 3868 24763 23102 1373 12127 10465 38036 23579 12447 14194 41267 21459
116 30
8274 19239 19244 31101 28294 491 3324 16086 17510 21972 33312 16117 18694 40715 20983 35252 24282 20331 32714 5261 24355 22365 41229 22759 21714 5930 15624 5986 5518 20505
1704 30
1461 35126 13672 16942 6223 15513 3738 4707 21794 9443 7149 18943 3119 31595 31503 2975 25306 36019 29916 40916 23054 29220 21857 15257 32814 10195 7513 23428 19300 2322
3833 31
17047 2459 884 40484 40575 27549 31611 22346 19030 40462 31196 9331 5115 830 31100 22868 33575 29798 25261 23563 894 17966 14627 29093 26779 35904 3153 10087 40977 32502 17575
4704 31
36819 16983 17870 11552 11602 20744 35148 37103 19465 7565 9343 13269 40337 9203 22552 35187 9419 34541 9656 40880 7330 27737 30110 12341 15259 27111 29116 34267 23487 20233 9178
3292 30
22944 5049 16235 23693 13318 35358 19561 36945 36114 34281 7556 3476 26257 9879 9090 18393 25711 26443 28736 27212 19925 4591 16794 61 8971 39825 31372 12236 15693 35727
931 31
14753 15888 34309 4736 5516 36743 20877 8335 7462 39184 13349 27752 13 19667 9188 34820 33942 19529 14476 37639 125 22843 40311 4943 26436 18927 33024 32269 32766 38520 26105
1489 31
17825 41223 13536 3460 21515 25373 40953 21805 25921 36061 33937 5563 11797 17598 41041 727 3436 29126 18466 8473 21135 15750 32307 33622 33149 4644 13400 1559 40128 16189 29983
3387 31
39202 19882 14586 38962 39515 7821 28095 17261 10325 15851 40684 39480 10273 35347 13120 2478 30569 4499 13258 31491 1318 28179 16720 16266 30036 8933 12541 36086 5262 27863 22840
851 30
7904 18219 12537 37045 16824 21909 36618 35031 2674 20062 29971 9590 2358 8633 24757 13514 6502 27057 25973 17923 10829 1428 2750 23775 23792 29230 19105 28337 32960 5424
404 31
17770 19962 1160 24743 21449 3901 18084 27401 27027 21116 9348 11050 19821 37080 36414 25367 12270 7124 25771 22715 5717 17103 6251 21771 38731 38775 20526 27800 29182 9379 30745
5744 30
12733 24045 26426 5780 40819 16985 30542 6795 12819 20696 39468 11615 26615 41372 17855 4458 39308 29842 23966 37877 40033 40004 10810 28874 15459 34211 4266 2900 37474 27818
4153 30
27917 9163 24391 11289 28798 26104 23810 38646 7273 21775 32255 20861 30645 25683 16478 1605 30755 802 12888 35482 13238 8030 10400 28391 28507 16878 9097 36894 37698 14350
96 30
3727 16200 5242 15275 33800 39612 25802 29696 21438 4469 22988 25283 1834 14285 26916 24124 35951 4948 13138 6557 19619 16215 22041 16343 18375 32833 28575 3822 53 37547
2730 30
29316 36803 30113 7721 39541 22592 18732 25249 14742 36744 6386 28895 9234 40139 22765 25610 27171 25894 17867 34960 35794 5100 7783 4951 13645 11178 34880 11377 24034 1405
836 31
14819 26984 2816 38123 6943 7735 22641 2095 14315 39103 23027 3795 14794 30153 31510 29793 25431 19272 9661 29938 12829 7773 5364 32309 14920 10347 3603 6690 34248 37810 26867
5967 27
5690 22294 615 17294 30922 33198 3851 39905 6340 30698 35233 32486 29289 4019 7440 17913 37144 3282 28335 10580 34843 9448 26231 29911 18371 13064 12882
2739 30
11708 36722 375 31925 24532 30106 22761 11921 1091 9381 33110 19693 15125 23519 26556 16158 20034 4353 15416 32656 2007 25071 31560 29005 12764 22998 23064 38164 37349 17371
2483 31
896 25247 15453 26453 23313 37444 3834 31398 38979 20902 15386 22737 570 17616 38785 15100 8485 9582 26858 36666 5231 6721 19173 24948 14402 36500 29758 24179 13199 10329 34558
6759 28
37571 14919 12589 11076 8017 34711 15698 13441 40460 1851 28706 17938 23816 2206 30197 20645 37625 26930 484 13637 10711 29234 10884 32433 9510 36983 23087 40428
5027 31
29591 29972 26543 18497 29646 39716 33012 21937 25840 27441 5705 23943 8557 25976 34576 29635 14234 26835 13481 38945 1828 1219 2195 17086 2311 26959 17892 28517 19099 8533 20839
2416 31
25881 17822 18662 23158 36390 22594 26680 30810 30518 17802 19803 14888 37041 24492 3867 40389 21088 21281 28422 39867 28963 29090 33114 21569 34670 3441 6433 32168 33706 31967 32404
570 30
22881 37601 10208 15147 21050 21670 24419 25953 32239 25830 25855 17649 27908 13060 6220 16458 1018 24561 16634 21354 12573 1412 10430 7625 36033 41075 7420 33214 14989 16756
4166 30
24429 4080 35265 7793 28116 7591 5891 7125 4215 12705 2096 32974 3698 11605 14009 27211 32815 3773 38754 16935 1907 36774 24724 36839 9248 14869 17322 6755 22031 11840
4309 28
14015 10976 12760 32354 28646 36084 6323 14248 15947 24256 2370 6416 41039 26188 21587 33135 22965 8000 8007 15578 28454 2145 29492 29738 27409 8432 8747 2954
5553 31
13283 38773 15282 4881 5454 4103 906 39232 5749 36682 27451 12376 4388 5823 17142 22123 21123 10425 28152 37049 7643 34687 25046 23234 7854 8467 21173 15183 18619 7713 10674
4666 31
3421 17628 24551 16291 23765 13402 40488 24699 29357 26897 35294 31906 11566 22085 372 17357 30710 19069 32681 24986 5942 21444 9466 30505 12360 40706 26519 3239 8990 37657 31498
2688 31
8542 35836 19231 4678 39224 39051 27414 15349 30452 36638 28931 38767 11319 33474 10914 27082 6170 40161 17347 7320 35250 15299 38462 28096 35507 14371 21218 226 29838 11519 5614
1978 30
25785 21720 30733 5557 11944 34791 3480 1374 36349 16962 5174 23260 41072 7875 11647 26840 25150 101 7872 30964 9355 16871 13440 26782 985 37162 17724 29299 3759 37868
2970 29
13217 29554 24084 24149 32343 30950 229 18015 27423 35877 39490 31111 23506 9499 33719 33459 30437 39946 9515 17124 649 29460 34924 10469 35616 8774 26013 18301 13449
3312 31
14452 1583 29334 19468 18127 34518 14685 27642 16554 6205 24272 23694 33522 39071 26693 12187 37524 40291 39681 13747 31574 959 35942 31300 33393 23560 18261 11266 37119 30149 29402
1956 27
25382 28824 9077 4260 10137 24316 14012 31854 630 34551 40900 868 7345 10620 19512 14329 25606 6747 34472 33601 19271 13063 28543 12076 26548 8020 2769
2217 28
34135 39203 31899 18989 19906 833 34448 34920 24896 22830 34530 7929 30974 24343 26198 11347 35750 17486 8278 8144 8404 15360 15 37819 10428 16261 40704 164
5704 29
13817 39536 41351 9569 17083 20915 13660 10446 23216 31497 13594 8283 2068 40734 34752 7199 33323 37182 30646 10159 15214 22551 13374 40472 21371 10346 18212 15233 38325
5129 28
28678 20809 15348 40690 37033 1087 4154 23129 29575 26526 40915 39023 1395 258 23110 8904 12239 18093 30028 31780 10571 33716 18275 32236 18642 40065 40427 40676
6792 30
9891 23346 21118 32657 25656 23809 30470 5316 19498 32018 1598 33537 12269 7196 40903 37916 18995 2806 37452 9365 22 3428 30199 10451 35813 2348 36076 2361 19983 2790
1172 31
37593 3874 36298 10029 25304 5453 11061 9364 35335 17826 32362 41062 18390 4541 10909 37939 35480 12939 18200 14708 24229 22280 24744 23731 13451 34443 143 15509 10158 33818 19110
828 29
6102 34383 36730 35205 1768 25178 34430 35201 26900 914 265 31639 16204 31377 12799 36367 30284 6712 39939 32274 292 25418 950 2734 10710 37761 2587 16840 24709
4443 28
18511 6059 22857 16656 2898 10031 30685 30114 17147 15909 31337 35900 11463 10723 27550 22622 39487 39842 16252 25731 3587 12445 23093 18328 5760 17222 11168 26110
3785 28
5776 23683 4806 9502 9709 24957 27384 5336 5883 24450 7952 27378 31822 15710 20700 7339 41350 7421 7351 21377 8201 11088 8874 33981 25206 36525 31241 26464
3667 29
18150 23687 22567 15589 28868 49 9147 8685 178 22132 20717 1212 18354 3588 31891 32558 24612 19818 35315 32047 22798 4161 15812 14641 8959 30998 33646 32561 29642
6221 27
6008 15256 16585 26032 14595 19161 21453 12858 18083 14851 10551 25751 18872 1131 24754 9749 38062 16339 32906 33424 28713 18398 6933 12173 17636 4349 16614
986 30
14442 6387 3471 36040 5652 34788 32109 5770 6266 40270 25903 38408 21743 9586 6421 30319 38278 10473 18290 30525 22607 12897 10631 7954 16594 16737 26417 18577 31081 27886
4151 31
5773 12841 24194 7861 7414 28991 36539 36028 29448 3004 29903 30380 33014 35322 27988 20768 15092 5408 28767 20500 41134 14735 21317 6227 26962 16828 16211 10985 23847 33204 12629
5479 31
2529 8413 29564 34255 19247 11073 19027 10807 17911 26989 27893 15216 13109 22154 5987 25626 9303 19286 13194 20144 39419 23980 26248 35364 22144 15372 26608 12647 38656 20149 18809
5188 29
27605 39205 9256 26942 18675 21474 18309 32822 33007 13107 25026 25371 6600 21212 23205 2637 11237 11856 7720 4402 9012 5958 9933 12706 27906 21629 15739 23996 36010
3502 28
14999 10083 34045 36984 37291 37775 3671 26833 7752 21273 4813 5225 38509 6243 11952 38504 10287 12139 38329 2500 5967 23449 2320 37748 37740 12702 37260 41279
396 30
15444 2560 16498 18661 9081 40492 16188 34270 21082 39520 36334 7067 28954 5250 31553 18245 32871 5011 26411 10516 39447 20694 10974 301 15307 28098 7476 2845 22601 20684
912 30
3665 40806 15837 31226 21556 7853 23034 3 16216 2414 23103 4444 39180 28570 1738 37210 32030 18861 39594 39882 25662 7388 31179 8957 26054 22502 17623 15155 1274 24306
505 30
29163 21179 21517 27517 30483 28161 40063 23162 30626 33268 16861 5137 20291 39883 32948 5616 14554 28886 20689 10323 10569 1722 34789 19774 2942 9846 2998 10615 18031 37999
2348 27
29602 40729 6165 35057 14251 27880 39664 32112 4773 2508 17718 16762 37268 21834 1951 10199 19374 35283 29301 37804 8693 17333 37105 14928 25339 40040 3484
4597 30
20984 10404 3776 23464 27062 10691 27038 27364 38118 22406 7056 20911 34249 8509 36419 9268 4686 40805 18432 19585 32198 32797 24735 34706 18365 19259 10343 34438 20257 20014
5402 31
733 33872 39796 34962 35351 15676 34889 11892 40297 40862 22122 25036 25879 41004 32977 7506 29077 16485 3463 9596 24314 26935 9827 21897 15041 4128 9255 18446 29086 28164 11512
5075 29
37039 11750 40766 7678 2001 24387 23356 9412 33027 7880 34890 13300 38847 12240 39088 26886 31405 19623 3113 7739 20970 39671 32747 37150 33208 8239 17273 38457 3156
1923 31
12606 22286 34522 4620 29200 10514 34258 27614 31634 27492 14384 1767 9755 26336 16612 38333 40983 26276 6206 3287 19182 7488 24566 30379 6300 18342 9177 20279 37700 1855 240
6845 29
11740 4341 5728 7537 28342 13844 7850 31996 28461 38537 37087 14270 2384 2978 23986 10307 1637 15411 20848 37797 3709 18971 11683 8109 12617 29237 31259 29852 23082
3460 29
40596 1994 16725 15433 19442 17634 17968 10420 6044 30273 41058 34285 11964 17409 32284 32512 31048 29957 29153 31796 7377 15450 5951 24579 8761 9712 7385 35912 39682
4840 29
35726 36107 26624 31866 36600 21164 33662 37410 5590 31642 31444 24528 26000 15407 27377 9275 40424 21316 21691 21416 9970 26873 14179 25423 14987 32050 7809 36146 22337
6579 28
9921 30916 2137 14720 3932 6284 1625 9294 32723 36467 25289 1226 15826 8051 25299 14363 3704 6552 38548 18762 28848 17494 15890 18420 32872 19890 17410 31844
5875 28
12174 19190 15264 16895 21709 3508 16119 29157 31066 28241 37990 731 29336 37024 38783 21336 20026 37209 37618 6494 33134 18543 2424 27551 1168 7998 26499 21319
243 30
29309 10690 23532 38200 39832 7550 39738 13872 22480 7525 18300 8252 1693 38498 4040 25944 11442 39486 18256 24451 19824 15679 29664 19360 10503 21681 26520 18218 33897 34130
4762 29
16540 34708 24494 12636 36669 34581 34076 34694 25246 37849 40913 11851 3301 15301 26722 39439 8853 29458 37981 40120 25308 40010 35058 14173 22198 7746 13358 21887 32275
5830 26
5905 12974 24400 31068 8378 17007 11345 33999 34557 34854 25284 23877 36018 14077 10471 31751 5989 34988 29926 38201 24350 18288 33130 33650 23709 31292
2204 29
13653 2844 34698 32501 23253 14808 31527 27506 28683 893 31666 30617 8757 36075 35438 17839 35422 23989 23171 9624 19327 37044 9512 10127 10234 25435 38925 16493 40524
6728 27
2033 27937 21376 455 29138 18937 21571 15112 2859 37896 12024 24539 33263 5400 2393 1104 30386 38788 12960 18827 2338 37149 37420 1319 22643 16373 16448
1005 27
3976 4706 4645 13561 31324 14588 3633 35660 29732 6559 7174 20413 7089 4955 12619 36822 1757 4185 7668 5744 2139 31271 7785 8364 35995 39063 24201
4719 29
24022 23656 33742 13302 5863 19850 26139 11855 18744 28538 21802 9836 23073 27434 1668 31590 2688 18133 4606 6033 11495 39037 6456 12936 26296 33173 12837 2025 9788
877 29
37124 10608 2541 27458 1527 20944 39920 11293 38601 34495 40082 26594 15960 2026 29761 4467 31734 20097 28484 4639 25057 33938 35929 34755 24471 29465 24420 23991 27329
881 27
8452 31714 15294 20760 40380 7819 38521 14437 15699 30493 28650 27995 32987 21049 31368 22229 23198 15436 6571 5202 9321 38424 24508 37070 3924 24622 11806
3048 29
19531 1520 21141 16952 31833 12947 10091 8454 21900 21241 30274 39435 1585 32000 17875 4065 40028 22673 19199 28569 19637 20841 39799 14174 29683 28326 29000 36088 24348
5379 29
16506 10957 12678 22111 1790 37959 16849 34363 31038 35366 12659 28281 20680 11108 18644 36093 14160 40164 17368 11934 38753 353 27359 29980 10050 4725 28882 26264 24484
976 25
1110 24813 17060 29239 39048 41202 19845 21 32187 10261 35511 684 20521 35470 26395 21400 8868 2280 28958 2408 15022 3685 26745 34157 15876
1220 31
31356 8037 29463 15331 23615 11136 39508 28697 11730 28633 26517 21519 2683 32653 9064 17295 16932 15724 10264 35560 16248 20265 9441 15580 2054 3002 11155 4191 11559 33123 3690
3671 29
8748 35120 2711 10217 38482 5413 26456 5452 7141 15263 36929 11242 844 26975 9000 26346 37110 8 24083 38694 25842 18012 23362 24777 12553 10028 36469 22873 35701
5238 28
2761 12955 4309 18806 39694 17420 15671 37723 24381 9835 29428 12707 5218 17742 19974 21053 36999 24511 30 23048 40528 15945 17517 14740 10627 1895 10505 30935
6053 27
3344 31582 27041 28720 25211 22654 40255 17030 34314 13535 33122 11498 25452 34635 11598 2357 21071 15244 373 14809 38089 12037 37437 17005 32124 10394 14327
361 27
6537 19258 32157 30071 24830 31505 8164 3638 1193 13762 2635 28807 28801 28482 7704 4 38829 4824 19857 16522 27523 21801 18059 20590 19344 18623 25601
1925 29
12496 23916 16721 20287 26776 12646 8262 35797 18853 29320 34092 10892 12977 31015 12983 40150 13256 38218 2600 34253 8596 29947 30345 4863 8572 21924 38606 31794 39891
748 28
32001 15070 2566 32384 1132 29125 23353 27671 17058 32273 14654 37279 36458 18919 31426 39172 991 41362 18460 5114 4079 15236 35677 17258 15126 18698 30963 26052
3357 28
41045 27134 32169 4952 431 20532 4560 21128 14859 40363 30942 31013 38944 7634 11423 12884 15778 10872 33774 18271 9554 14747 19828 25864 35633 27204 20813 13183
2591 27
38107 16846 26259 34673 18367 40782 28539 29854 20223 18135 33903 40878 37274 10977 22059 27366 27960 35838 1099 18037 17914 17869 7787 15848 40410 24212 37619
398 27
17203 25747 37295 35569 15629 24793 20416 5719 20522 32324 40946 40426 11801 7097 9961 17177 38641 21704 35488 4520 15636 39639 9507 24117 24517 22455 29661
1247 30
39751 7564 1030 28125 5539 10747 26774 16030 7515 15927 20822 18668 20072 27772 23639 38508 17364 25895 24153 3827 7120 38130 8190 22313 5429 21256 271 37466 1941 31091
2643 29
98 20454 23567 13581 26174 9278 38682 4654 10903 40557 16730 8024 180 27602 33605 18830 32247 25095 12982 25408 40890 11909 21547 5374 12552 17639 36110 28944 7546
1867 25
41124 12667 32096 13914 32057 8478 4983 26083 36849 23066 31792 37385 29413 4575 14453 16292 29583 37195 5384 39360 37655 35164 8215 11557 34937
1523 29
4116 18593 21270 14450 33270 20219 26494 30770 40569 6020 11143 12534 40457 39361 1731 20850 13610 32186 19852 30884 12806 10938 1151 26167 26300 10324 27563 8818 33344
3174 30
9053 15971 37339 11110 40176 40761 3654 29259 21754 6068 11203 32954 25453 22268 36805 40844 3570 11115 22165 33196 35356 37500 22178 3430 6294 26178 8873 18240 10732 29580
4402 28
15277 40140 39030 16706 36495 501 28721 23477 25935 11236 32151 20271 28770 16160 30572 14288 15079 6761 12488 13235 40205 18447 26102 13412 38294 17578 15380 16243
5438 27
33186 36194 22728 39824 214 2835 6544 33594 35969 6427 34218 22501 26495 2997 37341 19008 15894 26792 18910 18066 31829 16064 11997 981 34982 22129 17436
1876 30
27293 4221 11334 32248 19612 29263 24359 19603 39766 27845 28086 39099 37400 21455 25165 34289 11690 19048 28941 31711 6390 9773 33057 40689 8829 10880 23345 28150 39888 7902
5612 27
26318 39092 35017 36304 12810 22987 18408 36687 30256 20989 920 26372 38441 30021 3516 32196 7482 6560 39523 23222 18541 26785 40745 41393 19266 10210 33698
1916 29
30289 8567 34275 20655 12745 18221 12407 17092 9328 15305 22254 24912 26645 29837 22616 16654 13036 26904 18912 37373 36355 1231 6760 40678 17862 18401 32702 3434 1616
0 28
6466 39627 2519 30329 27814 38317 8254 760 10611 21259 39400 35141 21337 13089 1008 16550 38672 13162 6722 34646 23676 35953 23401 21763 32251 36265 25739 32366
3745 30
18816 9615 40517 27120 16572 22180 22889 36338 39420 29582 23186 33170 39056 10212 14496 25037 40692 19837 9631 1577 10174 14876 16729 10998 34163 34014 40721 31691 25132 2155
5735 29
34404 18800 40130 22321 40583 34300 36972 8100 21042 590 10613 33358 35295 1449 24198 28922 28102 14547 28787 8476 10830 38009 17612 22392 34055 34235 7997 39334 26058
1933 28
27190 37964 14717 18123 16363 40022 32306 31224 34122 41240 39993 12145 3196 19189 36693 2663 11819 18818 26302 18865 39059 38219 32749 32851 3707 1815 33638 28486
5083 29
3760 8593 20309 22429 545 21502 19019 15652 8759 4897 1163 33388 30739 13598 25948 24522 35021 18876 32989 30524 2366 30954 1932 33192 1213 15034 4286 29430 18763
3836 28
37901 18359 1788 7607 5474 27645 22856 5833 26655 10071 3348 31509 26718 34420 15391 5171 1361 24520 29734 18874 28645 32383 25856 23779 39129 25442 40019 10887
5739 28
20923 7198 16411 40592 17535 33322 34200 3788 40097 31773 38608 14814 10334 32743 13207 16975 6730 39859 38007 12650 32982 33924 9757 36513 4590 20266 12574 35302
1637 29
10018 24788 30814 24339 24563 5560 32809 27831 4336 20533 33365 389 13133 13553 36679 34094 24685 33260 11962 21721 37887 30459 5996 15758 40094 20578 17632 15563 27160
1936 29
531 33372 26187 11847 16746 18820 37270 33947 7541 37431 20740 29017 3970 28370 20188 21328 20396 23455 22476 9680 10847 12727 17120 28071 34652 29121 30886 11838 36296
2668 26
6012 32461 13260 18858 21309 12130 11024 22364 21029 40858 29115 39795 37396 1306 35112 27971 31386 3529 2243 21941 25602 8045 5134 16688 26715 28729
1699 27
25845 40785 15002 25390 30867 7369 21022 36868 38714 38808 4973 39044 21552 11166 28743 38363 40836 39161 5963 9803 36923 29171 40918 25919 8765 12241 3285
3481 28
30474 12757 6733 40156 27304 27479 13438 32945 33933 3317 9516 17582 28046 32844 193 41061 22815 14560 14682 31977 40183 27942 32972 7472 3689 31142 12869 35378
3638 26
36870 7375 6526 2030 21524 40241 12818 17900 8916 34584 20830 31598 7018 21460 6723 38579 19092 39118 14652 6400 19715 54 36726 17244 27424 29621
3722 28
35772 9912 38011 15523 1576 40986 16269 10094 5235 14493 39896 2354 4787 28830 19745 25657 18665 10415 38908 39879 12009 15335 22306 26791 31452 37029 21514 17253
1500 24
35618 40068 11420 6073 37750 30358 11786 27631 11711 41059 11704 29934 21388 7454 20377 11299 33902 30901 6765 9205 28369 34480 6234 23562
804 28
2301 4978 8353 28248 35014 34209 17329 12895 40765 32193 3105 9070 16008 38240 540 41347 8616 25220 32155 34230 30838 24346 15437 2916 20574 503 25858 39135
5351 25
37987 3145 26907 9592 5947 5583 198 24200 27249 32184 2700 29788 34604 6756 202 21786 27699 32599 13942 38392 14258 11008 21557 37541 34124
3764 27
16052 40974 35562 4035 28408 8156 16723 32895 33411 5197 27136 6905 11280 11454 24707 5735 30181 316 31061 13130 27871 19990 10495 20594 40605 26351 25870
2781 28
37836 38992 33756 31170 18761 34667 12197 37703 33536 4362 828 30939 31187 26019 7271 15243 40301 23118 9726 27707 5147 16517 40803 15716 13601 24687 2065 27321
1087 28
232 38580 40859 18615 34907 15377 29745 20461 29655 8510 1630 32727 6962 40664 15608 37528 38502 7299 1966 15787 23465 5648 35467 18705 35649 11025 28460 25595
3409 30
10369 16383 38097 32044 27239 29809 25251 24971 19792 27546 7913 6786 3122 402 26295 3298 36370 37516 23950 8447 34297 24590 1954 23091 8194 41280 17629 832 6389 11594
5141 29
36855 32864 10628 39003 24458 21730 13966 8917 10809 26419 9541 35514 31116 31448 15247 890 29843 2897 35735 33707 38160 3390 5757 36360 7282 18441 2836 2083 29537
5650 27
2470 18980 21848 7162 5643 15318 19682 33824 7973 19998 39673 31115 25350 18942 23572 38416 5327 35737 40196 27555 22812 38883 16408 5880 6683 24708 37164
3499 28
21732 24132 10053 1304 20779 29302 27662 31024 13141 6164 9997 18792 30982 199 703 20852 7341 23895 18054 19941 37872 10545 35611 18821 22061 32855 24506 22817
3641 27
22787 4638 34666 9885 29776 3404 3183 12993 15315 24000 23135 25701 901 34534 40736 14571 3085 37234 9652 37501 1807 28107 9843 25937 21182 40188 18073
5835 26
12691 20718 17445 32028 9467 33187 31012 8561 9324 672 16146 6635 33282 2140 23311 24193 11895 4940 437 7689 28823 20933 8285 4986 26811 6815
6542 27
22669 40166 30374 27609 38209 8279 29561 32455 2567 5351 7426 11590 39640 10695 16862 11649 39267 13066 15935 9532 12030 5708 13994 4383 28876 20222 25426
2109 30
7655 29152 22314 8677 39189 23265 18933 19381 513 35695 5313 29438 37591 8111 19562 17571 32631 34491 1812 16960 29509 35530 26033 26777 8730 13343 33851 9078 14728 14158
5046 27
14611 19382 36893 14395 16611 32609 21632 11539 11719 29388 15381 13121 34187 17314 9612 14309 32907 3504 20794 23498 4696 34469 25485 14797 40760 19779 10630
4574 24
35564 19984 10111 24295 14298 16810 16684 18767 328 36701 33516 15350 18986 26469 23737 1392 1223 29 36924 38260 9424 26588 3262 7587
55 28
17264 33163 40357 11810 9869 10562 9207 34143 113 18459 19123 3102 21059 9175 24560 4888 27560 33434 19677 30479 397 4224 13346 3681 40122 18277 18495 7521
18 28
25191 31003 37320 6531 22874 26574 63 9445 17962 34997 6325 22880 30090 15610 18145 5931 15367 9114 15379 8433 3120 11578 11957 35427 31375 32692 20270 14078
5931 28
30584 30931 41106 17437 36104 12880 712 14020 900 25030 23649 9067 28104 25659 7409 9425 14430 11551 9658 31741 12346 34492 41000 17841 13427 1843 39609 8025
516 27
13766 20442 21399 36584 37791 1182 8326 31686 33499 18050 8889 40571 12209 20000 37785 30343 31146 17674 22574 33044 22670 35285 15539 36343 28498 26124 40344
4040 28
18931 23335 2409 468 18 21099 25580 27445 34193 11941 24547 38943 381 9333 28822 34398 26884 26143 23762 24478 9218 6328 8556 20225 32780 25000 22351 40441
1503 28
26663 4794 20844 4648 33844 41368 33949 15521 26171 13603 30339 34016 7771 24270 38432 419 35288 17213 12686 9362 4936 19569 16446 10291 774 24930 6275 6060
1355 26
20621 20137 23116 14976 39280 16915 930 4906 3534 10878 8521 30037 15096 28834 19380 40157 34622 286 11720 24271 9975 24263 33782 16965 22769 41308
909 28
6964 29684 7012 9390 18875 35354 11667 23275 37302 35607 39393 3360 17516 31499 15507 15498 12774 33623 7812 40234 17435 5815 28113 19950 2524 39025 38023 19306
3148 27
1195 20351 5206 39349 17783 36729 2759 86 30795 40869 39893 15920 40784 2314 12531 7693 12665 10384 24577 12218 23970 33397 32326 5173 10983 8566 36800
3610 25
1627 12318 5160 10868 30718 3767 35946 9756 36760 9588 39282 350 34964 13371 19146 7354 4626 28330 4694 24596 20114 30338 25468 41087 40867
1408 27
33822 35971 29803 38343 38077 34623 16970 25686 8253 16482 29122 29319 19862 4617 9926 17796 34271 25060 4874 29295 383 2485 15136 33070 36207 35771 30176
5526 28
10436 9595 11691 2793 26333 31518 39696 39715 30254 18739 22410 34408 34860 23237 34182 38074 31547 24324 29994 34415 36275 25947 15687 5267 18207 16600 26041 28892
5505 27
27991 37405 34353 23170 1241 11234 13428 17531 28390 9955 4893 16079 4381 17356 20379 8617 38674 36658 35808 4798 40074 8205 29757 27197 23602 8434 8849
2787 27
22206 16165 28158 23815 21891 27526 35281 24778 24097 39726 31155 29386 11384 27040 5172 9134 18034 15000 30323 118 1706 19185 8375 25045 32836 3826 11313
2468 27
32203 20150 6422 3387 6303 24695 28343 12142 40753 30253 24208 13677 36797 21013 40942 11072 1764 18179 5184 23887 30598 22256 6704 11080 34591 8107 3769
980 28
10375 32588 24480 1877 9782 28616 17564 64 22678 8847 27307 14005 15838 34895 19538 32429 10011 16835 32539 27837 10902 8903 29144 36989 20211 19966 10633 9251
3537 27
5486 20714 36077 1658 35609 25433 21155 23028 17166 21302 31209 22466 27990 6367 32926 35752 26609 25552 1999 38786 41273 26404 7979 17685 13976 37695 4721
2286 28
9151 4704 15617 969 31295 10493 6541 25772 26153 21814 29206 2178 2839 41185 20032 34811 28064 34684 36629 19314 40608 8792 24843 33738 38403 13948 1052 21666
2467 29
37001 5320 30405 37811 20922 12034 10945 13951 10854 34926 38704 39406 5842 14829 8010 24845 24665 32978 17312 24670 10606 1344 8469 17687 36717 13812 27164 25906 7401
3032 27
34965 289 17583 17168 32102 33613 7309 33098 37549 30276 2237 34064 33780 16580 31361 2724 22193 35531 12121 22492 23418 9042 5012 27149 34690 32154 12926
4989 26
31592 5094 30996 5458 28753 21710 2201 36737 35248 39270 24246 30128 12935 33521 38177 39942 5340 10823 7087 5343 21925 24920 38203 17453 33555 867
237 25
25102 15334 1572 36445 5755 26373 27742 646 11972 21664 30378 12464 24541 39771 11812 8118 7820 33792 25291 27303 37970 5168 30521 39077 22158
1237 29
28324 39711 41027 34322 36291 40218 41340 11288 20918 12861 20720 3411 31133 5725 12599 17644 19216 34758 39516 3998 21521 35834 5033 19246 36512 19089 27208 41028 26583
2198 24
1199 1865 9943 11304 10227 1945 32110 31838 24490 12594 10733 10191 6633 39819 38495 9602 21956 30601 1162 22171 7338 35526 39816 25122
4454 29
32711 25781 12158 7504 32625 29390 13641 1294 28250 40378 7027 6173 31830 24076 25334 4348 27780 14046 335 35664 1466 27907 28506 25477 9212 12049 25914 21367 22822
6340 28
36203 26486 10078 23871 36538 31729 334 39954 41193 3951 4081 27209 38274 2004 24837 30841 19007 34274 9107 23348 20619 30806 7467 23312 6948 38433 38784 10641
2068 27
27611 24548 12047 40543 8858 31628 21821 31909 2196 2128 14111 12825 32635 29405 9047 35670 1279 5813 31855 5658 3372 2646 35218 36592 3992 27718 7526
6096 26
29043 31306 39491 4528 16925 13816 8158 17755 35298 18287 1447 35890 13243 33384 6095 26261 24476 18238 5240 22888 17014 9034 15867 4082 29882 25073
2003 27
26084 8110 37968 17342 29588 4174 16377 769 862 31911 14228 41270 15044 37693 31929 10749 12122 21757 6784 11865 1740 32333 15932 36369 11267 140 32219
1383 27
19743 18996 38172 36845 1438 32570 9230 1683 25051 3794 19449 35501 1238 30219 4481 22441 35143 39772 35042 25309 16047 30057 18249 36158 35037 39355 26874
950 26
29060 28261 3277 31326 35064 10280 2981 1365 32053 27390 19500 17452 20094 2445 30852 17443 37453 26078 5745 7432 19537 632 28430 5057 2250 7761
938 28
9098 28290 26122 11666 15559 1882 7334 11157 15479 7248 14981 41205 14204 5001 16913 34974 9764 38618 25678 13468 20267 23842 41050 31616 26365 36268 38957 30912
2487 30
38391 15862 26988 30414 33305 15173 30870 30116 39705 39657 23785 18878 39866 3384 18969 2371 21800 14232 10700 41348 25805 21138 33602 10859 36529 39564 21107 11360 22966 36494
4928 26
35795 2951 27640 26778 10450 35176 32144 14360 35049 14867 29392 17989 992 20560 14634 1136 35731 16029 20890 28464 20766 39467 1518 29888 31946 1078
115 23
19401 15533 17383 3215 3607 2143 35699 16249 10881 16610 23330 26461 14211 25043 23835 8191 26726 30830 12536 34608 10190 33109 245
3927 29
8911 34712 2655 4768 24795 23714 11256 38204 2887 7136 8881 25716 11510 37803 26924 21578 19746 25163 26965 14768 29198 41269 38639 10182 34327 6184 14543 771 35896
1499 30
14619 18544 20292 26890 6083 29411 30392 13686 6123 17059 7712 25298 35892 5697 5441 18620 35680 12842 38249 21384 12023 4222 15798 6455 24278 36951 32331 24898 38384 15705
1639 30
39074 7328 22168 11881 41339 5375 1765 33416 16091 24907 32162 25092 8354 19701 39922 28157 6474 36085 22735 27014 5829 384 10790 9075 23942 5514 40724 28722 18798 4635
4927 25
8272 18350 26754 12532 28008 2108 26688 34068 27548 37679 8611 23561 17413 19334 29331 11164 17857 6854 41371 40184 39623 40772 2778 39602 30285
688 26
18016 9572 11963 14470 35548 3340 35515 25113 37739 16118 25669 29111 30680 32007 9996 25142 18802 25432 7584 8700 28285 6621 748 490 10013 10792
2082 26
35127 36352 376 6882 19407 33988 29905 20482 41130 40510 10744 4929 26914 11896 4547 2749 28615 28702 33717 17647 25643 39495 32825 37817 5511 18166
1020 25
22016 32423 32910 28428 32642 22720 5462 30109 7312 17330 29863 3482 28540 12797 33021 27668 23194 40420 7310 27785 8605 2516 23985 2531 27692
1055 27
40175 7169 32779 11955 24189 13765 36463 31395 11207 28960 38390 36128 28994 35906 37913 39069 3240 19162 16744 22354 17451 13188 28806 19147 37944 4688 12520
2366 25
12337 24303 26851 19482 37084 31451 31928 12951 19556 38151 11656 39911 11081 1795 5700 32741 1075 13665 22102 2495 942 33813 6065 38043 14238
619 28
33334 13752 28291 37918 25583 41131 4037 6230 14448 24552 9501 27873 26714 16893 11904 19432 35718 19519 28771 594 22336 31023 2157 16686 12782 3465 39122 9944
1443 29
12069 16941 32976 9877 37719 15556 12311 9224 14297 11359 30527 16604 12029 8334 10678 32542 1444 11631 24609 21826 25912 25120 30200 25416 25826 1485 12914 20163 22655
4273 26
38813 2085 38862 35745 22045 3736 15162 11599 31150 27076 21267 14907 38020 35893 37708 25455 37505 13612 30163 10228 10579 10915 20120 40008 34374 28996
1103 23
8869 12728 37196 8600 549 16195 2380 41261 4995 26418 24906 37961 12852 2112 21585 25779 31464 28845 2440 37285 12463 40820 18540
1104 26
36827 17513 39333 4268 20530 6860 4188 9558 19225 30513 6352 29161 29619 3393 30926 17904 31247 9956 14925 17336 16948 23897 33074 4814 38650 5699
31 29
2938 4828 29380 34463 38266 30211 37432 11075 35025 12761 11747 36714 21204 16310 36622 33627 25012 7867 3808 3772 31419 27464 25210 39547 5266 11325 28226 41143 18174
1402 28
10499 31577 25013 24784 29379 10787 4487 39456 3479 23273 7494 1754 5048 25234 456 39459 39513 27667 20276 26241 2177 12425 16427 3643 22727 2091 33562 25839
4759 25
4208 25447 15586 9564 17093 14241 850 3297 12003 12874 30130 10685 27024 37556 22096 2728 1906 4761 9763 27719 10506 26353 40152 33241 33223
3947 25
18524 21832 19125 29095 1183 16283 15885 30243 24184 21417 9318 9164 6944 8646 22020 26505 6618 24733 6108 15604 25620 21621 1512 40826 17977
2121 24
18479 33243 18845 38326 9460 17652 6927 3450 23235 12746 18522 9160 21097 35668 39587 32663 14873 15336 19168 12327 12928 4594 15026 28746
1047 26
2415 25997 20337 401 4939 5054 34484 29057 21264 5676 18716 17028 14268 38556 32569 3329 9183 23605 13462 33551 2633 9777 27312 35966 24840 19458
2227 26
7072 19303 3720 25381 20569 35864 35039 4701 40180 27117 30257 6312 31357 16830 5864 21537 27518 34156 35819 26781 11639 30796 39395 18574 13434 33677
5568 29
25337 17427 28611 20020 2675 3515 13778 11942 41184 26667 19719 4767 37343 40809 21166 31697 40613 28854 22317 27159 38612 31775 17157 13418 18723 19869 18352 19477 32868
5924 25
7517 22007 34037 36720 34411 37250 3743 34377 2812 19669 13249 33385 6280 39761 5149 37429 19170 36863 16288 3838 310 2260 14053 11554 7113
571 27
41331 28060 20725 40909 19015 39370 19372 37035 20969 10422 40211 2367 26213 13479 1854 1717 10156 12758 37032 35184 40894 1072 33105 40835 6910 21361 31318
4630 26
27896 7096 7723 7896 3614 9649 10410 9976 25566 15766 37477 29978 31951 31341 18299 6265 4527 15996 39844 17407 21926 25969 19405 35661 27928 3792
1212 25
10745 20462 35980 19936 28775 12064 7579 4775 32854 23963 13155 29585 37676 12444 36830 26611 19870 21968 20558 3574 7585 41150 27541 3630 24444
6336 27
23896 4303 38401 439 33773 11581 36851 33545 4108 2059 34221 11330 34705 22319 12400 9453 27649 37021 4853 30387 17843 39112 26184 18771 15179 3887 4034
1663 23
39947 17749 14123 9701 14043 22833 20659 19675 18538 27755 9080 4900 14802 27004 16450 13108 4733 15217 19451 12355 20886 4331 31339
4395 26
33577 16042 19308 15730 8362 19553 25743 39432 34058 4640 16473 39584 37957 10885 5653 34075 38582 7077 19104 20118 40717 24751 26025 37504 26282 25087
2796 28
38561 9200 31107 35850 30907 14186 33524 21851 12816 19265 22566 35213 7654 38472 16808 38427 1769 29894 13376 26298 13664 29099 3072 16267 16959 41239 10231 30805
5038 26
31663 19299 29071 22174 27255 7772 13961 35348 24808 3047 702 8307 35149 19670 30683 27300 33726 24965 28439 23096 29825 14036 39124 39113 16958 24923
1070 26
16480 7844 21260 24003 5628 36450 9397 2364 31298 39166 9133 27127 16951 3580 33136 33886 16859 3141 28217 31682 19839 4127 2530 25654 21644 23259
266 26
12350 15429 37699 4335 38016 38816 29124 33006 40518 25464 23741 34647 12508 36465 22374 16451 27413 34346 30001 29414 19777 7725 36470 3640 16872 7153
1332 27
38048 41095 21813 4193 18509 7818 9214 2673 31506 25741 33865 31860 2527 40217 1171 12794 23892 32494 1846 39820 22081 8305 8977 12737 7545 24628 33610
4377 26
23789 15738 26145 21626 23988 38233 26073 21705 14629 27714 12329 14217 7756 14885 8879 29620 16834 34738 12787 10948 20047 25555 23727 31915 35673 28019
4250 27
7571 154 17727 21588 13739 28581 15834 12248 6197 8126 14944 9563 25536 39749 31848 19313 9371 33847 12638 4882 27474 23302 18641 10522 37778 36090 1950
5148 26
32232 39910 28163 34403 22442 13476 35916 13215 18684 15120 37428 30138 40811 548 34065 24790 34699 13357 10427 1928 26628 4492 19340 1133 23334 17206
6312 25
2596 20762 37355 2117 4312 6563 25899 3944 19509 39850 1499 30083 26553 345 33125 7652 36100 38319 38595 14296 27482 27948 28039 36706 8287
2896 27
15999 28550 34529 13619 987 1920 21074 11758 28855 14897 10805 15583 40850 36358 21090 38590 35841 35809 31080 12674 38692 29009 12570 34445 38112 22121 24804
6016 27
23521 3399 27216 20699 8034 38018 2762 13975 212 18967 5333 25119 25208 8060 7765 2460 35693 30815 22911 4792 7121 10192 4683 4391 11416 27156 32613
1545 20
30723 30342 13952 32424 12609 12845 3702 9635 12413 33741 19440 26432 32842 33078 35056 29160 7029 3247 20777 14380
3959 26
28190 5710 29780 25666 35720 11018 25412 13533 20608 27706 15743 8486 11277 29871 38133 40062 30970 30475 16303 24637 35121 28766 37660 6643 16426 40149
4977 27
28007 944 29117 22092 26855 8226 40036 11981 37424 5594 15164 37176 25700 12747 25672 21421 33166 27386 12027 25687 25169 33922 14401 2824 8214 11302 30125
5669 26
30498 37479 40665 30084 39341 9699 9838 14103 35878 19631 20738 34060 10862 945 3195 11281 36881 9121 40243 2333 6511 18425 26387 36031 25607 24761
4753 20
23801 17042 14646 35239 24247 1346 17131 1773 17733 28387 36586 36335 14100 18243 36141 6874 22138 13404 2293 7663
932 21
34146 14599 34835 37835 24863 16289 40322 33342 11006 11069 7194 33936 37984 14757 4087 34241 9822 3265 30722 15142 3276
3757 28
27993 28292 2184 16906 28632 26661 12698 33227 10293 16034 3408 37971 6053 27435 21998 39752 39931 15548 81 28921 35546 34802 32708 6769 16547 14105 34643 34586
3862 28
39959 38468 21213 14491 17098 7129 25205 20194 35997 20914 15203 39035 2289 8830 14551 803 38158 23084 7327 12372 34594 26919 10661 34628 3218 31660 23820 19758
5434 25
27773 16853 39310 6061 1047 41006 29822 22978 11447 30768 15182 33804 36041 24039 16575 35004 32279 12562 36678 17971 32210 38686 31131 11194 26072
2208 27
29818 27345 34888 36299 25157 20609 7243 27552 7317 35612 4807 12826 10103 30882 8074 4504 11170 26155 30039 4891 15508 32827 7249 15039 29557 27388 18385
4048 24
11794 24203 23769 28986 4240 39763 6759 23902 38839 26050 28589 27603 3611 36890 36602 36242 16523 32142 40762 25386 30420 13968 10318 20820
6785 27
18901 38103 15720 10956 31355 12524 15359 25035 14469 10952 14812 8297 13993 3076 3820 911 36274 25875 28590 5018 30793 25525 19248 30800 12060 33589 17175
1685 25
15341 7801 11573 3770 22050 27979 40273 33885 19436 26899 1848 33102 35464 388 36821 8384 39053 37078 22179 15809 24064 23111 20949 7987 8457
5929 27
39798 31472 14483 8851 6135 36705 17567 25260 8049 36625 35303 37276 30720 2832 30227 37573 3296 27281 39288 7682 40221 27898 6217 7641 29373 18079 10110
5674 22
3775 8154 39611 32687 27903 35387 17221 18313 14986 24652 19492 22747 27793 41073 26212 39075 13908 27486 13241 32932 14370 17366
421 27
11449 1341 37844 26847 33308 12367 7811 7876 12114 28508 2347 35479 35180 13431 39670 40580 18190 29061 7733 39040 28148 27770 21858 3063 9825 35522 11037
5472 27
34242 9273 2540 29823 15692 18478 20165 17553 11131 20965 5622 27859 32085 32672 37454 20618 27393 12424 19466 20458 41082 2242 998 21430 34439 15791 762
6693 25
27291 34070 11356 35059 14612 31011 12591 34487 6428 26540 23853 12726 8061 2634 27142 17276 926 11362 34471 19230 32887 23328 8192 24106 30223
365 25
32298 34049 1054 2308 20771 8630 16472 40171 24354 31931 24377 12634 37205 21190 452 17004 41133 22932 26906 13397 6981 18596 24835 3039 15267
1671 26
35787 35175 8785 29262 34478 26455 22333 10919 33445 8711 5058 38544 30729 24956 21322 18562 38100 17569 22014 2641 12345 10555 12230 27660 17684 24373
6814 22
9585 21435 14260 31540 30087 38796 8707 22005 31388 12238 22883 36388 25402 37527 3717 39318 21058 22325 11315 6002 24413 29966
5889 27
11567 16316 18519 36915 32603 35988 15266 23388 17379 39813 11765 34261 33124 9534 132 3159 15431 4988 30932 34869 2037 34969 2528 19335 16192 12062 2027
1726 26
22349 23729 29483 25609 19736 29700 6855 21798 39136 37226 5302 37213 11853 8602 17229 2545 5089 8822 33690 24800 14525 35790 4531 694 26180 11246
3046 25
19840 36978 12434 10851 12499 5861 4918 23734 32485 40673 3161 24213 38648 37966 33505 37552 14624 7691 2556 40554 41262 18267 15306 30209 10846
3787 23
94 8520 23333 19257 37356 22938 2463 12503 16130 18169 11846 36892 39423 5973 32498 22043 22561 23257 21002 24026 4601 11803 22428
3263 26
35543 27909 4722 12294 10891 23673 28639 4416 23166 5682 9949 29008 25409 18946 35451 26597 96 18321 7795 35868 30737 32118 27562 23377 13509 23636
2297 27
28325 2284 19403 7755 27205 37632 18981 36113 23303 33016 10301 14342 27373 14530 36950 10973 35570 1153 273 30556 31288 40854 29050 38564 34722 29087 32348
4975 24
25069 19956 11394 38838 41080 38367 36833 480 27532 2394 12370 38837 16367 22383 35462 30532 4578 22611 19077 24537 28186 28058 37665 39683
858 26
22834 7392 34062 22416 17179 24430 10146 27959 41066 22454 40340 11440 21582 15934 14191 35765 16022 14690 38483 20929 32478 17128 16268 33086 13691 26177
2907 25
3501 41289 7104 30983 9311 34316 11124 16555 3202 30237 35136 16108 8255 12161 37282 16477 26091 36392 34833 6891 9242 32035 40873 23728 14680
1134 21
19321 19793 20182 6505 11831 38042 23952 18714 30391 30656 18255 26826 34452 21297 15886 39556 19014 24365 41247 32359 25250
1954 26
10395 2118 16987 6785 12558 23244 16741 20295 25189 4112 10161 13169 25006 35177 5480 39346 12182 40778 33595 38353 35074 38463 13384 34179 9708 38669
3407 26
13823 13366 38447 1737 12200 13407 40069 4186 13327 7013 11298 14435 26685 22478 38665 4699 28232 18167 9670 40373 726 8650 25203 22647 19101 5746
88 28
12924 3381 8411 7101 32409 5409 20831 34571 17711 33008 31102 13185 18138 27567 40568 36900 4595 29942 6125 37262 1652 30570 18726 10435 20998 27333 27331 22604
556 25
695 40292 36241 14075 37314 34473 25079 365 24624 36588 12505 34026 7266 28930 5323 30757 33271 8137 1432 25232 23941 2542 5964 2507 657
2665 25
2908 10049 21592 17607 20681 3618 21947 36815 35948 17225 19020 32061 39046 13137 5904 21787 34376 6388 28167 41364 28093 13910 3890 33284 36444
4850 25
23182 15504 13985 16082 6063 36503 31754 8081 22876 13458 39102 26711 24482 13473 2865 4245 36053 24811 12645 2967 18117 33484 5659 26787 20040
3622 27
9037 2446 30415 1735 17290 568 12099 25242 13341 35183 26285 4478 35324 10563 39997 33506 12199 17500 19450 34167 37563 5533 25514 41125 39812 24235 16046
4892 29
31815 28478 37275 28274 41040 13822 14365 31379 28817 8547 2067 20037 17921 25303 14583 28947 15158 7749 14477 10096 7667 38905 4581 17773 6842 39527 7192 29584 8238
1398 25
34905 12325 26925 1770 10780 35631 9045 15573 37988 9292 8924 7942 37542 27124 14419 29146 29930 22425 9862 27471 32580 24029 3459 9871 11607
2742 24
41089 3006 31178 19177 7289 38182 17288 34928 12254 28395 37083 4799 211 34147 2751 22651 31675 12283 8939 29593 16972 9225 15804 16759
1703 25
31043 29956 1 28145 17984 40842 26590 12017 10047 37991 18131 10875 38836 30126 38882 1912 16138 39314 32676 32990 21990 19002 11432 7052 39983
758 23
23368 11684 1719 3813 17769 27182 8038 7804 14391 25653 24741 35106 36307 39411 22076 23400 22302 7737 28364 13009 32748 26313 31205
1843 25
39441 6708 27361 38512 22893 37600 24089 8221 1911 6840 1546 23005 2169 10075 21471 24512 2552 20006 2788 1285 29351 14177 18029 2012 40572
2099 27
16475 5907 16093 23039 6349 22891 16122 26719 20301 14870 24370 23230 39985 10038 31477 6652 21841 25217 14153 13867 39237 31180 25896 12830 36860 4163 26566
124 24
37168 30938 3150 23177 27670 4198 9618 40768 39017 21510 33363 27652 31569 32163 23183 25199 3806 23953 11603 41319 22044 40881 38444 27077
247 24
3980 13092 39005 12131 8444 38358 2659 33171 3274 8984 34056 5683 20810 10584 7548 21443 29826 16734 30370 14874 20963 13090 39309 34762
538 26
24098 19128 38296 13336 1904 20956 33637 37043 36226 15666 37125 15658 37255 21441 25960 23782 36191 11669 28456 19530 3688 23192 23807 14098 2105 20917
3457 26
6573 26086 37758 20011 28022 19815 11705 39903 14295 22408 5882 40932 2602 7608 15354 24513 10010 12952 7931 20318 7590 3314 3754 24206 16673 23669
4433 25
16643 15345 3420 14149 34765 21385 8675 22183 4211 9468 1176 14886 21086 11925 39281 31381 12900 19729 35792 8726 32964 7189 28206 33319 32211
5304 24
29558 15095 38081 40264 26317 29858 23880 31494 27521 9400 39855 22496 35568 36591 20958 33151 20999 29846 36580 13519 10016 32735 8317 7703
2605 27
31119 36559 7563 20202 24382 27319 19289 29421 10153 14821 14267 2441 16724 25063 25787 17382 38529 4742 8654 7645 10101 3537 19058 4102 40906 15213 27263
5069 25
25614 16219 36080 17069 15486 26108 15954 21419 39700 14152 38322 31090 38096 40802 9657 1142 34861 20995 21560 17728 30966 2532 1458 22270 33055
4043 27
31074 19574 4093 25585 13616 32740 21646 19762 31821 37360 20880 22522 3336 3264 20612 15558 5536 12276 12622 29689 24543 37503 7491 17430 13414 33709 15506
5031 27
4062 31983 22723 34934 38208 25647 6079 11781 12171 10629 35191 28410 7832 25665 37945 36663 25059 39326 30119 33471 40879 15733 27608 25613 10901 3305 38104
6103 24
19760 10447 7119 16844 9644 28929 28311 19704 1385 5337 9344 6082 26138 23318 19597 13947 15415 31004 12509 9394 2833 6368 24191 177
5781 28
3104 9850 36473 33625 19066 37598 19310 17838 21066 4030 7923 24025 9648 23338 4563 34704 12903 17999 15665 29676 32340 22928 21660 29214 31881 38619 27354 14242
3060 26
11827 36011 22722 40049 31940 22852 5538 3425 9495 2703 14676 41328 12149 20546 15542 13917 3086 15635 19771 5405 39020 4339 27327 5319 3601 3029
5301 24
22585 32608 27099 11097 25857 8033 40325 11187 8992 21679 35304 5667 21845 11221 40966 40331 5141 26048 26735 34172 26671 28899 11744 17693
1131 26
29047 4025 19902 17790 25342 29631 33714 34461 5741 26943 11767 15898 20842 5632 11966 22626 17557 18476 10734 31256 4075 1194 39779 1670 15114 14115
2332 22
16772 26386 27878 29577 4548 23794 75 32634 5188 28786 30754 7993 24057 15564 27073 26727 33728 19024 31907 687 39733 36064
6268 23
9013 13127 11230 14958 17761 33212 22427 28361 36184 26479 27870 10230 10413 25776 40308 13794 39968 6245 16107 26534 39659 36536 25110
104 23
6086 20939 17609 31563 25177 1377 9144 3283 12796 34459 9866 23081 23369 28891 20798 25149 11808 36282 11680 40090 18010 8833 25213
5736 26
35689 27339 29964 10023 7889 27067 6335 9167 35269 785 2134 6849 20212 7593 29370 2817 16997 36896 5437 14328 13736 33550 33423 37690 34909 1140
615 26
12219 8666 4963 39511 25280 41321 32732 33497 37222 28279 24883 3652 4685 22251 35930 39120 24929 10933 7842 23267 12404 3639 37499 20600 18558 41060
6656 20
9511 2944 40190 22950 3659 19074 29513 1649 38703 37480 36401 21346 39803 34672 28002 29618 13608 29881 32914 34507
447 23
22713 21888 18556 31992 13424 37345 10783 31335 7190 31236 5380 20078 35436 29100 6663 13450 25916 14613 40624 33890 16181 16957 4618
4068 25
14528 35117 37175 28132 4966 25752 28916 28761 39827 32321 10140 31275 10265 3470 31243 24408 32268 33293 4526 27910 32538 16518 13710 33858 38636
1427 27
22696 41389 24119 32004 19390 10041 20527 7790 22930 23964 38914 34489 20444 11355 33314 36831 31397 2622 30503 20895 3977 14531 17272 6853 11589 22175 16425
2829 25
28010 4070 3518 28479 31487 34526 19544 22170 33743 24647 32812 8704 38967 9522 21178 37848 27508 16081 13593 29524 882 31654 6603 31305 26101
4885 25
39783 558 28475 29082 16002 17648 507 8240 14067 15352 36906 40864 34858 29313 25817 31258 37793 27277 39688 21603 25391 30464 23739 20885 40189
5306 23
38603 34616 29462 25952 37312 33543 21806 15058 13289 14945 26810 20964 29724 737 14839 37192 25457 11718 37783 537 8207 39442 3453
1310 24
14731 5709 33966 11381 16153 12729 37774 39298 19165 35992 11399 24937 32341 31193 23545 24866 21251 12730 18722 5282 3884 36205 3789 16749
5085 26
10989 3547 12107 4297 8513 3589 26794 41107 16758 3121 33082 35339 26195 4543 13969 21389 14698 23588 29729 33604 23900 2086 29147 38276 14801 25202
3808 26
15422 12643 20241 25027 26853 40412 3380 17375 15051 37972 37584 27165 4615 31276 33059 17479 20571 33311 28143 19262 17675 4616 28696 4605 37943 34832
2682 26
13192 31945 12967 17190 31469 41007 14537 16143 11002 26330 29343 99 4873 35730 30568 32736 23122 19378 27675 38701 8854 12483 36848 4905 6545 15333
994 25
25618 7528 30324 14746 17180 5092 19812 25 34607 21197 10288 36068 3935 39552 27439 15231 16519 248 30738 18504 10269 32596 12494 13472 15028
3903 26
27143 17969 8340 26885 19955 10705 32242 10602 19157 10794 26561 28838 8865 30520 32555 23057 12314 7296 17837 36648 14148 9989 35936 40728 23621 11252
1477 28
23948 38572 15781 33895 38373 22580 24625 12385 25768 35414 7662 35764 26918 22342 14608 7878 2183 27590 33584 19521 8870 9643 41078 16371 34212 36322 11970 33904
3606 28
14166 16691 17220 25111 12389 7080 12651 18907 26582 11009 6030 20456 4046 17549 21711 3151 3691 32280 9459 21983 14449 16630 7306 39469 33870 1517 421 27897
2981 23
34223 5445 35442 19287 9745 10294 21927 40436 644 5995 37799 18155 11560 36598 25714 16074 27234 22836 36364 3883 16994 31930 25909
2683 24
27089 940 30816 30874 12688 37730 303 20082 25358 917 6613 2299 12848 9626 5635 34719 23541 37419 29123 11722 9927 37464 13048 34841
4001 23
4110 36483 11396 14744 24683 13713 1965 8517 27103 23033 2473 10820 11604 1859 34778 29325 18009 38306 32721 16918 30726 26119 10097
5424 23
10675 41387 16104 577 30135 39144 12561 4670 4284 38399 39646 4967 7128 33084 37016 6024 40970 6713 32259 578 13234 13447 5767
4930 29
26586 21436 38157 38030 15555 6394 39980 19255 21044 23839 6338 35266 14672 586 33563 2296 37316 18380 6148 9084 30668 8490 19131 22991 27803 40284 35986 16802 23705
1905 26
41298 15077 2802 29532 40617 11872 13532 37059 15082 11201 19554 39930 11956 9280 21655 24181 37523 12211 1348 27710 16109 38866 40926 3573 40133 17467
3539 23
21308 20679 20549 39650 41349 35044 21811 20187 5835 6865 14771 26034 14195 13666 4199 14276 32799 41208 37052 18455 217 19052 1007
3867 24
25560 35715 11850 23783 28626 2852 35905 3123 28174 29028 19483 2437 29866 18687 25586 37741 9706 19385 16279 7933 34485 16253 26941 32086
