42
792 107
95658 54646 35398 96953 70508 88306 42113 1370 56142 66503 46177 53319 23631 88483 5240 94970 22018 40555 989 54501 27425 97881 28656 82578 46327 72095 2968 4139 63289 63529 42723 14005 36899 85303 34863 83407 77981 70533 56492 71400 15901 1748 24095 65297 67082 50810 40042 26814 96802 65684 44741 81546 28786 96893 30057 78544 49734 27981 23443 52963 20535 75316 85078 78731 363 48575 24060 31932 39693 48288 20911 47264 10921 98530 34167 9679 8952 12685 50105 82210 3623 36804 3087 11953 63588 20664 81434 14650 4179 48317 23820 75694 61287 67742 40587 18016 75982 51343 30376 87386 89833 6325 32706 87825 76539 17483 34550
8711 92
48549 9565 63044 40262 50280 49316 56303 35837 12880 16995 78590 42651 15158 47176 66732 60886 91017 81874 76589 55849 15570 66644 96276 66979 9122 4943 55228 27832 5448 52319 72196 76211 14276 42895 74299 17005 88601 49040 82316 81738 75195 73708 98500 80072 82958 97712 26183 19065 63944 77804 80441 95084 88067 57922 65225 51984 52898 19119 14158 45347 8628 87285 60809 35528 43299 520 44783 6479 41790 59387 74535 71815 86751 14071 69731 20112 63268 49560 57317 63821 71563 65093 77062 67851 53637 38585 29438 46705 75467 83909 57156 23812
6965 88
7 14490 36194 31487 47141 67022 72913 27088 85885 11281 48387 12334 30079 30744 65156 73397 9752 15861 11191 43205 49377 84899 50600 44578 29601 8502 98173 7093 22008 70571 76940 60045 65046 9754 93827 57800 29213 31371 94370 16914 75567 85930 25059 65097 37087 33995 58359 65271 27686 12824 50010 18365 10641 15575 52561 93843 32262 65001 58602 13963 93983 80180 25753 32684 39139 18996 99555 40198 11577 44271 80265 24162 62346 61875 67031 45022 30037 93678 31032 17832 45183 56057 93705 37239 36463 66521 76734 9998
7175 69
65269 46452 38893 38179 87678 99799 44116 47811 31096 56962 39873 64234 4775 81109 22242 44366 61546 10988 7837 55067 9001 60310 69277 9327 93865 44896 61586 685 24543 5023 71698 91533 46764 85782 15331 63586 94597 96029 45276 41184 89982 59891 25007 9914 32677 69886 98906 70011 60214 36545 11115 88763 68343 77644 11985 93222 62433 85294 22707 65576 42183 19607 636 28420 9739 45623 14007 82305 17435
5644 51
41157 90735 74285 27589 48505 13390 89676 50141 9434 75972 30435 29674 74463 31016 40212 2704 30514 28968 57518 14794 9803 54349 87160 69421 56680 57669 76834 22864 41565 1562 32009 9675 99979 34521 30915 49350 5379 72635 78876 59821 51482 67692 72269 56271 33371 30292 58749 6102 56366 47661 34503
8852 49
13316 66958 76861 19302 30796 96388 4800 54306 48133 69793 46722 42997 56090 85661 6186 56618 62721 90078 14956 38654 66562 20732 85477 60700 45404 97549 69994 5397 22175 14809 68369 20437 92209 86286 99838 25531 77277 32452 17086 26910 8281 47478 59328 29337 80879 71293 69775 57273 51797
5330 41
78860 98253 13261 33883 25619 11259 92518 71148 46001 28691 63709 89115 85678 91478 41518 33716 47437 26906 38692 74666 17010 95974 6531 23300 71310 76956 91241 66988 30836 36788 84826 79978 48078 13140 373 36286 39104 92534 15963 5875 50637
3400 34
57961 34825 73285 7519 8733 87274 82508 91647 38621 33851 18053 65228 40320 94557 655 15277 13207 88050 22470 37457 34027 64749 8381 75537 35997 81720 8746 65253 490 46961 34400 14920 91123 52914
3924 33
34414 35341 73627 87853 31379 43686 75416 23033 86092 97311 34619 48222 93891 84697 98455 1533 98179 14565 4056 60188 74715 52221 72352 23490 80384 3428 10290 63829 27911 23011 94438 39546 13133
3975 23
11145 31842 71066 80923 73365 68153 18231 74949 89559 56180 72960 83191 65747 76162 88785 42260 56879 32298 41936 70280 45552 37897 42046
2019 27
55844 17835 57414 48583 13982 42227 57486 80363 13030 52086 26802 78252 31314 22215 23663 39904 35607 53409 80443 48118 4431 40414 87103 33676 86495 63308 89764
610 23
26449 12404 85865 63138 96700 31897 50005 78406 96671 6868 98205 92781 39478 78454 8239 7690 72805 82073 73824 47166 18264 25189 95435
595 21
21641 3865 19132 6084 22709 60173 75185 81113 1777 21649 2575 15233 90312 30055 54453 70137 53440 63651 34687 18626 54404
6848 20
59970 407 39208 64940 24251 54038 93276 86454 39757 77712 75376 71054 86825 23039 20285 48098 81598 6514 5500 29215
2561 22
99999 7750 86040 25804 21546 61805 95926 6851 6062 63461 7260 58108 77860 82377 47511 81837 24337 88820 78646 22800 2952 13792
5790 15
92981 38329 30474 68092 66343 87978 68813 39500 91413 24281 2852 70236 99588 88283 8282
252 12
59012 99036 46929 29339 31205 94795 41920 15753 87254 94264 93365 12025
688 9
36242 99991 56859 8991 93255 52445 26596 64867 5447
1624 8
93704 49988 64175 24188 97663 267 74778 29870
1680 9
504 85371 71435 23984 8499 92639 8426 74635 26364
5540 12
75646 92332 63910 79848 58147 18687 84183 49068 52139 24947 34471 2358
3336 5
44854 87198 25144 67699 98952
859 5
80789 55007 33477 64290 50193
2298 8
50094 48161 15612 44662 98872 46987 98964 75062
5811 6
63301 87573 33875 32072 48683 63274
4766 7
66441 97263 99521 41471 9623 55179 68449
5402 3
15212 39296 94499
3712 1
68641
7875 2
38617 10696
383 6
78869 10547 2723 25103 43466 97628
1308 2
67839 90505
7395 4
3236 70944 91564 33534
3271 1
98630
7544 3
50894 41990 87229
8363 2
41088 26867
3028 2
4300 75500
563 1
73546
1557 1
43472
4698 1
33954
400 1
36683
584 1
34835
277 1
14546
