7
1157 528
2927 54291 75640 94490 39786 7521 30869 97870 54477 74847 33378 32769 5157 49038 2934 40496 33001 89508 13115 58404 48775 62056 91887 12368 32703 26657 13066 82993 36247 47010 20177 26312 44300 58949 2129 19341 2725 65655 75020 82657 42166 5617 60221 37041 31124 64710 38923 66558 9905 43723 74908 65218 98914 68251 49921 48997 11761 136 94101 83126 51296 36410 16896 34444 43276 29379 81273 49463 78331 99405 97367 97464 57343 99295 77627 42942 83151 47749 1779 94087 59614 63899 9481 91892 59663 16564 45142 80870 25954 95914 44747 48002 64810 62000 26332 82641 80596 47169 75988 27374 4179 69804 26294 92487 39232 90346 64933 85306 24304 44001 1340 43014 22525 95247 83609 97721 57174 32738 95231 66861 71238 35012 20942 48955 45225 20702 4670 64593 47461 6457 76547 91541 41191 72956 66852 1721 76974 29514 30970 50075 40262 30983 52365 70160 35401 50297 2374 14178 68464 76719 73350 6144 59189 22850 78958 85871 29788 97589 59605 53831 33274 6713 99309 4898 96391 23779 5630 4522 34149 15193 46431 40373 49096 25157 24740 74931 86625 31501 85509 47627 79363 37890 84444 31226 72917 24815 91366 66188 65846 69473 10519 35066 64668 5712 26439 7032 52284 10669 12605 91674 48396 59657 85191 11805 14106 96221 99354 1096 85474 51536 48691 87973 72192 30589 60277 24129 6463 55825 85663 73607 63187 10057 973 97324 15748 42584 69443 59725 60730 89555 2222 62397 13059 31998 8575 27676 82299 57827 11258 84580 33406 84128 65982 41182 96607 65915 5765 73586 10199 89576 12237 98294 60196 73747 39846 80846 45381 59534 14310 16568 17683 51717 3727 24674 9175 88080 32699 779 58374 17749 8251 98940 52958 80284 32710 33443 55749 69364 32873 98254 64777 57307 542 41744 58035 84475 77575 4049 14400 14802 54229 71169 63922 13361 97532 18130 93408 14539 15937 28658 81544 57987 19087 82986 89740 64408 58756 9596 94568 21524 69700 98466 68895 6171 61855 28185 53571 70575 74898 24730 13095 41376 30822 36615 51838 54026 25686 42887 48870 97713 85604 63622 98458 24863 68985 97559 36624 86743 51535 27598 58046 81517 51204 49278 94648 47873 10167 84930 67260 64743 44448 83050 26821 68377 70307 95369 14350 60454 77725 76177 31931 31659 13413 39083 44415 83855 27074 18157 7962 16864 32392 81562 46603 7826 73262 55966 10639 78907 27097 51349 40872 61278 62602 15194 79835 40416 14383 57708 36179 59051 20083 36460 71634 36129 66417 71833 32332 44768 6914 54093 29068 37601 34619 79746 70669 81066 2051 17348 40628 32861 88833 47066 94324 26842 97727 3802 85718 80680 69742 42136 26367 73928 77571 60406 57315 99831 10347 42666 96156 52156 21583 68307 68257 84538 6958 93836 71392 33556 22151 24966 79883 19227 42111 91412 61865 33832 79349 52901 44539 17115 9482 91416 55284 38943 17314 54340 21905 61893 95444 62194 19654 67471 78601 49099 58285 93081 10634 56838 94146 86238 95356 10988 63357 9242 10787 96077 1839 22871 55089 8056 29336 64373 2127 35227 57080 18590 11795 55729 4607 69505 76308 41310 78171 16998 8783 6610 500 83013 88611 55856 21286 42660 60505 56204 51314 9782 24529 3006 34827 16370 39481 59458 1855 26471 38975 44088 8791 19500 73777 20728 42249 3187 24601 24680 84501 76840 36115 91592
953 244
12291 30647 123 3666 42737 41374 43231 87317 55369 62208 10778 25820 57075 54141 20309 31738 12251 72034 69122 8444 98007 97438 22566 73877 16712 602 46745 70736 32581 95340 34156 16738 55907 22462 16940 35365 23899 67488 60560 2814 57590 38488 89516 71342 17235 7732 91623 83757 29497 89456 36978 19360 93687 84252 42270 4325 1414 81811 64267 84483 48184 39535 48686 78426 70998 97041 29830 27008 27756 48845 63378 11904 16513 37104 17028 55005 47165 25336 6438 13746 18615 9118 27095 30808 18611 28295 75996 10798 18383 65757 36796 64175 39939 76443 21774 94516 45103 31829 27078 72999 82990 85608 21665 68566 90960 27883 6327 35041 75635 90573 35029 97494 16477 88942 92204 90264 78127 15071 80435 17127 28884 51821 51507 7746 15704 8224 81786 70934 7804 57907 96303 47635 22512 98649 83077 81542 14280 50630 78312 95273 70436 91051 81620 87968 20438 40012 66355 31721 76829 52087 45788 64677 85906 23960 10144 35791 87096 32805 69857 22467 20698 31288 79699 61125 787 85618 24009 49982 53375 93090 1863 84181 74609 17285 52034 40679 62189 86955 69666 54414 51439 91719 11998 28349 36756 14189 49267 20010 50142 55977 32628 63888 66624 28207 25920 73302 31448 66554 18169 42987 69338 93320 2417 42052 2125 24061 1531 92221 15357 17274 53688 17211 65580 43499 57264 49207 8419 97206 32008 58658 21283 76534 50130 50568 20725 3917 47710 49871 39251 22522 43763 55426 9668 77334 89726 45205 18987 28181 23909 78434 20587 53487 72179 49657
719 118
46270 22027 6362 66670 3349 34180 45928 66471 22574 64516 69085 60115 54174 72714 33801 40633 42155 3642 87156 16821 81133 9426 13053 15433 97777 54098 48975 47941 27057 5675 80536 5962 59995 58976 78142 82154 14509 59451 65997 41513 94745 77281 65470 41340 62590 56095 61187 50227 6593 57013 50737 74242 24517 65711 17474 73976 41204 95464 94491 64153 78430 71461 12831 82644 27028 80551 71661 9836 59338 24973 58835 82339 31522 23813 97037 14113 20300 12206 59986 39952 3021 83865 97076 8592 41950 83975 73804 93049 38533 51383 8872 20235 50997 95180 34000 49985 4090 11331 4759 60089 81682 61051 27710 31304 12626 12846 27351 97889 39966 15214 96332 39545 74171 9628 59062 66057 78471 76225
39 35
82973 11262 22885 77085 89784 74936 44082 747 47962 63532 18660 79931 50917 78182 4121 94903 11568 54384 12556 86841 82744 33037 59745 4845 4109 28883 19274 33280 48498 49407 43387 45941 86649 96367 25412
8 18
11186 61579 50531 64583 44690 13264 61073 76034 24596 81926 13079 97621 34694 32957 28534 5387 47331 60866
830 9
94953 62502 86780 73201 27622 13543 9317 84757 9851
323 9
22860 46973 82904 74770 83932 6906 80338 80479 86759
