375
0 9
5026 24678 56904 49943 1203 17527 76473 6298 48922
1 9
20003 45699 64774 64043 57200 7251 76886 72568 16479
2 9
4993 47272 1225 27052 16334 21680 64115 22070 54584
3 9
57281 35527 23981 31214 34671 57615 39379 44344 45055
4 9
31780 77544 33481 36648 50474 43595 58157 51824 3483
5 9
57443 66659 69418 31565 75021 10453 40316 51964 71325
6 8
33699 22436 10439 19531 76269 64909 16986 17211
7 9
22554 50885 72741 57419 73933 36468 56025 41338 7743
8 7
68101 42157 23952 41429 8983 54233 19708
9 9
48865 72134 78408 42890 28820 46356 36472 56477 59837
10 9
16455 359 25642 20842 19343 24402 48567 47770 32319
11 8
33572 37260 64174 67476 18453 30772 46717 32063
12 9
52992 48520 26766 8340 68853 48404 2327 32057 13278
13 9
43425 26724 11723 1036 64244 6773 79642 19197 23391
14 8
47907 53638 72039 68457 48015 55122 10525 60285
15 9
35781 70312 60810 50323 8341 52503 10426 41660 11607
16 8
70784 55258 71746 67492 12361 60201 28883 9210
17 6
20301 35277 41102 35409 4051 61563
18 7
79398 51022 8886 43703 23195 7580 37597
19 8
72448 42081 49764 44551 43087 4345 70938 51420
20 8
70756 27333 13320 74442 17469 67385 25341 74910
21 6
13894 17830 6150 16492 32172 56945
22 9
48736 26018 23882 74 40397 12240 63861 48278 62551
23 7
10250 63882 18188 67084 4474 46846 25951
24 7
51968 43235 74021 18886 47053 69396 66011
25 8
27840 74943 15714 44914 55411 3124 30234 32287
26 9
45605 28232 38795 40218 23375 51697 26778 30621 45886
27 9
31488 55621 75589 13509 65038 56848 16090 30107 73532
28 6
76194 9497 42601 65490 75444 14009
29 8
32965 34568 74347 32299 10772 33109 77877 7069
30 8
28610 30754 1284 3568 22065 52885 67196 21566
31 3
34128 11770 61493
32 5
15951 20272 54326 4699 3807
33 8
31715 65766 7561 65193 3309 16911 64916 71608
34 5
79362 38992 15090 45975 14270
35 7
29508 34343 43528 51375 17782 18264 67578
36 7
44995 9892 9508 43783 65485 34006 58456
37 6
77443 47076 36135 25745 3219 48863
38 6
69994 17712 54770 47958 4793 7294
39 5
46750 26929 42100 27421 7614
40 8
67585 74626 78532 71273 41006 29844 64955 69595
41 6
16581 54054 35176 22985 39085 2127
42 5
70528 48259 65556 37589 64343
43 6
63942 50182 45197 30389 44730 79388
44 8
7521 227 62627 12073 40906 71177 79313 2586
45 7
18150 52425 43531 78863 51345 42330 56735
46 8
60609 42423 49316 23496 35178 25514 79377 74743
47 7
61352 8434 38388 37014 31034 53853 36895
48 8
15715 19659 30155 4304 12689 79508 4821 9944
49 6
44448 51012 25861 19887 27062 30743
50 4
57832 30525 24475 31685
51 7
15141 43757 32718 32976 17686 76535 19770
52 5
36675 13224 23788 23508 38399
53 6
45096 12586 73962 37041 62901 44792
54 6
66240 24459 19851 2318 51857 45244
55 5
58088 67529 2540 13533 73983
56 7
27233 59266 50051 32134 33127 70638 58810
57 5
37409 12012 57331 76790 63705
58 8
5505 73221 4392 5579 15280 32432 18000 13661
59 7
1026 5891 65926 18375 46664 21619 25370
60 8
35141 9960 34091 3820 24209 7956 51546 24636
61 2
10296 5340
62 6
40864 12353 53317 69420 57877 64703
63 5
7529 55850 42286 78680 75710
64 4
45626 27570 59924 23822
65 8
28672 59394 70982 7115 2670 2962 40471 12252
66 5
52326 27726 65999 59223 12639
67 7
57442 63365 9990 70576 25331 24408 22298
68 4
6090 15475 5650 31999
69 7
56589 55321 1907 41204 5208 45785 75294
70 4
4361 13211 60620 32316
71 8
34691 58885 57895 35502 25486 33808 58390 8377
72 5
13094 29737 16242 55061 27573
73 5
37834 26288 17936 30005 44824
74 6
40329 32303 37840 36497 27516 62559
75 6
46570 41327 70360 38396 55037 19710
76 6
36834 29413 73158 6739 74804 49431
77 6
43337 54572 57008 72537 49691 9663
78 3
37905 2580 59622
79 5
56256 8748 54355 50487 42622
80 7
34597 8137 48107 46028 69611 16729 74205
81 5
5963 36780 50130 51611 68703
82 2
8401 18079
83 3
12312 100 56942
84 4
4680 46589 853 45999
85 2
39579 62916
86 7
43296 40934 7662 63537 56209 41912 8441
87 6
71306 68331 47567 42261 37782 4665
88 4
53888 17323 78019 72005
89 4
74145 78316 48109 4974
90 6
992 37798 14670 47599 69134 16373
91 5
7332 6149 7302 44565 32662
92 2
19000 75085
93 6
53471 6243 66879 31058 36920 47807
94 6
70145 3304 44648 51276 65849 38268
95 3
27952 63803 29148
96 4
45813 48883 21965 45319
97 2
15713 11684
98 4
12426 32828 40294 58143
99 5
26949 5928 42894 18960 57461
100 3
66933 78684 5429
101 3
41872 71129 58754
102 3
40232 17714 53733
103 2
66968 2867
104 5
74019 32548 54533 48825 49625
105 3
65914 55821 7966
106 5
57248 47746 18451 13240 74077
107 3
62008 33243 55110
108 4
55959 22308 40799 58311
109 4
7458 53651 74668 61126
110 5
8005 61608 71050 56852 50111
111 7
56192 51462 7914 55018 74227 51797 21083
112 3
37433 31578 17212
113 3
31199 17490 21399
114 4
45371 72118 71173 35974
115 4
24471 18371 43319 23983
116 2
4865 61457
117 5
23849 68176 43441 6678 6302
118 3
36000 51343 69903
119 4
648 8459 63048 42405
120 3
19440 36011 33701
121 5
24640 1766 22054 71919 29012
122 4
6042 15095 52350 6031
123 2
4289 48100
124 3
67881 12242 16771
125 3
67898 65437 74958
126 5
44771 44047 11344 22456 26781
127 1
24666
128 6
65602 60548 5671 76585 13620 51608
129 5
6312 31374 34836 17173 47774
130 3
24216 10729 74491
131 4
55144 259 43678 16115
132 3
30914 44923 33102
133 2
38314 58726
134 3
57228 22417 28260
135 1
40129
136 4
22160 25282 46914 7286
137 3
22185 18004 17814
138 5
58571 18094 49 20025 76028
139 3
58192 58537 38794
140 4
20554 39738 42133 35326
141 3
17832 39707 32214
142 1
29549
143 3
43379 46853 71950
144 3
48451 75772 31150
145 1
26360
146 2
37923 66637
147 3
67904 15949 38742
148 1
35398
149 1
19969
151 3
62744 1801 58486
153 2
42123 52045
154 3
26027 77011 13815
155 3
31296 14808 58895
156 2
46026 10061
157 1
11310
158 6
39748 56615 19566 30000 6292 76951
159 1
53429
160 2
76677 51062
161 3
59921 5598 41726
162 1
9642
163 3
31835 45972 61959
164 3
12681 6899 51335
165 2
19667 59468
166 2
376 25402
167 3
60523 39517 37687
168 3
59201 34866 43828
169 2
68017 48500
170 5
3396 74888 16011 57646 78672
171 4
18313 4317 2422 10559
172 4
6504 32449 34738 70741
173 5
46114 44521 8628 51767 2972
174 3
1625 47425 48463
175 1
21567
176 3
49594 60045 69591
177 2
976 5507
178 3
51096 40113 76888
179 3
74811 72414 11838
180 2
8114 19815
181 2
12713 17494
182 1
1506
183 3
48809 57243 66041
184 1
44453
185 3
36724 6477 5317
186 3
70577 45013 39815
187 2
13716 19326
190 4
70962 78843 75100 40942
191 2
35105 59493
192 1
33643
193 1
33583
194 1
54068
195 2
69016 25685
196 2
54488 46838
197 2
48290 54931
198 3
19776 18568 12062
199 1
61692
200 2
42849 58140
201 1
8358
202 2
18830 45471
203 1
45316
204 2
69249 41882
205 1
5810
206 2
19042 51218
207 3
7604 31812 78813
208 1
26728
209 1
11171
210 2
20541 13421
212 2
46300 48423
213 2
36864 7224
214 2
15881 29667
216 1
75356
217 1
65030
218 1
32562
219 4
15488 530 20730 30071
220 2
12798 54487
221 1
32554
222 1
26859
223 2
30720 3693
225 2
69667 20028
226 3
1066 26819 25375
227 1
18969
228 1
59159
230 2
70646 72735
231 2
47032 66076
233 2
78776 17939
234 2
20722 16182
235 1
31888
236 2
18324 27175
237 2
74721 36886
238 1
12931
239 1
79433
240 1
40816
242 1
61936
243 1
44717
244 3
38058 77364 67575
245 2
50649 32661
246 2
67154 65318
247 3
47353 69009 17621
248 2
13991 54535
249 1
56951
250 1
54468
251 1
50707
252 3
47696 61418 25923
253 1
63319
254 1
79073
256 2
31099 28446
257 1
78910
258 2
35900 22415
259 2
3908 63719
260 1
58451
262 2
68240 52273
263 4
66355 39011 35948 26934
264 2
75441 3293
265 2
3715 33829
266 1
50342
269 1
17319
274 2
50756 58389
276 1
79296
277 1
16865
278 1
59536
279 2
19193 9915
280 1
65913
281 1
27977
282 1
70043
285 1
48093
290 1
37216
291 2
61456 14373
292 1
2080
294 1
62213
296 2
65781 61558
297 1
13510
299 1
43053
300 1
61638
301 1
72635
302 1
39624
305 1
44972
307 2
68513 11071
308 1
39319
311 1
1866
312 1
659
314 1
891
315 1
65731
316 4
25057 51555 4561 71731
318 2
459 36623
319 2
63753 57098
321 2
73472 58762
326 1
40805
327 1
78612
331 1
72603
332 1
3307
333 1
60875
334 1
60159
335 1
10407
337 1
68227
342 2
54504 21583
344 1
67876
345 1
77273
346 1
45687
348 1
73752
349 1
6254
350 4
2987 64684 31253 64551
351 1
55264
354 1
26229
356 1
34370
357 1
44116
359 1
79736
362 1
69003
364 1
57029
366 1
39268
367 3
46200 6126 14831
369 1
32065
370 1
20135
371 1
40595
372 2
6146 51469
373 1
11562
374 1
70731
378 1
66656
379 1
28724
381 1
75057
389 1
50336
391 1
27258
392 2
22381 21886
396 2
64330 28101
397 1
13553
400 2
32939 24380
402 1
72637
403 1
26195
406 1
33364
408 1
63877
411 2
58848 2394
416 1
70591
418 1
17512
423 1
7446
424 1
11987
425 1
74232
426 1
23468
431 2
54193 18678
432 1
63169
434 1
43022
440 1
2333
456 3
58089 77700 16638
461 3
78363 53508 44863
463 1
51800
464 1
35299
470 1
948
472 2
21480 66711
475 1
50320
476 1
47777
488 1
74698
490 1
61505
492 1
57796
507 1
74639
510 1
34622
514 1
56384
530 1
7975
548 1
8925
549 1
79039
553 1
37192
556 1
27632
564 1
75751
572 1
23723
574 1
5681
575 1
26588
583 1
27055
589 1
38666
607 2
54921 30151
609 1
30109
646 1
12474
674 1
21518
694 1
12826
712 1
12245
813 1
12741
854 1
38299
927 1
3850
1018 1
77823
