30
1071 106
26961 80548 47726 4715 82667 16504 72585 99747 20260 503 52774 20252 39073 40964 68746 60764 85849 99450 45771 35968 19426 18084 30403 85354 7497 20350 34017 61969 76791 12845 35501 34797 1094 33363 45647 68913 57099 94539 698 54816 91470 46677 4602 1096 22978 92746 87189 71670 23625 61514 3136 32917 76349 9821 96462 55194 50145 90971 71137 65370 25953 70296 5461 42847 9783 60680 69476 26948 21042 45719 42667 11685 76642 84051 20146 13735 42297 46650 91759 32076 50084 43241 88339 59612 52456 67852 35829 10057 64797 72755 12089 34123 60308 97233 46010 1807 34954 17986 94824 47837 8578 95228 50200 20259 97634 52223
4360 88
23040 53971 45761 3941 44509 21906 41503 70516 51805 94053 22724 40923 98349 51380 55936 96660 1282 61328 62121 58675 42963 97112 77938 76419 51675 12414 43549 2376 80557 63726 43052 17469 96335 49889 62346 5783 35403 99877 28338 64675 72648 274 74779 83237 6443 36355 33220 64490 59128 90519 25656 6361 17654 50169 10620 79976 55147 87570 61464 76294 26097 15341 96149 65262 28120 42104 70401 61054 98207 55160 3569 73554 17844 40170 85000 84924 85002 2838 3870 33221 65290 69873 6497 78771 99186 40302 56734 54675
1980 73
61937 73218 92041 37378 16948 97814 9502 18162 4642 80806 87502 23857 99311 6565 54793 29327 93016 96824 92756 16137 15678 42861 26421 24983 53201 36686 72776 85353 77100 61806 98653 54507 14053 72713 26374 16660 35485 95358 72423 90051 42473 48233 63923 59 48750 75874 15937 83965 32424 21591 86097 69594 55552 34224 44207 35757 74959 30900 65014 81090 64823 57742 24339 36470 16313 44159 81872 13348 8189 58539 90592 30917 78797
4393 54
92373 1923 16136 59777 94024 58610 71913 24908 20255 42585 35159 68114 11323 40719 5878 31232 4406 66217 86646 14849 82695 56126 26332 70993 9729 81387 71096 73972 11068 2250 37357 21909 34839 14608 95842 1871 97230 99485 38604 1324 87897 18952 43485 7483 35559 18350 58918 49098 36343 25199 94352 67345 13902 42773
134 53
54575 18894 29482 8812 17886 36351 33653 69101 79661 71399 15464 71405 81549 51638 88859 53885 5849 60089 12378 5897 54489 44855 46000 10155 79931 68545 71505 1196 98347 79419 94305 38253 93445 10677 89065 39859 98082 10707 8146 53386 71437 24867 93165 65751 6215 77162 4468 1472 95912 66069 55168 15629 55490
5648 32
62746 15228 6222 82936 47683 18472 94172 20931 96002 12078 9651 20744 38065 28158 88435 81169 5165 11281 53786 76377 22977 1589 67028 68431 34603 98493 86439 78638 39171 8376 78466 30106
4543 35
80932 11154 5190 43437 97079 53651 72795 68235 8842 60445 94683 91926 81790 80857 53918 36258 38443 24689 93519 23531 41033 29481 86883 50322 15568 79118 73694 63817 8043 66728 41721 56069 2688 78292 43597
766 29
39889 64671 94610 43104 6987 36599 4156 80744 55014 81190 85451 28909 13318 68508 92870 84522 14396 52434 31345 51604 21565 73734 99274 70806 88814 30321 84766 91245 97278
2328 21
41034 73590 27743 29169 90497 24508 43329 18838 34004 56759 59019 78226 73454 87793 91878 77921 2510 95610 71603 96665 86391
1619 17
75749 27559 26664 13364 62329 91267 91773 89874 5708 71782 33259 7844 8726 73665 8201 48493 85942
3235 13
46464 92934 67848 8781 71747 4614 38588 75385 77116 80654 64647 45362 80933
4510 13
57093 17767 43603 75577 27447 34582 85624 60515 45325 88834 41551 95454 18637
6995 12
94921 59322 69433 57895 243 93517 96390 62282 25533 40685 50009 55064
4207 10
50086 40857 45419 42944 75825 55405 12944 27906 41064 91946
4156 2
74776 6675
3887 5
2116 68186 5863 63019 277
2751 4
48078 58717 41992 160
3901 3
91869 20212 96017
2771 2
32887 26840
3279 4
27112 50440 51788 54450
757 2
97640 1748
4009 3
90332 397 6110
3559 4
75359 27144 33109 5943
2281 1
10241
5970 2
8550 21515
3714 2
11677 55806
4400 1
31753
4054 1
43953
6499 1
13819
4294 1
1635
