34
529 270
55311 57166 21213 61653 20957 74418 45312 30360 6886 34819 24428 46553 60623 22050 65960 75800 50969 47302 42201 64880 12678 77863 81351 28874 28529 55580 75938 82960 28549 57952 77899 48104 53703 81283 63500 481 18065 54336 26299 32723 61185 83645 55413 22805 32375 49815 50133 61858 26292 57339 72516 50507 19102 981 70585 50425 61237 22039 30829 65481 65059 48144 69392 63373 29149 40883 11961 69836 53041 66830 9669 27895 35145 25719 19930 64139 36092 4901 40677 81021 34865 22773 44540 67200 74438 14155 64635 31996 83230 50578 9104 58722 799 24385 16739 32459 71291 77645 75650 34398 18562 4892 42591 21883 41075 31999 49614 4000 45883 37089 70027 2 44118 22806 72995 6662 69138 76557 3224 49667 32514 42757 79222 25586 7747 74654 16600 82464 39503 36549 83084 14698 45992 4274 54139 61008 893 73110 34165 39003 39614 7050 18764 50854 2532 68326 7435 50508 5906 44609 53676 38964 51162 26471 70439 7883 83739 12667 71507 18816 15869 81842 49650 41329 23021 11025 60833 28195 54269 65503 79262 58832 67141 2741 9848 27429 80779 40993 44170 40717 24492 50254 69482 69349 39670 32588 2016 52435 37698 42870 11835 17902 14228 13425 1437 37212 48173 17575 28095 52186 29783 78585 54312 48142 69760 24425 28219 1286 84235 31597 11573 71716 54997 70781 17534 42450 43939 66023 70786 82403 3358 54050 60811 57118 37986 25454 47209 26172 55879 43889 39065 57808 44740 80297 19942 13656 53348 68765 46611 33510 82909 75783 80427 63555 3548 50709 77677 62603 18819 60569 78013 40656 72189 9707 62567 70246 34233 56356 44249 61233 20648 697 11496 10090 63148 20819 82778 12522 33841 18817
813 46
63104 70613 62973 79692 18304 44325 9101 6871 9499 26143 14106 44867 78457 28953 62670 5503 61161 15759 535 78129 36849 594 77706 83675 30604 56153 21149 18664 49349 21276 51361 44349 69040 13962 22484 58658 31166 33566 76808 52054 67538 71662 30737 74229 62301 79060
895 46
58261 81907 68886 46886 62649 15613 75943 75471 32769 34117 28160 49675 74129 57207 24869 62503 32845 72607 38368 52494 73674 61986 68746 33567 51920 80970 39835 74753 11710 56559 9191 52164 48291 77374 35167 69676 82623 34374 62235 61505 13640 37317 24473 67117 21751 72018
238 46
26392 51422 56437 61270 69333 76892 61558 75317 52073 18675 72391 58154 58716 11561 47114 21746 22651 29659 24986 8482 53206 48539 26796 5565 48184 25078 1675 76623 81024 10990 46193 28677 50333 41540 24301 1493 79539 75161 78440 13294 33831 44187 10951 60460 57465 31253
3521 45
32483 34519 26192 36028 63448 54885 73811 72782 39100 4511 70948 48059 74484 67048 42394 67439 78596 67630 36119 26004 64325 54943 52246 10600 55046 72739 62776 11232 59054 50197 63115 3288 65897 9929 74179 72314 11712 7312 10573 44065 10736 22015 32061 62125 49817
165 46
82872 65514 70010 61079 52756 67871 80163 55505 15228 3605 79519 13024 71768 14951 18661 47763 17421 79731 53217 52918 56551 7729 60871 13971 77985 76089 7065 12946 3767 80073 17788 64198 22630 16886 42722 5407 12539 39017 19005 34894 46907 10396 28990 5577 39512 5911
368 46
64024 18469 4167 42646 15013 47434 79889 30036 6509 36308 55853 73468 82243 83455 3562 25877 23917 650 2212 35392 42424 38653 67985 18313 74538 37764 22156 52526 70055 14234 2570 61820 18023 37076 64287 76133 46658 12990 57699 14299 59507 32009 77970 31011 46005 80148
1526 45
47322 82926 22670 13625 69578 83157 49606 29900 26398 55565 52253 12410 40379 18460 76252 6960 35614 51947 78893 61174 48682 72172 75378 74503 35924 21730 49927 70322 83652 17114 58926 61248 16391 68545 74543 76011 66553 82441 53775 25363 22123 33646 40267 43280 13762
2866 45
45053 64732 24801 25089 8401 7781 51991 46037 72369 37116 80676 1821 59147 2195 15622 65368 14835 67177 10860 20750 35083 28573 35424 55160 23127 63262 4768 50343 4626 83740 38593 61741 66931 14296 65403 75591 67174 39660 67111 13708 27987 65592 80405 58744 60486
1519 46
43281 23535 53647 36628 81649 24755 10180 69743 60167 64008 51859 62084 15320 36452 29127 14527 52389 21859 222 72107 71263 55085 7081 32594 11487 24059 10194 68515 17896 46518 7186 79760 48079 447 65994 78629 61062 45989 75218 12583 83513 19 74673 32217 12344 11440
663 46
20224 56485 6709 21052 32913 39866 23478 25867 37712 61846 57396 31134 76512 28876 43986 18436 81883 82817 10993 42248 19893 10199 9550 48379 65715 66364 21715 69806 76524 10980 60143 36132 31160 24779 12221 17894 51769 36326 67198 30225 48861 71251 41378 61568 5145 46289
1520 45
70092 77421 47297 22239 5293 13412 6540 82833 15016 68606 43780 20718 43238 48867 50887 60156 35122 11820 35727 48087 10966 31362 2369 47206 28926 26308 24546 50856 8680 44468 46879 47157 41826 66642 30640 58988 14595 60709 53563 80810 1697 16920 32639 68659 7101
1603 46
9381 2256 38255 539 31883 59476 63238 60954 12516 32473 64080 73371 64856 5539 62431 37410 65714 13823 41335 14503 1644 43198 62898 44657 84114 72636 77561 2064 35751 59938 65486 64662 54920 58893 50484 45478 59495 16012 7955 78773 64188 24500 72595 53420 36471 59998
1392 46
29959 68383 1956 49141 37395 59876 32712 71096 40972 34555 46040 28922 69790 20586 27447 59505 21671 36818 65421 66016 41422 31830 72033 53477 15914 77638 16001 42798 6437 74203 64475 53608 80622 515 59396 82718 4023 33524 64081 83507 11793 71747 84294 11632 40646 78973
562 45
70074 47044 64883 15272 17326 66876 79567 68109 46402 73627 69918 82866 24642 58535 78350 17523 60675 27979 28193 23994 72570 29187 19217 74622 10551 63775 54608 47163 82512 1971 17023 7833 44775 18344 47348 81038 5307 76673 40789 80070 78349 28578 8275 17240 78368
1378 45
21468 5858 11886 53162 62965 52510 83180 78920 15431 38872 3279 47892 36839 34658 79657 23091 28522 31420 21631 26507 41605 75623 42854 46789 12423 51295 35279 67763 995 22088 13756 53595 20508 66140 4153 14256 78499 82985 53189 7270 57297 2734 26386 50357 17634
1323 43
26958 65463 21739 68002 70813 60999 65148 48630 58594 76480 34477 5635 63488 29190 62067 76364 29031 35111 61055 71404 38991 31907 72752 13040 33620 22313 10311 32832 28704 74737 16595 667 43498 50604 25907 80142 36506 32968 61995 59040 377 19387 70154
369 45
18487 48315 39417 57711 48066 39842 74993 11678 80855 62658 5318 31403 63055 44080 39910 60084 62169 64470 37580 61231 52144 28914 76096 49412 20831 46238 75111 3448 57760 51261 17970 24443 32296 47327 42339 1671 62417 41648 13117 73022 33865 25323 35483 69059 71975
2992 44
37019 72266 70893 46302 45937 76299 27517 6055 26866 76119 33336 53767 61478 74101 57089 33047 13732 61131 14425 41023 46492 67848 31804 7444 20534 44811 40760 76093 30104 53964 47420 32969 48085 68463 27985 34881 13687 50476 57946 65177 71803 62053 30940 21309
1133 46
25020 32214 75399 53995 7959 25126 32503 74948 27348 54628 41387 8740 2579 42785 39405 42601 29210 38400 80890 3856 65565 32383 82797 437 78923 24636 60850 19556 15674 79633 30312 29890 15626 47256 43237 77003 23298 82806 16255 55873 39897 32642 8302 40986 67034 28358
881 45
54633 54963 54425 51652 11280 20725 33669 67609 79687 25988 31964 38985 81694 54109 31418 13438 19735 5753 72550 18470 50902 24206 71910 79123 11844 46511 71853 60321 5243 47932 44779 27182 68370 4684 15477 54310 33255 18526 69387 4614 78487 7932 15014 29223 2587
1318 45
63034 14510 45073 15051 30439 19850 19686 41983 43765 79653 74031 1642 68893 26196 63570 49125 30349 81609 43675 47855 27248 58724 2524 14125 32325 6877 50317 18351 60523 23492 59603 629 29323 32149 80586 58864 35989 57 67674 77227 61127 2168 58607 80022 72351
1801 46
82447 65702 8734 60633 1097 31310 34646 77969 72858 820 17647 57961 41784 24335 73480 65638 16259 16398 78396 55598 26130 24702 53545 74746 82113 65200 76603 12369 77999 66573 81367 64693 10796 57915 74382 33438 55726 46992 7512 36470 30192 34906 44595 11902 83957 1276
338 44
11148 69159 57183 51349 20408 83313 74509 36386 5943 39914 44697 8122 13270 42219 3325 8719 46773 21527 6988 81785 24800 62855 73827 52131 49989 49918 59629 17633 23543 71762 23620 70838 8067 63233 42279 52092 9483 30954 84086 14158 40936 2208 51956 60034
961 44
82738 5247 34424 5550 17520 62153 50455 80915 8252 62604 23232 54265 76426 14184 215 51345 36677 46031 77635 23408 49674 7645 22196 42384 58812 80477 18440 22783 25359 34436 64547 74676 38302 36334 32306 30053 11284 20551 83229 67534 30657 43794 56730 64275
1320 45
1239 64873 63552 45773 81420 26295 52430 82982 47478 19130 67721 36048 44889 47908 10761 44177 1109 42336 81404 50080 67435 83908 63984 19180 588 9663 74873 12528 75321 35663 61529 5531 81507 73599 52010 24631 17543 49941 2480 48875 83340 73286 23018 23926 65886
217 46
53521 2839 70202 50087 21297 32636 11588 31990 73035 16405 49135 41316 70383 36829 82051 74761 58557 82472 51424 16420 54245 42090 46875 61738 83421 11916 16496 7494 49185 38726 54768 9783 79631 54784 54465 66431 72059 23402 43791 22369 7675 20309 2234 14423 49512 72440
668 45
26578 9313 27165 69130 9246 65493 56469 62557 40143 17104 26564 20088 20303 62289 74585 21831 62657 57468 36211 12518 69633 15398 81581 33219 60328 50996 56869 68824 77178 14897 79504 12472 3397 46423 43722 19756 74531 78946 33697 21242 36186 37475 21256 38958 9268
462 45
82546 49823 66569 73008 70414 68978 38102 48593 53768 12298 12724 31595 4385 24008 16475 22468 28237 27543 48322 12471 47094 36088 46478 26454 63106 75720 64961 34821 2432 43852 9180 43576 64102 9009 30914 38409 24364 73640 15403 45051 40442 59008 10361 47222 37293
1558 46
8375 24934 67303 18004 65822 40771 14829 37354 32224 49491 22709 24388 82793 75732 34775 9529 61610 69968 46274 39315 68001 43531 18709 76582 33693 60942 70114 19986 32435 18630 51754 48945 14517 51004 43384 83565 15672 22840 63153 14384 65598 4301 31425 28124 57844 24414
2506 44
34923 7921 48042 32081 14921 73114 69238 25073 65057 8674 76056 25416 44148 34696 52883 43874 31960 22758 71935 18896 10397 47785 38381 49196 69928 58514 29876 39077 77038 53292 52689 28103 2385 44591 8157 5437 12403 78197 51406 72317 9251 44390 11170 19668
1141 45
6111 78410 46786 18613 26997 49019 47407 52293 33211 58084 32763 48359 40569 64207 64289 5760 25730 21880 16139 38220 27571 12835 51026 16235 11795 55697 26751 45311 14766 43562 83310 58870 61145 69374 35203 24926 23289 80411 12327 82193 40710 40294 80627 40740 28945
21 45
4656 22100 27687 8301 50138 48873 102 74424 15803 9954 81119 1075 428 53043 7079 80279 1922 25720 30325 56146 48122 17532 35764 11910 2422 16010 54338 58580 24641 60861 2798 47258 46777 63359 1054 1479 83930 5604 60042 43101 60706 49660 23685 82290 78340
745 44
7517 48353 13721 39733 36095 2541 2400 20850 20240 81106 51742 21840 27765 24880 49443 17748 64487 73802 79929 56362 44276 32584 9821 81226 40702 76826 57439 53101 38155 2160 80550 1145 77343 15501 68146 25064 3919 12857 13521 64411 69284 76272 24063 60356
