41
7709 124
44522 85143 34928 5682 73554 35150 34832 8309 69308 11663 1849 43424 37052 9157 248 69303 51107 69607 80863 20029 78142 37484 41006 85177 96986 33770 66954 77751 46280 86488 52193 96493 81746 64638 57963 69094 85762 14198 66204 21346 37394 92128 9255 18265 60782 70614 71016 74230 61526 12420 35777 14519 80973 32029 46736 64070 82609 69886 22294 93993 82197 46523 51671 52469 80693 63580 75479 7820 40096 74139 85111 63389 62505 51100 11299 4327 48018 20436 49368 94500 52514 28561 14782 53012 23259 77423 80983 4020 82483 52690 91742 36393 48211 3933 70630 92378 46873 39579 34297 2088 72821 79747 84687 83156 15871 15145 95579 41677 77768 45757 71922 57745 68434 53709 35279 69923 163 93256 65609 86291 70281 49726 88614 23608
1789 124
41762 49431 65866 41091 76274 11654 91033 73241 28536 92369 30229 82223 1890 87463 92733 31260 60531 63056 48081 4208 13928 62094 62851 14870 21105 50466 66966 7754 76997 72020 14346 96228 5513 4372 10574 37768 24591 53496 6241 27250 94610 70065 99841 61031 67518 57474 53610 44697 90914 57054 46687 23551 11003 62501 96582 96402 40124 62709 113 98025 34428 5968 54129 56253 27232 51708 80592 69400 89934 74707 50929 69582 49061 69890 71515 98594 83285 62692 58186 26685 99780 52021 96587 51061 28983 45420 98910 42099 45403 48373 48827 32809 44426 47705 71723 30600 40286 10491 50047 87496 19841 61234 82387 96207 29338 91339 44639 36008 70529 67556 1463 24017 20360 40815 86133 5166 40584 95216 85316 50238 62733 91454 24723 66854
1053 125
85343 97544 15645 92572 78840 80422 39744 23478 92600 83989 20661 9859 39470 53239 63952 5376 48601 50761 71810 32545 3180 23947 69149 57555 21097 32096 69796 23783 50203 18457 20879 22472 70732 10490 25421 60734 97728 54868 90303 95953 99192 39285 17118 12217 39265 742 67717 36513 11091 61483 66917 75158 63460 46913 64639 1653 75799 11352 66011 67783 60878 70257 8527 86871 27668 69707 66015 67734 96486 95299 7149 95725 66894 14752 93356 30065 10875 20115 32984 96354 62528 20685 91909 92553 57084 84287 73455 47311 72816 83822 55861 79810 90190 9930 92660 51244 23909 12191 44603 9814 12766 37801 26417 86235 7048 91819 14485 5643 16354 80838 15566 51861 98819 46234 25971 81946 8516 20560 31495 11875 66501 35712 13207 71478 84817
6199 123
19361 12282 90532 87360 85278 2217 98576 6642 39112 84456 869 57675 98238 25617 80572 23748 37687 33791 10388 25594 14943 98707 3481 30263 12907 3214 4105 69915 59603 63514 12787 81042 9521 69472 92068 36254 18809 52645 43687 22892 33677 38463 72837 76221 79257 43975 49343 61665 50759 20053 1747 34807 46560 60232 62429 7332 84469 43166 24818 91108 18818 20596 90577 58289 4354 83078 14029 48369 91122 67158 13510 56757 36612 7112 75746 39946 40705 8490 21428 16682 47179 50386 34399 85854 63169 84580 74012 9412 22603 18476 5415 82084 28003 81624 64360 79475 99408 3873 48571 97995 1732 77000 58451 78168 87590 91187 6403 46419 49119 47900 62445 61117 33723 26039 52807 46033 32733 63804 91051 85784 8164 14880 88891
850 125
39278 27093 30785 21129 53998 61440 65443 77345 86772 10780 63864 50630 60654 53556 38061 64398 75794 60931 29048 3684 24698 49183 33665 52069 18932 44767 45655 14107 64468 29756 98913 82528 59097 1321 8291 28501 14580 54821 53152 29100 61463 85079 38853 79353 39954 30266 33187 71113 86754 95528 81481 36384 55188 22295 48539 39562 88839 17892 93278 51580 59284 60347 27148 59536 63245 20059 20154 86934 8775 51821 6341 4379 50626 53269 58188 22812 65035 99553 60829 21671 19894 48133 60824 62760 55906 51327 2753 52173 6987 47307 33345 91069 79989 22653 63567 74727 73236 75249 13079 9068 2967 68099 84281 14492 42128 9146 57545 67827 17542 8968 33837 99672 91782 26485 7566 49671 4393 75743 45237 22800 99671 42953 8432 84544 41741
5694 124
32705 64325 76726 69811 61903 6254 50051 27781 92144 3843 37161 95283 13465 17498 84268 53284 13128 78735 36274 87433 69738 4919 90520 31575 17980 18976 63935 91099 91894 43269 97521 22464 39176 56418 47443 77651 88818 44878 65950 90108 9045 90820 13685 28115 68508 33812 39185 34627 200 16151 86354 886 33984 38746 66253 76321 59817 79669 17210 55213 97652 56698 90743 8901 5925 29275 13302 41517 1319 72694 15565 30399 69280 90048 64207 7026 81413 19817 23224 76331 76979 90621 57647 72133 36407 55514 25981 76544 64867 32866 42718 43499 9968 27909 76279 47170 3303 32012 56656 43636 22802 77563 56661 96148 80315 96813 98712 84938 98291 63701 68051 74844 66056 58485 65217 6428 74073 42807 56400 16048 99235 76695 87676 17726
7540 124
73522 75921 36621 38736 47570 9551 41203 37820 98835 42865 66832 24149 74659 83140 30448 8452 49569 75853 52133 1714 27418 39992 96357 84995 32223 72293 13440 23797 17895 30483 1573 85344 81843 67594 74239 45572 23746 11210 57344 54647 41514 66988 60955 4734 93779 3505 69291 74502 83992 40368 61299 84499 62092 28749 50960 85127 25037 20370 38372 26156 29267 86726 31471 41524 42236 76652 39338 43858 26723 52348 44569 87114 30084 98277 17789 30620 63615 26758 95434 67146 13763 23292 17885 71140 18838 10442 84910 51705 6691 44187 82200 69057 17829 90982 75784 84294 29180 90510 34976 97624 92302 43290 69154 35614 19786 71724 11359 73401 43832 71282 77223 75843 35689 22755 19363 28751 91554 87574 12560 41075 92876 97865 74971 49637
557 125
69750 45541 50220 43203 15173 76985 38462 9079 56234 92933 7850 6060 72238 23415 34878 9283 96565 1550 97888 20591 50207 21230 46500 21181 7912 76800 46160 6084 36471 97033 38322 31833 97580 69601 41498 99395 7839 45032 23433 56586 61229 38439 81660 85866 23656 17881 19074 55010 8358 77359 48643 57706 23381 27782 55484 77602 91241 14080 80798 38917 56837 73824 63087 63173 94953 7918 11700 18911 69525 20181 30008 96405 31558 75301 54682 29107 20777 79925 96107 15122 13877 87744 99620 47662 88136 9977 41589 52378 13148 33508 11798 70233 66694 37587 5091 21648 39504 14247 91053 8525 64925 44086 85888 11026 67241 48235 44845 58953 31328 85801 95423 53699 15469 21875 25366 3393 25855 60183 50191 1472 73484 812 79054 95183 43125
1060 123
66358 19149 13236 37294 26535 33685 52871 81359 62891 89508 26024 51170 93230 40441 915 24147 50305 62247 31281 35655 80485 62228 87188 65721 26902 52521 83799 20808 38893 63976 75583 80816 56896 70308 39862 13396 8908 66393 61136 9035 92238 54098 61566 89967 16285 63292 52811 67971 74267 54910 95328 78956 88605 24824 45928 23418 63818 13361 56482 45501 85665 99033 57508 45168 27331 69539 63993 59103 41254 9495 82831 18718 14446 7254 63220 79615 24208 44548 33658 22608 45815 52698 95533 68193 8106 11440 60285 99256 18533 5251 57067 89908 7484 89013 83732 25640 70110 13488 58505 8977 41858 92221 51903 98787 71546 87297 98989 13563 63030 91117 71405 36402 64653 12375 59721 38566 10819 97910 67555 81010 81912 18030 84215
7165 124
96420 84031 63049 68542 35252 78179 85366 4293 31652 80291 36847 60534 92575 58784 81677 52290 32546 37318 98370 28208 48517 39215 11350 27124 96910 52977 38250 2610 22748 73981 31183 12933 98120 42427 74564 84827 59924 17035 81199 34994 16905 32549 53568 57318 3430 86944 78839 40505 65831 98497 72757 36934 47271 40871 63448 25364 42550 31337 92853 74917 61941 68947 58926 19698 29586 89025 83062 58576 36350 49230 26279 96435 5463 38042 37616 91343 63332 88657 91991 85444 60497 65637 8879 7058 69040 36060 2809 58398 28625 19521 45927 41871 17846 98659 13509 96475 16800 45153 34844 506 49918 13283 10967 40449 18759 36416 89488 83060 57930 34215 33796 48271 43730 99301 89356 18977 23745 94028 94842 8493 18931 17604 86503 89703
2695 125
12271 33075 25068 21424 1177 22628 6484 7575 62377 41913 41291 20258 29500 80666 97765 43033 91337 64449 29197 59414 9247 79056 25134 79634 23023 57621 45497 55746 9586 24497 62142 20580 37492 10640 29384 24153 90720 79614 7944 48194 8776 86406 27207 49306 89157 12240 12976 68489 34013 53902 46524 27054 38954 33021 10729 49027 10346 40157 96301 96048 91983 58811 97114 21031 19536 63866 18863 12448 69680 93780 37614 21756 68940 40382 15259 84466 76857 22261 50979 87198 14293 91115 14284 18307 61132 22825 85244 44838 39280 79994 23316 48877 224 95902 80309 29425 55462 90714 53004 18984 50876 95544 76338 82726 55434 61904 51880 10533 49112 99442 69973 34010 97615 24021 43079 19967 89604 23555 90972 95994 85067 82464 86375 6232 27819
328 124
15888 60361 40954 53456 10193 21881 16184 53064 67116 84892 66882 47640 60504 90674 50513 6026 89452 7411 95646 53835 72945 32516 13842 58141 95468 50714 77147 47599 57997 21134 52712 72865 37928 65385 48055 63194 55094 63498 93161 49250 55639 49571 17220 99215 30137 36606 43811 76133 6713 43761 40600 80474 56538 50138 15876 30654 55358 55492 26905 7741 73856 42000 67332 96697 49730 75682 87054 49448 63298 99773 85977 50408 99328 65971 64502 18177 89954 6015 71722 22932 63636 84972 82429 63051 36234 76391 85754 22352 46432 94334 28353 32098 13021 58618 51700 63687 37396 28090 43031 41899 73547 40940 94547 21807 69006 14116 28961 79016 29064 64943 99068 18989 50880 52002 56958 33191 27945 77547 83538 69935 46274 14251 37106 62436
6584 121
66542 37287 78353 85667 30639 85489 62530 22610 19248 59547 23184 11741 66870 10152 92061 39831 50716 30290 95592 71619 3232 27602 56984 9696 36359 85716 636 608 50906 39716 93127 61626 36071 80028 99281 26672 76894 57965 72035 41531 18429 55517 37615 65557 18466 10864 45600 22330 92415 22214 43482 87334 84504 99154 55691 93922 14455 18149 52203 22792 1372 21893 13539 63788 12842 53628 21059 59286 90447 28615 76984 86347 98161 73086 4185 18291 59190 97886 61249 27499 96978 91794 55410 78915 86868 51610 22134 37054 73358 46411 24097 41293 58257 2647 81515 63716 15651 63042 76299 68348 88583 29797 27948 17025 39678 15586 99076 40631 80339 3781 11817 51093 33953 22922 76883 509 54296 37386 31976 56266 86483
2638 123
36371 24412 81200 63016 92243 84857 86854 61697 98359 68766 26931 75256 92362 40968 54640 19632 4573 91472 62327 15397 85451 35177 92659 75770 69941 23699 91294 64508 79654 61401 23650 7790 47315 90985 51863 85988 33718 38997 57693 11439 21141 3698 7436 84652 76280 90152 92367 24965 75699 19701 96684 40191 93270 74738 5307 69971 39914 73258 19129 97229 77416 84702 19313 18716 95077 71218 9953 43567 18797 85418 5891 48606 14635 98921 70901 41379 35642 61862 64099 62450 68404 3243 73904 46286 75954 91236 68342 41566 76067 54979 42035 92959 82819 91475 6092 13912 77527 65538 77452 21927 41367 2150 82238 16768 91726 92379 20714 41956 79845 61128 10803 13385 84407 30337 45767 99149 71408 28240 34197 95089 71349 43293 45389
5997 124
63920 42218 20745 24688 78218 52684 34847 53693 63268 15200 36907 10012 56860 56480 42010 11522 97088 33477 85405 21221 20512 5943 96710 95125 78175 32635 18061 211 29526 14605 99167 51853 38130 4723 42776 24858 85321 52945 6743 85683 36927 20608 33048 8462 68488 91113 48653 86084 54184 58297 75441 58092 18817 39435 62009 59762 6687 31499 27155 89735 50041 476 57249 19810 61874 75473 95345 9387 3364 2865 19623 99498 88546 36938 80176 20558 73268 7451 58441 10868 11332 77966 28080 81329 19413 89141 90027 4809 25081 61175 22025 3167 39213 90508 50400 65927 27536 62068 18394 27303 63059 31647 56792 20251 85494 56487 16040 38055 31404 68006 69391 35284 19215 44496 42296 83584 55575 95734 93350 96318 99412 64148 30430 58279
6490 121
14935 98226 43659 70161 38621 66657 3020 17059 69553 88385 36141 27980 91746 70534 97026 66494 96764 11553 35756 979 85968 33468 44922 54414 98809 87362 59078 57803 25043 24220 1613 50105 40397 21041 60002 80535 56141 21480 25671 50401 94569 38149 27255 55502 49361 40034 88224 41188 92094 40434 38414 45788 14100 99982 57007 8165 70922 62986 10000 88337 52571 6915 63800 9403 78651 6561 52362 91906 13653 6992 21272 4757 88646 22303 77180 15759 51917 94520 61435 50963 7834 9096 96695 17432 86025 30234 82890 16307 59834 82848 98765 78601 69457 46949 39817 14223 54714 41225 96737 3358 7589 51067 22968 2406 33913 54663 27872 87429 30888 46045 76533 96969 99440 19683 97304 11269 86533 66417 76288 68936 61840
5224 122
25541 93598 63519 41504 57927 22516 12135 8400 43360 10270 26184 28338 30963 33220 23019 7909 93455 19929 80961 94462 58646 32471 12168 16411 18676 62573 43094 19951 82895 23585 81573 64290 63284 88169 43242 81692 806 16450 82310 96662 29395 26361 54735 8218 41584 63944 13644 79401 39510 24071 37255 37048 19356 12523 15841 1190 69840 74013 61608 26798 80974 11422 99031 73047 26773 80573 43776 58302 46633 53091 94782 74830 8956 63130 61592 72045 27215 16471 60357 84078 84797 13081 9254 94160 98356 2469 21569 32344 47987 77944 90582 36426 55681 86978 76380 62536 39382 74512 65370 16702 3202 10583 88377 55206 90801 29641 53378 98801 78583 22551 693 9075 75217 83054 7152 53678 45091 4345 62848 93640 56415 96227
2622 121
46501 73318 15844 64204 42388 18970 14533 50656 57180 30554 34863 48444 39287 10162 940 17954 63768 29248 69940 31511 37972 95488 47674 69076 38607 49262 33673 84030 87521 48306 79795 60896 43591 25721 58124 51815 38522 39856 54242 19707 51308 11188 55648 64063 4684 6151 44621 86531 33294 52454 1855 64071 74499 57578 87919 9468 31222 68842 39142 17228 16481 31865 16031 84192 32386 5520 75795 11596 78681 59428 11957 59755 3664 69052 4920 97448 38844 47575 90515 64103 77970 56483 7784 10035 4715 89408 55228 44026 78478 58754 67609 89928 81718 11465 33434 15890 23128 70304 20286 32335 22662 43837 65482 76301 76446 25105 28479 1794 5984 61949 9852 75809 24485 45443 18821 11547 85903 8530 16575 66219 74485
6573 124
53265 35581 89811 74370 72532 84028 35014 89805 96636 85090 51273 2044 61982 31272 66289 26517 44276 39749 56553 51636 82334 3568 71756 8950 3849 99415 65771 82457 9222 66755 82309 11222 34890 99426 18803 42592 21019 74419 99898 76859 52538 17597 39698 12942 8857 62786 87382 6503 5146 29554 90680 13454 50479 66680 41425 62251 51110 62248 87730 19773 1667 19317 5279 97345 65805 94488 61176 61093 51451 48993 17376 47264 48727 74121 68750 23064 96527 3423 89119 7002 3354 9416 31223 10417 778 90584 39098 53664 19110 94878 95382 97145 34327 64556 1966 43972 75827 74985 48617 85833 58254 75805 8279 42133 65806 47224 68518 40988 67333 45035 69267 96892 30116 68268 35327 39933 18593 19909 30223 97923 25682 94926 5229 55477
4842 121
14959 2854 26622 22709 65475 41484 46421 39639 24983 2475 98999 95726 59243 87027 41650 53748 57852 74269 65207 42205 27334 90623 29061 52806 15304 80458 91869 66397 36439 30844 1832 70190 50091 93035 44480 69724 78444 15517 65530 4053 68321 89881 25685 58375 7009 87037 13558 94085 97946 98024 97 51184 19647 20773 32336 14268 89619 76913 64951 51043 31680 97387 15984 57819 51499 13163 58447 86721 83019 45853 5787 8205 7434 10499 42357 48291 5446 27262 56034 86020 24829 59956 7899 73591 36801 80948 56228 16494 30969 97595 34813 5695 28383 9537 17645 23299 53342 7230 9882 39726 23586 92168 65075 82985 86306 71744 87089 79065 13149 91961 29458 7799 87875 83409 95883 67835 89841 19307 25330 23802 15788
5269 121
93294 2478 41365 15619 38798 11281 69134 72265 14666 7305 26521 39358 30750 55137 12350 9342 55749 73307 51551 87992 42227 64394 47116 62492 63373 37526 56693 82131 3764 93624 81581 37719 294 75957 82446 41274 75886 16793 83017 81025 79006 15213 64969 51694 99614 64158 50481 663 37651 54641 3581 65647 85407 22694 97656 14065 86590 64709 87316 31999 60355 29482 87134 81924 2828 7776 30546 23200 71574 25 14085 86089 4073 665 92653 6350 75902 40207 6245 45941 86054 98628 62932 5126 77237 63778 24045 2362 27792 82087 42546 1951 97402 36358 84826 82386 63384 41271 27538 25425 54037 62984 30295 26286 11321 74185 36397 92035 7328 6451 24888 24967 73381 93326 59137 22820 1493 96498 25341 71065 10493
2136 121
12986 9224 86404 11718 85939 34343 51802 7897 58152 99735 6071 968 39641 24037 88257 70979 49317 31042 85492 22735 17381 74532 19463 61658 21870 18314 45745 15588 9091 47412 41528 84436 35422 65895 91141 48394 11746 34440 55232 46978 48296 57956 9048 49980 29278 14952 32754 68551 57307 2126 9680 8051 49581 80702 9549 58461 29112 78063 34785 18502 57971 54388 1100 80232 80494 65864 10422 50234 3630 78916 60387 77707 19714 3771 65073 48646 24669 8998 5637 57174 44664 47956 87723 89020 65976 63405 96903 36655 43425 79892 21528 84430 95463 5623 70091 40837 5875 8060 37840 80554 76033 54091 57381 73603 86247 97816 66769 45914 41831 22415 510 91937 35317 15692 24927 50741 95905 74316 53045 42121 77411
1826 118
51457 68166 6369 50129 5323 69143 40830 53617 67076 15583 21063 2589 69367 75311 63707 36143 39290 43426 17010 96956 77480 91645 45031 29847 68528 18834 24934 18383 51097 66714 80991 95972 55868 20711 75716 45342 24018 54562 6176 19822 14918 30289 91435 51336 82754 83942 16592 48378 52080 84508 95098 44964 54786 77059 27965 4647 22036 37283 36996 76717 57420 48736 61948 88292 82158 40302 30979 22274 84083 987 54442 47269 95731 89819 56579 40387 20438 16503 46639 23232 91775 32899 48763 48339 82770 99071 26031 46292 73337 1120 26514 18766 53942 13442 86319 83355 61360 6010 68990 6050 8951 41649 11481 30661 72815 12699 13264 4589 16334 89815 53510 50792 13557 26791 44928 57147 50331 95193
4941 122
14665 25342 53792 86600 54712 18956 594 30903 30544 10540 13595 11122 86759 65952 67928 29944 4702 81756 66196 17879 87097 58995 43725 90637 51766 40004 83826 86550 84100 77753 61195 37647 21509 50132 13490 58190 81642 79879 35847 16100 76171 52260 55111 85341 4103 85567 76458 33009 89430 41119 94932 96674 97813 48875 74210 94134 64637 25774 60568 3139 62111 95215 12097 36352 76804 1331 29012 6404 76932 62862 96606 32764 44809 29886 48311 51485 63420 86448 45562 63617 63744 70540 68475 75504 16244 73809 80108 13304 75522 98230 24138 92884 78958 55621 46953 58987 26507 88971 48494 29663 80462 68680 95851 60750 29999 19819 13446 46403 80899 31978 97267 66635 88616 16974 84654 52929 2031 18617 56386 59222 78536 28780
111 120
11556 90636 59775 80578 45328 6406 8221 62869 67473 17151 26684 48450 98229 57433 69478 25404 16030 51316 83991 12111 42059 67507 53472 67839 47940 9589 53711 46179 16282 44949 81670 24362 91061 90362 30648 70814 20769 91709 66977 68752 26910 90009 91360 39402 46765 69937 56653 7487 3110 22136 84228 80966 5803 47184 63614 77955 9834 46955 55403 35953 24358 47917 56628 97310 72665 18175 70727 10838 45870 97172 46895 68470 86486 90718 56001 57365 45411 18147 62373 7660 29904 69458 75901 17933 78599 78103 16849 93150 72003 51521 88054 75289 8426 82353 38107 33584 54233 14523 20799 1929 53141 39198 69039 18985 24207 65949 76536 53636 92079 11778 99583 15833 73911 4512 92178 8390 49654 28008 50475 34513
550 121
92372 68430 84252 65043 45248 77935 88869 20217 89512 66017 48613 18616 43488 87664 94403 63312 31000 22810 82132 38244 95940 89662 86289 17627 63040 49670 66791 16950 13904 41630 46362 39199 91898 68121 97705 44399 959 90243 64259 47049 81030 25733 77152 46480 12035 40229 44713 70900 15963 20361 39519 98849 52496 23323 4913 30022 25931 47140 9168 80267 88712 15786 4132 87396 21114 83770 76538 59129 15803 39423 35282 20399 71435 28318 72355 45911 93910 95296 81279 17273 14744 56394 55752 25681 46269 33493 76017 49075 62925 66033 54026 59861 1468 78811 74167 57407 30887 69209 30509 11211 61819 74351 92211 62185 74004 1719 60550 61015 48175 80740 94780 9321 47704 62721 82916 12300 682 25764 97636 95970 1764
3731 121
50961 41324 71682 9610 53946 31682 38440 35465 93066 16078 30992 94107 65284 31083 14283 75103 49054 42706 27733 16701 79904 79040 50334 68737 59726 27164 6463 644 77953 46336 57611 97131 39143 29908 79163 73600 88261 21286 26113 75507 51477 67605 34896 38427 5879 41182 82421 25654 99947 48580 16375 8339 66401 65728 72894 18652 54097 83407 71939 70117 77956 31894 21391 94603 55283 10945 32512 92443 53968 8204 23684 21722 61129 59280 31474 55220 58276 35540 1495 95818 48844 27501 18949 74293 30960 35603 66107 40077 5361 65823 91046 35362 13739 85496 51651 10929 56573 70043 26803 86617 73249 22247 72959 45666 20017 94376 96945 61723 33693 98132 62368 4041 26735 23439 57813 52741 96803 23736 17256 96788 38855
5163 122
53361 96411 35132 93176 87927 5433 14729 95755 21100 6663 69237 67292 28456 73988 1506 18622 74247 77487 15128 49757 23550 47494 16612 58829 14960 59698 92787 88927 97962 7307 47043 19654 21629 93207 56143 39811 83614 14849 13805 37956 48342 93485 39332 82812 15333 73724 80454 91897 10773 36376 66943 82047 37018 22052 64835 7523 46874 92318 34640 12638 9354 99267 70191 8041 83737 42041 88572 71471 28163 48793 60574 44419 79203 40027 81332 34808 14677 70192 48624 5069 77775 74627 84094 13399 597 62879 89663 84593 14148 81752 76918 67936 5997 52732 36733 90376 10814 17513 35357 96034 80262 10663 24293 67769 39225 68409 82460 31191 59636 93133 25144 75898 5568 19590 23510 23977 79690 51311 68071 49861 7511 29317
3008 123
86767 49099 33245 34329 49538 5353 28466 82824 59261 58401 49190 19925 97565 49873 30 27604 94629 34009 67354 24928 10968 23676 84149 8939 25909 1210 78042 17989 36300 58893 79177 48675 24050 50843 2345 40952 36190 42093 25582 88177 82551 30334 28382 57599 30024 66529 17102 71630 53565 51873 14518 30611 56738 18122 72067 29714 75696 66623 18101 26847 5503 87774 53805 2683 78959 90298 10303 6725 29648 12114 37387 37987 86450 20152 14990 19103 19737 86399 42321 41797 70509 54060 9 49624 63156 97612 43719 52025 64188 24719 35371 36957 31086 96266 18186 3584 35330 15463 36328 1504 23021 36221 44881 60461 57311 85821 73518 79603 57305 52337 77260 13837 21339 41701 26393 16216 60448 86636 30891 28340 65164 95787 29609
2873 116
15613 15898 32189 60343 97840 2807 28523 90602 44146 76765 56592 54612 47503 45014 71710 26305 46060 28654 60831 331 57313 25961 92311 65327 52136 17493 68613 39432 85027 64547 18852 82619 35551 32807 94206 13298 31148 15367 92822 26800 16082 76214 7657 32153 8419 84931 93306 30740 33951 85077 77612 52974 37855 49028 16691 49438 80355 59347 2177 75665 31785 95973 48863 47894 41357 9662 2973 88547 43123 36943 35305 27172 17096 73735 94673 25441 87540 86559 12009 94691 19861 89405 89105 58151 52351 17707 70324 3864 56800 52182 6138 35353 76438 46246 61416 6831 54250 35677 99132 71057 10038 91078 95927 90998 70318 37947 4502 34760 21825 37667 78052 1538 74523 29643 58024 84147
6441 120
95472 77101 88090 7320 65220 70207 73947 291 48078 38761 25385 13417 24741 21622 97665 15722 15490 35516 69862 52392 17083 73622 26486 16566 61350 58094 84349 70083 42580 89345 85759 36482 30856 41078 83929 16137 20636 77758 80723 68076 98947 41712 12730 37908 74028 97294 91912 1862 93951 82818 29955 61947 37595 83953 27447 75457 46823 85823 410 68845 45148 77001 80843 27140 57912 84641 729 13008 19257 59059 51136 39350 61352 11274 17870 4876 36481 32510 78814 40985 17635 36117 99507 72621 13198 90912 41052 28288 1964 42635 78299 98898 35024 42699 82795 14908 37491 83158 83941 40760 84288 19334 61492 44989 32396 88062 37902 60442 95696 732 4086 93346 22368 15095 61624 56968 32338 22817 73298 91828
7333 121
10881 86092 81021 83977 10743 28176 55333 68210 66474 86666 76448 73290 82380 9704 15106 26178 15248 19643 66484 78643 4155 50486 87633 92240 23615 55466 77778 5591 82991 64914 38497 66716 8327 14473 80789 41033 12574 53919 29970 21299 34019 80275 26076 84085 6844 89393 49192 53209 50346 61809 36781 92112 85714 62491 7176 67832 10625 74540 90776 37385 20842 30020 18796 23220 58379 70514 14079 53290 43718 2619 6083 91303 46555 45251 16649 17048 67588 65094 99909 91465 60362 48390 7105 82733 61219 77900 81497 12106 72064 28663 55964 29363 21361 73870 36851 75641 56777 39418 78700 4725 41124 21762 74026 98957 39805 87625 31640 11589 33208 15552 90826 98181 77139 57140 72597 35559 71721 23192 3135 78029 76612
675 119
56733 47800 10643 17046 14754 34635 12041 96197 46010 11022 33408 76644 13339 48480 1652 59718 8020 72027 56633 51647 29096 64258 17114 55766 63198 25556 35048 84966 41117 44535 20800 34779 97373 97898 68908 79155 15769 64599 24396 26757 83816 6896 56937 27561 88308 77772 13862 14942 60648 36610 1451 27807 91017 57795 2810 16056 46415 40529 88026 86012 89945 13791 62555 74068 4191 30142 75705 76454 92927 47251 17729 54755 43612 57197 72284 28468 60400 25512 2277 47151 45004 24871 94832 67115 76398 41125 58179 85896 98030 16680 10846 2142 43313 13029 86919 14271 34546 81239 23360 34817 86490 86714 39939 92763 20877 41412 99131 76361 94229 11598 89906 85741 50135 37439 67218 6401 87411 49694 60828
7464 119
48197 16822 65532 29716 92741 10362 68639 3013 7338 6207 11701 96616 74644 6446 91533 67454 88255 7926 70911 87864 51779 75413 87051 92671 18041 44403 35616 14349 33763 72579 90119 36411 4739 79001 40787 29404 6993 37744 49203 40469 8538 83151 10052 58068 3072 53034 8006 22583 29902 89673 38952 52171 65046 45401 85740 60379 64503 75608 44534 27670 5842 43627 11695 51282 75061 35998 38644 6920 48805 20275 46644 92163 81791 55849 48206 97226 68915 47199 7446 64852 74806 2570 66157 8699 9526 36963 30493 61965 78483 49245 43701 76412 82304 61406 94600 69717 7974 27814 34363 74911 49605 845 49352 4907 14132 87719 2003 64758 28737 57267 1426 92165 10610 73464 85323 46492 40347 93391 58611
4001 120
61487 61767 48020 98449 93250 77521 17 5429 62593 95097 76314 61803 81983 2318 25414 45141 88932 64632 99229 71812 37347 62255 49846 85830 54628 88417 13197 69011 14336 78458 98261 80717 1206 63582 54061 45212 60515 73608 21877 78989 1648 9340 92158 15047 6740 92416 81307 81902 19335 47603 39871 74356 51523 613 4468 47629 35808 66493 54199 97980 69444 48104 55568 25464 72525 20119 87781 89143 32053 42261 7531 11810 32655 5 27057 43572 60899 93994 21540 93734 28754 71794 1156 97685 40053 31822 94854 66568 59864 53687 13794 74740 63101 89038 16505 12777 40776 51914 77959 33843 12367 10276 53081 11043 85926 11760 93495 66649 62847 85469 24687 82020 23474 71327 2490 34658 5903 46960 11121 78821
481 121
91279 10093 18069 63167 36460 50989 63251 1349 97998 25490 8961 95936 40417 34110 21914 94193 80424 99175 62802 10168 13208 69007 98570 21507 77796 80711 52699 57709 11428 91716 58990 71449 67925 8187 76246 19218 10537 76873 85686 8779 31574 50256 34534 37114 24833 93880 42134 53555 36169 71431 77474 86083 39157 19043 9277 75324 26334 91793 0 68927 79199 26048 20451 58427 26374 48864 5553 54383 62162 43611 78165 5098 37195 20966 93672 86304 42426 49096 63385 63752 6184 78998 70439 99357 3094 29645 36443 46409 16544 9629 36129 26939 20317 93232 20293 76623 39679 61215 93737 71571 2160 18945 93029 52679 96149 93187 68339 26690 78443 47579 56599 19199 76928 61109 1722 71324 29036 11445 85016 57412 80724
1388 119
50465 52246 29724 49765 94886 60794 55225 48285 80065 14010 84043 5823 18955 25712 24182 14864 21160 57302 38503 80011 15409 50959 98026 5954 53747 61634 49479 10890 54311 87890 2100 87940 42235 40759 10110 60103 95032 82567 71683 67221 91986 65623 4581 40030 52255 29993 38200 13389 48660 44582 79877 15087 29593 40898 99837 87310 13359 1660 91025 45493 70363 14153 5924 58861 70696 45525 55834 63184 59570 21281 99034 48637 87319 15271 91771 60043 5758 47160 53816 27875 41796 95047 40098 62588 22115 59221 83314 58393 28948 19387 37317 32490 15006 34136 58770 69754 16811 6277 82668 6415 74122 61974 42242 50039 36028 60710 96970 50144 79816 11793 8505 9019 30253 70494 44343 5171 38486 5414 11691
4775 120
75955 33166 99036 50919 96335 59378 36110 47462 42618 62524 7934 31268 10497 36279 14372 58543 89979 17681 90448 36438 58568 10041 51237 82298 51519 89079 35072 8096 12854 55108 6172 32414 75393 37643 86660 15694 79868 3443 97825 81383 70925 78228 72048 73079 26197 22197 81411 21419 27537 83580 5628 33911 75419 70849 99601 56557 91555 20149 5441 24042 70210 60313 60571 12581 19272 77445 81038 6816 59257 70524 6249 47258 32748 26121 3257 50695 16801 85320 35515 90467 1902 82097 72931 28768 43668 95663 53501 93195 94535 7852 27530 54658 68725 96560 51859 58903 73355 77648 83478 55597 67546 56024 25889 41280 36763 96925 55095 87910 90144 60027 64747 88560 51993 77652 19090 32685 78307 2572 46661 62549
3553 115
47527 16181 76539 14623 34413 15624 76360 31034 88851 45851 68023 68324 81754 65448 92040 16316 64314 71219 38383 49837 89280 94662 66009 52271 81282 8182 14910 2319 45268 16386 44156 67329 55145 89999 96888 9370 29137 35345 43029 82630 82776 38963 5086 99407 93104 44998 10498 54104 40950 88180 91919 27266 97991 73044 61707 61042 81710 69780 42716 92342 27682 59518 6779 52075 39121 64432 31384 89542 35034 37530 60950 15945 77710 72185 32437 17838 12213 89074 78456 1901 66944 57535 23868 66384 47332 39035 97922 6080 34068 5458 72817 28809 62631 60192 50024 62574 69259 18051 4283 81385 2732 77562 99836 94061 2526 30809 17804 80790 57114 96798 86034 87074 51652 90966 45560
1224 117
58545 42111 97552 43469 2393 18861 27149 33404 63734 89628 55786 97700 13451 23189 9378 49388 10131 52730 63907 24338 8651 22535 52670 35944 75629 59576 61877 99294 25209 84315 11955 33625 39754 53740 80971 58657 44055 35928 97375 52358 60224 95683 83576 73222 2516 87065 28221 95475 99185 95407 97725 82612 32610 51010 670 30479 31594 23078 71331 93939 47371 1680 62308 35209 71837 86218 29552 13759 6941 47395 61190 52228 64847 56158 1148 57668 24448 14306 38972 30360 99136 44741 57606 77119 8206 73031 11854 71751 74212 89340 31418 97006 18197 70611 27711 35308 46511 27374 7397 23197 87073 78126 21179 17812 67402 47793 66122 32282 21025 4392 1701 11099 90890 30063 44632 37060 54771
3023 113
48821 65167 75356 27809 11104 45734 62448 95517 38002 84067 56627 52399 47569 83952 25697 85069 94560 28269 38729 24859 69708 4473 84355 93678 1671 3788 8707 33546 67694 81313 78833 62098 44152 46506 52318 28548 87776 53862 4863 52185 96150 56868 6261 86914 2249 27659 96861 62163 68140 73253 5746 59114 38390 79371 72118 39740 91655 6887 49297 62881 59176 84568 14994 30379 44478 89073 51222 5783 9020 84748 66475 85712 28289 97118 13547 26802 67194 45106 26643 90578 20741 67854 65608 57082 35329 48666 90090 10854 42146 49887 66603 64294 47277 93986 47627 61462 67175 78602 93980 42190 16227 10181 57671 79429 4428 8923 62693 62761 27992 46279 67318 44829 23507
