10
1053 324
24240 46930 128 41535 61394 59709 78645 58056 9283 308 46860 34433 91610 1940 47882 46101 40649 2601 45753 79589 62362 48246 39372 36271 30077 77565 26128 82573 90312 12573 37684 36063 80013 34376 82613 6254 2187 5189 86434 28455 14850 42050 41688 34212 37947 80219 8068 25376 20362 64599 54609 64982 66279 83496 8913 62217 61853 33853 37054 75812 86647 26759 36676 51221 22560 14088 66434 45512 88458 10158 20412 1141 56435 26587 7894 97946 44071 55661 42688 82140 98039 5289 66644 67154 15362 42227 90147 52321 67063 69169 15022 26174 65127 44981 12376 88051 17112 76104 6646 38932 19729 63498 2842 65905 94180 67772 74531 28288 98670 93322 27026 335 40896 63311 26614 20082 22938 58100 3560 10740 78355 13377 33985 34905 31368 20819 3127 36348 90467 98970 73896 3776 26328 36279 50410 71861 18017 57464 84320 90444 6325 62475 43142 69760 52052 77317 33670 89738 95017 37207 82779 90495 17769 50344 20546 96013 49055 23060 62728 40761 60769 61825 42694 95617 70180 68439 6086 88796 92142 567 3763 90818 79574 27394 77232 94764 76219 68407 76401 89773 54036 27640 58501 56604 44079 42673 62146 66133 98928 33737 41761 88979 37857 72161 37798 62281 48227 7555 89864 65706 83864 45977 680 22716 18158 93328 49683 82317 72130 88557 35109 11837 24272 78151 64492 59670 52944 4244 45928 20417 99541 39232 54356 94490 62726 13807 53543 93357 6757 64531 8292 49688 64442 77524 40637 18487 1411 16937 54366 86512 40130 77513 54510 81571 29870 85324 53285 55925 75485 80898 46030 12431 43615 93600 74003 20912 21052 38021 57772 69024 48202 98575 32437 54976 80433 15339 42730 59278 1159 87303 21883 45064 44081 20924 8042 37520 20651 96111 97072 47489 58757 34713 90338 95187 15602 49351 14665 86038 76615 51704 58868 63747 9433 60102 6754 59083 9335 39302 81624 54729 40904 37886 27335 55333 2147 36017 22755 77065 31008 81190 22916 5662 9815 32344 12954 90795 54017 26378 77639 80725 70492 99171 98183 62346
1114 175
22271 42480 47979 27176 39291 5276 69068 91430 11693 28220 27294 76618 2103 81325 12594 26733 89869 67875 82607 60692 30998 8759 3627 99122 54913 77667 22802 12635 7417 84041 96288 88576 73798 19082 19462 21804 73408 15228 9864 19138 26487 56839 69053 70649 79175 70552 63983 86779 52345 66036 26522 45138 81556 73393 28484 81532 22335 86867 52054 85417 40148 57441 95452 23074 44412 83934 86320 35492 36517 70363 32155 27747 23053 96396 65337 61137 98974 21226 26909 97392 9441 50387 89048 53756 64805 95966 67361 54569 14323 1152 11809 3969 90554 12549 22255 92471 77764 89098 22763 35601 37425 77194 1699 55189 20138 93338 26017 68777 76272 50912 7455 63005 35095 3505 75498 79450 56667 43996 20772 98988 75084 63199 18164 67155 39640 56828 90416 93209 18814 66241 36669 38390 64543 95076 58189 37423 64620 88097 53610 57228 4176 68804 27665 83180 81522 96091 59514 48051 5206 80176 10046 54192 48272 22144 58144 45470 27582 52651 59345 86787 72091 14586 1247 10480 86911 56837 49165 92219 30943 42740 51482 53043 39747 27499 27002
66 94
73337 87350 47650 31749 65240 85835 63875 52740 72328 12146 67119 58155 47031 29499 53003 66681 96606 58762 66768 37748 73505 48938 10347 50815 38856 36977 88737 51116 60553 37212 45805 18820 70441 73214 29308 5380 96401 17284 5320 6929 29557 69608 29932 33539 83365 63491 50826 52277 19824 2367 10403 26509 91108 2839 16769 19557 83684 91856 56495 21873 15969 89933 26135 99013 1428 17578 82646 20636 71990 62367 52032 38396 84239 31742 6222 23735 3038 35246 58859 91790 28507 20066 41458 8787 84740 57581 69445 38998 95217 33912 83530 77555 74490 18825
113 70
75548 67854 11422 4666 39675 37778 90774 17444 93494 90633 48806 59359 60680 43021 83812 74854 3817 94121 90472 42005 80678 22638 56584 97567 25618 7231 35397 12829 76088 75887 57234 91971 1406 30107 36746 90172 74195 88981 27443 84282 15872 39091 22381 39693 7057 83915 95358 41775 17962 10300 42564 65589 65821 69671 85118 20477 31880 64054 60038 17574 33217 97656 82480 30335 27295 65182 59529 94897 12485 82645
95 25
16217 23702 73794 82476 23314 60747 95588 79129 76357 30187 87095 67256 67567 6714 74061 56996 15717 93392 63673 28248 88640 9425 78896 6781 33454
1188 15
6690 72209 92311 78927 83501 53624 38131 33631 75036 68192 80038 63086 69025 28498 95440
816 14
93891 8729 77818 72760 53473 35001 65563 65246 35862 98803 10308 90641 60713 17556
529 3
22836 62593 50790
236 5
12297 40629 81198 57757 21932
1143 1
83144
