17
2442 188
3116 31305 16091 49205 11488 9193 99984 80027 37974 45795 49194 55120 93016 65085 98020 6343 16093 72659 75625 36730 81968 6520 9699 64037 44216 38077 63294 84320 88507 7139 32325 23319 34506 76618 46980 31077 57835 35797 31192 18434 41300 79947 76740 21855 64127 45322 81434 38539 12344 67805 41067 58783 86827 7995 93827 61786 95105 41831 34792 46649 7418 39854 14735 92862 73153 56332 7035 70155 50069 43594 61121 52942 85607 29427 24856 41426 71480 81260 90960 17428 68008 30973 54771 81179 65436 82669 97405 8287 67952 20357 15874 86698 32025 31648 44675 36942 49314 13292 20487 41329 31550 77978 43961 81160 2440 64224 75582 99956 89445 131 78896 77876 90584 2173 27363 34045 28558 71912 24886 45113 8595 38304 76786 63600 91126 35987 60382 68256 62579 34810 33655 26395 20062 43265 37043 62938 25532 52886 78715 15855 16695 74219 87107 25211 54384 29328 54492 33029 13305 97029 73127 91722 20181 11389 74706 33002 30691 20718 98663 89685 85960 46024 7591 81733 82340 93166 87358 13804 74563 10231 96107 46661 55622 92479 61531 28489 5799 84236 77315 69724 43135 17065 24277 93447 1812 97654 87943 57771
1646 127
42878 27238 25014 96162 32493 86326 91051 95172 88082 35877 33257 15913 37648 17587 30002 73213 58930 76357 21610 95037 94423 22070 18794 44925 427 93193 26463 59742 53171 81272 88156 5469 10159 95116 39268 93681 23811 33276 15768 24567 40184 98060 48410 40313 14897 27870 9794 66806 11970 56475 99026 90481 28468 22506 65720 29037 21884 52093 87080 27367 4566 52067 94481 70412 28577 62778 50132 8806 3954 91908 95681 46035 35114 564 28746 95330 26954 88919 4936 59030 14107 90344 5916 40677 65738 34230 18406 28923 35 53317 77676 16272 326 95251 21234 50337 8156 77914 61940 96805 47132 87900 22584 64684 47250 86649 86301 35137 65689 2551 65678 83155 30026 39415 35408 68729 68769 11814 87610 9803 79456 49901 35132 44877 30582 5021 85490
1961 99
25360 97620 54186 69055 32538 77982 89346 75661 10568 92157 9984 51832 84730 58410 11763 31939 71784 53031 5973 6829 68377 22730 82132 87147 65992 92859 15335 51256 37899 27439 47732 32539 19759 71568 32772 68286 19115 68618 7557 42577 70374 65043 63909 72442 92405 77622 32841 83916 13237 27064 51369 88496 32314 85888 92067 11965 80288 16461 88253 31229 82034 29973 74094 4863 75036 66239 97698 90748 85639 8487 62624 99995 26435 35914 74365 45502 61323 67334 5727 35805 75163 79984 41186 6293 22169 96695 88849 40877 45849 78502 36003 30736 34734 39666 27786 31497 4962 83852 91563
4828 64
92568 24205 89658 8989 71598 43659 15236 4819 71599 37405 42292 58399 40859 41809 37813 54971 35728 34971 26865 98613 43146 65268 9624 65030 37461 18389 21535 84895 1283 27010 85951 63235 32846 85721 91811 63096 25443 48658 95389 94841 55395 48907 85666 31126 48715 22899 41441 26610 52354 13520 53735 40480 44390 8737 55967 52375 98890 9322 69999 277 77878 67965 6061 98019
3678 34
56198 61837 76803 49224 24315 34748 32699 97399 71693 91910 4087 19530 10480 16946 56240 72557 68902 35991 58538 75377 37668 76738 19661 45591 23150 94153 2194 24243 37081 33316 18152 69386 16017 35189
312 37
93526 94477 40866 65146 51037 87053 29653 551 92888 17510 72707 26629 88591 38285 32655 61917 95327 20823 63562 38731 41226 75504 76184 97479 75466 62647 63606 76213 25337 38850 63331 99849 42438 53903 61981 86955 16970
393 25
58325 35695 30287 84495 13154 91353 36964 63068 97616 52347 49735 85239 37951 87327 14530 99758 23219 55057 95766 38457 47611 63191 16343 50141 60100
3686 15
56394 1085 5004 34361 7293 35171 80893 46222 38503 58119 56124 79287 99198 12643 13161
4582 14
37479 76667 59881 94956 15309 53710 49843 26833 68683 57958 31877 79656 60804 97607
389 8
36358 84605 25914 614 36747 84923 55192 60843
828 2
17949 50003
4193 2
9378 12725
2488 4
19362 87725 72420 48644
2697 1
55574
2785 3
72401 36024 99922
1137 1
12902
2600 1
34558
