14
1980 303
3966 38931 84278 24728 47120 34252 25076 43699 14192 93971 82489 20516 74165 41806 91669 2241 55088 88886 9940 40109 14005 48746 76247 18499 97864 54242 71433 21693 89273 2811 26177 88564 41066 83692 83427 94749 17115 63828 66165 80099 41049 39588 85204 78622 36117 52725 10020 96547 63629 75954 70383 72684 33218 6274 90921 63142 27791 532 95380 42562 69901 84883 67947 67101 41672 29452 8827 32516 59562 39114 13964 16663 73364 27442 90435 77382 57864 17469 13169 17827 61849 98675 27367 542 94832 86992 55433 18126 44770 97245 52690 1363 21851 97764 44425 97923 41088 63890 34198 38722 61496 64926 92943 75929 98289 54523 45395 4184 7845 38876 6139 94824 49281 19921 60386 97327 85578 23916 32167 52040 4390 10966 63442 10780 84586 45104 62065 96000 98269 32732 48600 94007 41836 97547 25022 37443 9109 86075 73816 56150 902 51572 48305 15542 39172 66917 95585 1649 55791 18298 58687 96695 68898 99523 40804 1732 40336 57901 36570 71822 40814 41204 59175 42435 20543 2291 40382 80318 76942 90449 83328 64178 10935 10409 6311 61744 63871 87719 42954 2097 26214 80788 26838 97503 48744 83321 68162 2103 2470 5248 63593 68740 27346 98864 50978 77012 60119 95609 62703 36207 732 9968 66979 58391 19082 52684 69082 62907 84521 86092 77967 44358 89552 22050 10890 86637 41422 999 74985 3319 75047 44537 54312 33076 63979 15358 90711 63323 10474 20548 45685 19055 78381 67081 38684 29283 47492 90761 21391 93284 9926 22467 74081 75366 20338 44651 48242 36260 66853 84638 66970 43797 72116 66609 31946 23918 45541 15934 89633 5711 56602 55843 38268 88968 45238 44816 33401 66902 82746 22157 7883 64872 87282 89186 3007 80967 27757 28613 57428 51975 1670 12231 93038 26016 33553 25604 99160 23148 2286 77188 40826 23795 3106 16548 23719 1332 89442 4581 78347 86553 39722 63332 56250
862 178
35194 70526 75801 47058 42472 45176 90121 23104 92787 62344 65970 49729 61450 95917 81301 60420 14692 25204 90212 22440 73187 87765 65319 47440 93529 10209 20216 59238 63757 399 64781 14845 80692 10126 58951 10714 18209 13532 43376 69856 89533 21027 4154 1303 47450 91012 58658 48655 419 43192 98159 15322 49407 9545 6366 28855 14769 98766 9611 27943 86839 96560 41109 77020 50464 85188 36615 98801 43331 55543 24862 47937 73493 91351 83931 47184 60187 73698 5425 19405 59015 59754 83709 20387 33748 7404 17984 67295 91527 76944 10631 81461 44960 74822 46344 14612 98961 83168 2977 29193 56358 38068 36847 30322 18237 5346 72893 64201 64351 8199 98334 49047 3361 52890 46393 29142 19895 30196 31176 26730 4030 13828 68940 90077 45590 48478 20206 19328 83993 57706 82216 70849 94455 52680 29272 79340 71368 17654 72193 55264 15667 15627 47368 88441 17838 21267 84738 30426 69437 99829 97997 97963 22882 84320 10836 20102 76073 58719 50021 29435 20281 44319 77754 42151 35486 54645 35595 49813 70567 10686 88063 35353 74305 18083 53418 9534 82343 93669
2951 101
89540 70367 53617 66648 7980 77069 43718 69817 40973 95837 43615 1847 1825 5433 12069 2231 8081 94482 17776 83621 84149 99944 28847 37624 41535 69865 60145 82810 22012 11805 20726 38574 60183 17899 59725 3021 58166 22812 66845 7768 58655 94871 53337 59756 32771 16096 62898 16032 39438 72521 31616 55747 12779 42767 20466 36740 71531 14924 35104 81293 90011 23799 53078 42889 75971 56955 1890 52838 7903 13736 44495 57451 11935 99643 91969 63531 70885 66383 20169 47123 19216 53340 44335 49665 28482 40806 50252 41366 71150 32950 27923 16744 52772 42816 45650 95631 31327 15176 59043 89300 29963
2056 63
71620 57710 64148 29835 39603 80149 31742 66623 77437 39653 28568 55046 43616 55080 45611 81757 73251 74234 81033 56009 21885 46417 73533 21424 67881 82790 28486 8461 34408 61766 57322 78944 18939 50483 29031 2975 34480 91436 9397 85407 91953 14858 1884 712 7424 53472 38230 49668 91421 83143 78185 81420 76598 89262 62653 35966 44842 41371 11869 5804 31088 8495 62175
328 31
56778 79170 80529 68173 62018 29430 17287 28544 67233 82334 66996 33640 70690 32975 99471 42211 10147 45457 44969 59523 24138 24410 67853 10257 50134 2323 41 47032 50748 41923 71633
942 22
51700 38005 13204 31454 32240 26469 18054 85307 4682 60511 8585 8332 82877 78151 8534 52761 88475 13470 65340 22309 40652 76792
2222 14
76899 82883 36655 74767 29497 28591 8780 7110 98745 38893 64517 73476 52613 22583
479 9
61013 62004 69179 8193 56412 79222 31915 84821 77046
72 4
42163 80307 80319 50379
1878 4
8132 92831 20274 79991
224 2
62393 23363
1454 3
90827 87814 10155
1752 1
42719
967 1
67451
