13
2651 328
29971 70557 64501 1290 98360 35024 73680 49684 66512 56240 58399 30351 64752 77670 3871 82830 5551 81855 91421 35471 56008 7956 57727 97973 97382 76667 35285 96252 59306 8188 47166 15943 29884 92060 55433 29168 3618 86671 18622 3783 15240 51967 28575 70149 27145 31746 64231 11322 28037 35224 36460 48838 71030 40664 94143 81948 61787 68906 58268 12120 13344 19826 27710 79077 75358 11096 97180 2886 67231 3429 20347 31685 12968 22349 51075 46170 46866 62476 2372 17248 39106 76091 30437 89280 69825 2547 33468 23302 62675 92963 40909 2069 3282 38723 82498 55644 21734 71060 8976 35042 83669 98462 5297 22740 29638 21621 42847 85371 47740 8072 47746 34041 33432 73656 57323 71409 49159 54468 4258 41775 29975 52202 9458 67129 73776 5326 47317 64611 57503 61888 13305 19539 15585 37381 6912 73677 11273 83399 42754 27895 66199 16491 54726 61977 87694 39191 7694 39126 2484 83439 85163 88358 49139 81025 83342 60152 59282 25574 68846 82564 28828 89470 86723 20568 32527 65242 6950 9294 94429 10737 39634 72895 65735 85127 75906 34212 42308 60808 94626 3573 68199 68190 63707 55910 61414 71703 18762 34187 84979 64129 69547 46813 42871 80989 52818 85080 3392 71353 80795 483 24112 76390 62292 9151 21888 82264 50410 18091 80660 20673 32167 83407 75277 44993 31121 77803 68713 97405 94377 11802 23087 52895 39255 40543 34125 43990 57575 75871 86197 90629 22220 86638 40009 89288 17167 70546 5221 45840 40829 64181 80041 32218 88332 18730 34354 43344 52856 89039 50885 69924 8752 20980 73753 7184 5464 49900 52816 63180 27194 6800 83513 82434 55173 67627 25324 15174 10866 66016 72151 19183 75564 13904 10284 12978 83749 80135 40212 84121 8027 20801 98107 71053 52801 48565 39078 22759 97094 26792 44452 23915 52688 71189 51067 1989 73698 39111 59775 77646 37284 89540 8475 35210 90206 69503 71446 37561 91789 37798 22520 80961 4176 43382 68672 18541 46389 18093 41101 5424 9722 43169 60805 86485 27220 34404 1648 87751 97992 13112
1206 173
19504 18342 74680 44528 43099 41844 20255 75950 16659 69037 11755 17803 20128 8154 98786 86890 21197 1233 13834 68729 46077 26730 57476 2315 70057 52254 46700 15338 48021 67362 95022 50433 39069 74916 91989 92943 99390 80947 8973 69319 38162 79250 18067 88210 91331 79132 79661 1794 1503 39841 66675 14735 71921 76852 1700 83748 13627 11870 98485 76516 23510 2878 29636 57338 6885 3885 99650 29606 75491 39965 52522 66980 78631 92115 98784 32236 17640 4960 98284 33015 63408 1896 15269 99883 66377 76139 6012 92017 68357 84682 27904 76639 2109 39811 80278 64981 16930 36801 92576 31495 93587 83926 19835 47560 67662 46265 19122 32452 93257 82437 87092 67092 10020 20560 143 97121 71485 81040 76720 77643 26627 75188 96526 62568 65724 76043 63381 64555 24945 74380 19491 7316 94618 48286 3437 35704 80303 22063 41994 93337 81241 30419 27430 484 79701 74536 79908 37964 76981 94985 23973 57322 94291 86751 13924 99745 86534 13391 12820 56236 87862 87872 29574 40786 74194 87719 61817 63102 90024 74714 53045 73758 92238
1621 99
46774 81615 72771 76338 74404 41356 6985 50327 97945 83953 33813 52898 68456 22402 8883 23580 75225 88248 62322 75779 61691 12354 82042 72572 76385 8729 15708 42273 44577 94456 92357 30770 25874 63994 58552 64079 64783 28191 18635 27240 596 25010 35628 51626 8445 87979 5122 96453 6259 78617 69297 73888 35992 16605 67490 4391 50556 22513 83963 56962 49558 4220 50245 64100 50793 61531 26868 78221 56828 71351 17434 684 37157 7241 7923 55192 59293 65598 60458 40757 77486 46384 89678 67593 18791 61552 48685 33113 31666 45977 85920 76862 60641 30116 28330 67333 92113 54411 52167
2291 59
11107 95752 38751 11254 99352 32903 98585 41387 53314 29294 7960 96122 5520 41461 33876 31319 20135 16546 75590 94643 34173 5981 1876 71155 21938 31124 42155 41035 16365 68958 45553 3684 20272 8116 21109 36560 55394 22947 28656 83004 9468 95006 64361 48493 69943 70023 79495 2449 25928 64635 33135 32335 3493 98261 26300 70284 55126 49232 64362
2565 27
96387 37722 47846 21642 1842 13400 13910 41773 64367 89413 13193 60803 25794 81112 29046 25810 99346 34077 96342 5931 37063 24830 66484 14588 95898 96194 90210
1997 23
49449 713 57219 28505 41756 87343 79804 14116 76802 2909 97229 8122 15580 7173 130 37666 50607 16749 11427 95711 77200 92973 35185
404 8
18603 53145 15892 35767 84734 43391 33838 59351
2447 4
99338 50167 79169 92559
2835 4
14940 57605 58097 59710
2662 1
77144
1415 1
52787
417 1
38878
1848 1
87067
