149
8131 14
48192 2753 35208 34627 57711 32770 60142 8958 61085 93443 35978 19344 49929 69448
5042 14
45577 26925 26766 94661 76151 39757 68147 81889 55316 37386 90118 55018 45015 68243
3225 14
59175 61115 73201 4224 71678 81242 56380 85947 37397 65236 31478 40130 27317 24498
3873 11
6457 84908 58218 79644 4721 16513 94308 4573 40948 11612 43350
628 12
15749 34546 34056 10167 12435 4344 86071 20611 81174 65809 68228 35283
1669 12
12268 67893 22089 92737 8328 67944 12485 61882 67888 86791 17470 48246
18585 6
42173 22824 29142 91430 11712 14792
1165 8
57127 1643 74902 76138 53076 10425 35573 26487
14924 11
82847 87210 77041 13780 47150 22111 46385 57378 73552 77634 79970
2523 12
51609 37766 54125 62270 26806 93402 80797 46815 48342 57022 15304 10700
5209 10
52814 25857 40040 79371 82391 73063 53805 84569 25434 69672
1421 9
3499 59694 88187 22281 40901 39570 44756 41926 33849
4751 9
72764 54451 33058 34081 28338 18373 10670 92815 13944
18081 9
92571 41002 4778 87523 9164 49108 40651 11062 35473
15856 3
81099 61243 81474
1190 6
79494 5342 68718 43412 85957 191
1552 10
91061 1525 79376 6143 52193 56649 12771 92119 64013 90036
5804 7
32555 70757 91007 37462 53898 7601 60520
8221 4
64895 37805 63865 35983
1809 7
87630 34438 92328 6590 56799 17849 12907
3254 6
50378 36 2874 35315 17249 61571
4744 6
72414 43425 40150 28123 71310 10284
5975 4
91710 16291 13329 2671
2141 6
18386 18036 70280 20665 59197 17147
20356 3
46344 14960 56188
5997 3
68627 26644 42876
13827 8
34758 69516 36602 6052 88415 14454 13735 35057
2432 8
63422 94544 79831 79364 25745 5893 60823 69741
1318 3
64320 46192 36877
3935 6
42121 52246 80207 94629 1656 22864
3562 5
52017 6150 28382 59339 13945
3899 4
57169 16453 91076 6823
8470 4
72142 92906 28153 13591
2065 7
49720 52452 11196 88955 12343 69868 47443
18987 4
63690 38795 59586 42417
624 5
40366 13554 28884 74230 42897
182 4
60337 58876 14218 54465
4544 5
83104 82282 28831 78314 62942
3001 5
4074 80331 44625 6515 26714
71 2
51730 94203
16541 2
53658 71291
1105 4
15474 64826 69191 15189
1886 1
63335
1459 3
23790 67151 19186
19596 3
37002 23131 42025
523 2
36102 56196
7004 3
14566 26974 85613
9098 3
84252 52525 6508
3338 3
57613 3749 75801
4314 2
51774 62508
115 3
1950 3797 65306
3819 1
20518
351 3
81352 91509 68442
24126 3
75877 18119 10511
980 3
42152 21522 26315
4219 3
87526 18364 51175
3629 4
74762 60400 9935 76882
1156 2
12180 65890
2519 4
46397 60539 59554 22119
22056 4
33009 21561 71717 82920
753 2
19042 82267
3180 4
51467 35127 19854 77988
4726 3
81669 89356 70173
4356 4
22563 57612 19805 93990
5694 2
17557 63401
6364 2
17915 2249
8038 2
91696 62800
6083 3
75263 90806 49214
2989 1
41922
3921 2
77490 54684
5771 2
33664 65947
1936 1
36308
23855 1
51003
3914 3
59896 70292 26400
9597 3
8173 23146 60589
747 3
33786 39225 39820
173 1
59964
4703 1
92646
19038 1
76976
15006 2
15768 58349
6370 2
50162 57439
21404 1
57600
3375 1
55017
22554 2
35771 7214
1300 1
53359
8947 1
29491
1507 2
81118 87288
921 3
74159 50398 3772
21800 2
27125 83847
4830 3
87392 52776 22902
4903 2
73121 61505
1997 1
11902
24226 1
27149
1845 1
42120
346 1
64178
2374 1
30854
3632 2
64592 11872
3769 1
83879
21246 1
59155
762 1
89778
24854 1
12478
4099 1
40207
2104 1
63662
2735 2
307 23303
5576 1
19579
2594 1
90998
4130 1
88043
2158 1
61610
3956 1
992
6184 1
13257
2325 1
71726
5986 2
30193 35331
2885 3
27512 38188 10728
3444 1
15159
6125 1
18301
1671 1
9434
5256 1
89612
22545 1
29416
23490 1
44844
919 1
71560
5850 1
22677
6060 1
77871
3114 2
69490 94004
5762 1
68738
5742 1
79154
48 1
54546
6111 2
92894 74369
1294 3
41535 41771 37292
3452 1
53056
18965 1
53274
591 1
20306
5565 1
89651
2189 1
52217
5505 2
34374 65188
15893 1
12850
4894 1
38996
1652 1
70709
2775 1
76252
18000 1
18600
1108 1
71311
22766 1
75013
11419 1
37819
3655 1
17805
338 1
22574
11062 1
43420
4747 1
27853
2140 1
33304
6134 1
27600
1091 1
81200
