168
1141 14
46003 5473 24302 63874 94168 39953 34595 3666 46999 55534 38111 79007 21668 71228
1081 14
58835 77347 90374 67288 56216 26414 51016 23258 30136 37397 94536 5112 68436 42572
3685 11
61315 79207 62849 62868 28856 50247 56929 61950 90437 30742 45090
16939 12
68040 49814 78152 22431 16031 42297 73898 26945 39035 56908 58223 15117
682 11
55917 27967 43937 4090 92542 55683 34641 44878 993 70130 55461
21889 11
31315 49086 74099 23617 88173 47185 7607 31862 2384 26584 35737
17531 8
54969 83363 45853 31852 53315 2842 14197 34586
1241 10
56939 61571 62716 41135 45134 47972 3893 94656 38806 75784
8755 8
22154 88395 91743 20035 58813 87693 19443 43752
7819 7
70244 68347 66633 29980 21341 6456 73902
15673 5
38246 57684 96427 2978 43869
14530 6
93772 87327 83904 24687 68784 39352
4077 8
79663 35721 85318 9591 82318 94633 12329 28599
1335 8
3013 44690 94470 80197 56360 76676 38097 49074
289 9
11578 64620 23336 31608 5673 38363 75618 15017 45822
4039 8
55095 29471 11991 85726 90263 26751 16893 89635
46 8
81107 94479 79198 60348 11995 25022 1902 29402
15979 5
70758 49102 56709 48539 56993
35 9
19450 2394 49878 425 77559 7422 26873 7975 64999
1121 9
57375 5133 41080 27184 40693 9279 40617 94310 36302
17153 8
95421 28521 60087 53591 37618 21280 92023 5110
8758 3
95871 90989 51268
1424 6
77936 31502 37518 1417 63226 50900
13980 6
54894 75562 24891 78278 83347 74628
685 8
10629 80404 94345 3752 76517 34550 26774 66077
1432 5
9536 91861 59867 87120 32438
1535 6
51289 72859 69801 70523 46205 62071
80 6
64356 84651 50139 13530 20443 20857
12594 3
85047 26887 26889
15946 5
44263 81217 70626 41166 55559
15909 5
88561 47915 67824 59495 84497
836 3
48296 53276 33691
11412 4
70467 91223 67221 74104
559 2
48757 85338
34 5
46117 32734 47298 41183 2199
43 7
34831 90173 3946 12738 30711 49652 59653
5585 4
57915 58427 1892 64439
14322 1
21275
21100 4
17861 34756 78318 39710
22076 2
46371 26301
4434 4
37015 91232 8915 67711
218 4
72920 53117 29343 25373
341 3
88900 51815 33429
5501 3
88527 60702 55610
1562 3
8236 22819 54029
9919 2
52328 68568
10966 3
74492 69441 72783
14573 2
14940 10051
467 3
6189 33358 44389
1503 3
71166 73580 30003
14568 2
61158 69303
1407 3
63292 39175 5367
6326 1
9371
10830 2
13378 73396
214 4
15935 60998 54036 88522
15008 2
66282 46315
2193 1
11174
17055 4
84634 52112 61457 58944
171 3
10734 14263 2819
12301 3
15127 55505 86656
13145 2
8507 123
15635 3
1784 9464 32975
162 5
66304 29224 58056 43338 84989
646 3
39662 20805 64780
1028 2
30662 16524
14436 1
47494
7125 3
40150 65648 36053
548 2
38832 43920
16166 2
36770 81462
573 1
78161
2212 1
37418
12744 3
79690 87017 82310
2292 1
45329
19854 1
43273
10516 1
58891
57 3
8418 52642 48770
142 1
34952
1501 2
7448 38638
14680 1
71105
1314 3
179 87004 42055
21107 2
1413 42333
3606 2
44430 42194
6839 1
41572
14667 3
11816 6435 80470
8076 3
3530 13137 80605
21134 1
78657
19066 1
79180
3409 1
74639
3887 1
14259
752 2
57964 69157
816 2
29930 31957
2440 1
4758
15566 1
1047
773 1
11470
14167 2
29481 51896
6720 1
62053
19970 2
71381 33882
820 4
86775 14478 91146 59010
1446 3
87230 45817 70463
2313 2
49522 13392
13569 1
33733
6713 1
10226
15845 2
32064 82150
3430 1
44210
595 1
22077
3949 1
23620
1091 3
21498 40225 4012
1572 1
68988
12617 1
11007
3473 1
59827
298 1
81248
18482 2
43813 45267
8819 1
86526
15686 1
19750
2579 1
86394
5915 1
7090
124 1
77344
1470 2
72476 13360
15187 2
61520 31354
19736 1
56623
20427 1
95724
9614 1
30018
1541 1
51485
8649 2
39267 49070
7999 2
73610 70473
485 2
64282 81811
1232 1
70378
18708 1
43179
878 1
5439
9621 1
17992
11557 1
31169
21870 1
31196
14331 1
40972
1428 1
59748
146 1
588
19801 1
83127
1160 1
34814
1040 1
71763
18005 1
42929
19927 1
67486
16297 1
69997
5579 1
13207
309 1
13813
533 1
22856
602 1
15862
1038 1
31104
968 1
72696
117 1
83915
1163 2
12162 8734
5428 1
5450
1157 1
70991
851 1
13370
20103 1
40484
9577 1
88858
8237 1
24185
12469 1
43192
10042 1
68862
584 1
74171
1250 1
57275
16858 1
43169
17775 1
85671
7799 1
20020
7829 1
70503
14502 1
4925
7180 1
31278
5949 1
20903
19600 1
46387
4783 1
95076
