17
515 277
29322 77370 23154 28156 85787 33963 72770 87536 59988 88900 18435 15288 84501 45889 39037 96720 79589 95365 35590 62715 80778 77163 90496 58321 35153 42603 60334 52558 42452 30660 56824 40515 81720 22534 24585 4120 56750 21393 43461 45751 34930 70935 73281 41153 70331 17210 32261 702 97887 52493 39006 51030 30233 61961 68168 80446 49158 74794 96597 28610 32128 43947 67028 19886 83807 26867 96513 12077 74234 58252 79639 46341 90116 64663 3702 20639 7715 4635 75756 74582 94975 6981 57269 58499 10435 83237 50680 17208 91870 73498 9865 9546 17711 99248 12298 26763 76862 57367 7915 50653 91207 52433 21422 45627 91653 70031 85530 12034 70927 2969 95779 83818 7823 21247 32951 20536 30215 51301 94635 89342 53776 31723 77043 95503 10606 1829 64421 41805 51118 77065 1277 16853 12807 12663 30044 70776 41713 62298 80965 42804 47823 13612 72815 50734 68408 84034 59533 92989 82027 9186 89079 46285 88291 86507 62616 51096 84278 84385 68165 46207 51656 36939 40141 41184 34028 23395 91475 3388 49575 10977 56929 77296 61375 61790 99763 64020 4043 46470 13019 79242 57101 71678 32661 87226 66125 58887 30766 90906 14109 64415 3773 67487 10440 87562 71484 20512 65266 15639 80310 79862 39389 47523 82403 24567 94186 6504 5633 96790 39324 40787 72814 41883 33561 78639 91286 85176 28834 96036 37512 87634 37404 85990 41279 29908 66219 10998 73543 20499 3209 41177 7005 14891 78301 95607 1068 72729 72737 5524 90387 6547 32895 40339 94437 63219 58612 53716 81012 33278 52470 57187 51465 61689 11945 38111 3056 19054 66108 33566 48863 67556 507 66303 31778 66828 40274 98757 36297 1509 48763 97974 78567 2819 61234 65497 94178 60393 57329
1531 180
64298 12817 63680 36237 99170 39186 18916 78782 73689 11060 7922 80193 93918 56863 22640 49557 9526 18693 79697 90805 90126 56833 4839 353 89202 93992 49225 50332 50677 10683 35544 63643 76529 44259 29913 33534 70882 22922 36533 58148 69172 2847 4360 16277 96434 93862 57580 26368 4962 41324 14274 43285 1979 22987 10309 60143 81599 37937 3340 83709 18295 53264 10264 78842 79361 33205 93688 11630 36397 83757 81359 65759 51462 59211 90889 88974 71017 65225 36919 38333 32472 52382 63922 35265 64200 62542 16138 53327 55446 3609 10726 15877 3961 27516 46884 39419 74431 97670 49772 33517 32607 51309 78093 69843 20352 13620 53095 51281 83274 66757 73753 15182 31578 75559 53430 4967 61977 11627 31779 58860 11770 73290 35444 91359 68616 36506 75749 53863 90887 63530 54254 56583 28940 33250 57650 3199 29421 66132 48100 38322 90382 17066 92755 89263 57316 66078 34580 68393 17692 891 16580 76979 59317 88618 94940 83024 9649 8200 5743 60129 99261 35272 15475 11040 15341 36131 47099 88535 877 90483 27406 31213 36894 25786 16574 36617 85911 19367 63475 8187
396 121
71593 64777 31901 63915 99074 15356 87595 97951 28015 31269 46517 97282 77383 15192 71417 33809 92685 59287 58588 14645 50719 48681 28947 96929 55618 16774 21066 41474 77030 95168 51275 23311 25972 76481 26207 42930 24798 30400 43037 16501 80727 47469 54698 76168 35506 98836 62488 43982 53883 96078 10411 22658 33555 26364 65166 82794 80371 15680 81799 65733 26773 11809 54286 54149 65727 56642 63349 2942 3404 3386 61437 37529 38181 21319 1913 18532 41712 67073 2650 1489 65865 46800 44518 28187 43660 83096 69709 87223 28071 57518 84823 35613 12870 84657 82072 91643 48104 63997 21777 87004 62503 5537 76267 86775 64859 23781 37903 89535 8438 17940 53424 79922 43693 9969 37890 12723 29446 98396 51890 66268 61770
417 69
44505 42570 95731 3421 64165 47299 91083 4475 68470 51070 75817 38863 73119 49747 19552 30110 31206 28382 21695 66830 55211 4217 17200 89842 10066 87069 56979 191 13190 49317 53614 27930 89688 47417 99241 20621 85 51000 39598 953 65400 64568 42601 8883 89527 57429 62339 5329 56753 41318 98621 69531 25006 65249 1693 28492 90888 23028 73027 13596 39651 24370 26701 65542 26656 32837 966 48975 20732
1827 58
35138 38205 63029 1137 8264 15158 37005 46169 24480 61695 60925 64296 28487 59115 20826 17377 13666 35611 22276 17186 70542 82477 34948 3400 64592 24213 50201 58744 4894 39807 88810 67881 35348 85259 26385 9729 58091 93831 44712 46452 53592 92062 18318 16395 7175 55372 94008 85579 26792 71372 85404 7552 49844 22531 66861 9533 59297 17698
10 33
6865 74196 5513 24319 71367 3999 2161 20291 31073 62401 77828 90043 84306 84828 15170 29843 20290 62857 8368 50563 51923 13717 88182 19231 38650 71424 87077 57812 88566 84884 26264 80663 96131
208 18
4817 34504 74486 65361 55286 21862 68635 18468 82314 23143 32003 70410 49354 38146 58729 64737 66533 42011
1871 14
57412 40253 28188 57452 78608 65242 21587 75976 39516 25678 25266 83568 10126 15866
98 11
96587 9457 65626 38241 24312 50785 46949 97422 23700 56127 23871
1799 10
71611 72347 33153 80340 42300 85752 44905 83122 77861 93503
1857 3
37593 12218 13980
1704 4
67000 68672 82307 51823
1818 2
20463 46385
2 2
60199 50638
789 1
30228
914 1
41119
873 1
4696
