8
977 160
22407 21480 25592 65855 31601 77409 3932 80595 66632 75007 72798 66172 8585 44850 85432 80110 68864 6917 54790 80767 33537 97344 81281 4147 8178 38102 46946 96852 45622 12272 72682 74534 5295 1601 40668 43412 50898 65757 98630 73099 9936 82760 44158 99324 44315 54434 91961 82226 35233 19268 66501 73640 34101 56318 12202 10742 40519 94099 75969 20173 1351 39312 88192 62934 85993 93062 4667 92305 33796 25822 49854 45171 43162 57810 40143 29054 14359 16390 48652 16058 19287 76238 17314 32331 37139 124 62828 59832 49634 77957 65183 46342 88005 86407 65380 62200 79109 63621 85720 18371 27651 3697 441 94020 56119 83778 52523 97189 62020 108 50453 59160 84428 92914 26080 36220 91022 91136 75177 6811 14940 98625 55348 15371 44602 24839 14553 48408 58239 24770 36247 19524 35336 81144 61589 17754 83558 34136 64439 88047 63516 54319 14628 28900 22962 27854 96846 26883 86228 71142 55293 31549 49514 44673 9751 11599 51881 74058 60878 41226
4189 53
70939 94286 27343 16798 96225 80967 78797 38182 41675 53002 93525 27662 2001 96342 14540 46330 75535 96434 81583 35765 74519 87778 28573 86034 80364 63946 49108 96117 66497 85466 21598 36195 93750 16304 71834 48511 75707 59532 44765 60201 15805 83220 28703 95127 26382 17115 63456 3473 43401 39947 12467 47242 78836
1661 23
78301 24024 35962 80131 67529 73401 59710 87996 41471 35142 66189 40956 91525 85176 89983 31396 21969 16588 74495 515 25255 1826 14263
2762 5
7474 3205 72948 11014 33785
1092 4
28106 97923 60218 98224
1170 1
25253
3645 1
37686
4577 1
86702
