255
0 10
22949 50533 27975 57512 20651 42190 74158 72400 16753 27256
1 10
75936 51845 37514 57675 25645 29525 12280 66042 67132 29726
2 10
10860 15245 44176 14451 6997 20313 70780 30713 72766 74173
3 10
7776 58307 47995 15141 76230 26779 32013 27610 22299 50046
4 10
17697 40901 64070 6886 26055 24134 43948 3215 3667 1302
5 10
11585 32993 56165 57416 60906 65451 50090 27472 77276 60702
6 10
35972 12069 22537 17131 74032 11000 72281 30556 38173 7193
7 9
71305 58670 76369 8564 29240 21721 16605 35838 61656
8 8
2468 13670 49094 15050 51506 17490 57876 67061
9 9
35910 51718 18956 55151 1844 41911 4889 17533 7422
10 9
26113 66246 61008 8433 61490 2449 21817 11386 16891
11 9
70497 41928 9774 22611 29653 68469 58071 37595 50430
12 9
1824 68775 22504 64297 31309 13168 50710 6748 69726
13 8
64161 41607 4138 62476 51116 15180 42069 52190
14 9
52195 70534 33095 6573 8241 46514 43826 68024 3865
15 4
20378 35659 76428 55031
16 9
68261 62182 36426 23532 43630 985 33179 58013 69855
17 9
11681 40486 77639 67180 73805 36909 72847 50166 18459
18 8
22850 11493 49096 59113 23466 73647 73201 22079
19 7
75648 4464 68721 31059 67893 10166 6235
20 9
60999 5996 2383 16656 1521 49941 54265 54938 40285
21 9
59656 20424 72139 48978 73140 32919 56764 63390 77175
22 10
18112 25287 31945 7278 77009 15505 12339 18774 24121 44826
23 8
58816 71330 19141 4073 33710 15897 70265 5182
24 4
61825 44547 68621 39217
25 6
34562 25698 77494 70679 10206 45023
26 6
50978 12322 32388 34506 31761 12152
27 9
18048 4773 26280 25930 71850 2218 73680 43825 31088
28 6
31725 42989 41615 19663 5871 20762
29 7
3714 49912 17266 41301 47989 16856 1144
30 6
13449 42191 6679 17176 53659 18302
31 6
46627 35747 58088 49044 3350 46013
32 5
22533 42373 49582 75574 26107
33 8
14945 54914 9391 13649 68338 55126 58910 9119
34 3
6120 30873 54669
35 4
50640 8407 45510 12839
36 7
63589 29927 64295 3979 66640 472 44830
37 9
5608 15802 44468 22868 503 27961 52730 35387 45407
38 7
34656 38088 33456 73649 74005 66748 94
39 5
73477 1189 32404 58518 35031
40 7
35552 75330 53669 14672 50513 29906 14007
41 6
37379 65796 43509 21469 50110 55903
42 8
8866 76038 42379 1743 50095 1495 70648 9852
43 6
77377 8771 60676 23562 75317 33435
44 4
64360 42529 9960 12419
45 7
71040 47108 30919 66059 62123 8403 11414
46 6
67585 7730 67284 12246 54557 25310
47 8
13886 32905 45067 51673 51727 2036 29209 63582
48 5
31745 53253 18856 14485 15160
49 6
4064 38220 41517 58190 20239 59027
50 5
4420 44904 24011 77200 51576
51 5
73441 67911 37651 75096 72863
52 9
68099 2212 74629 33515 30286 50031 25111 50042 16159
53 7
35238 37324 47280 53360 76628 14100 37370
54 3
50558 46445 21854
55 4
24416 2471 2475 44583
56 6
41472 37861 2765 61078 39163 1723
57 6
21891 67205 52659 34774 43641 13437
58 7
19008 40324 13162 56821 21751 28280 10745
59 6
5443 1479 35561 43736 54940 63743
60 7
36610 65668 23079 51952 38608 21276 43037
61 6
677 3209 34926 27190 25750 15099
62 5
61422 74895 34294 76310 68476
63 5
480 21771 59185 21011 11608
64 3
18346 57395 2300
65 5
74080 21125 43534 7160 50975
66 3
18235 11147 77006
67 3
63170 73261 69295
68 5
26598 50155 2263 35578 50236
69 5
4236 74862 16726 4410 21277
70 8
42528 71233 54214 22278 30890 49302 16249 56412
71 6
30112 1219 20387 61257 10228 21310
72 5
13248 4900 32015 5139 4381
73 5
29857 11140 29611 40140 19026
74 4
35393 33172 54285 54846
75 6
59308 69966 16501 55481 35931 21661
76 2
30618 40830
77 4
8584 8307 21051 33795
78 2
76100 32550
79 6
6631 59373 44621 653 14802 71478
80 4
48451 73652 40173 12966
81 4
64528 31107 73612 37614
82 3
33908 70796 36599
83 5
66210 9252 31341 47313 71965
84 3
27100 10326 32063
85 7
14371 9323 62251 47085 22384 50003 8504
86 6
66086 36879 71060 75416 67322 15455
87 3
70465 46338 21165
88 5
26563 43824 68849 20825 37631
89 5
22976 55241 57201 59997 49855
90 3
46148 9678 7063
91 4
66532 17541 4710 75439
92 4
2001 20501 74446 2585
93 2
8971 74006
94 6
51170 4901 36361 19894 46870 7803
95 3
4035 7965 9414
96 4
34689 38434 3582 370
97 4
71219 43212 69221 9125
98 2
76228 40716
99 4
30809 7449 27332 14022
100 4
35616 27473 50616 21079
101 1
31529
102 3
73760 9203 54252
103 3
16500 914 20420
104 1
65006
105 3
1401 66236 36933
106 2
42132 30373
107 3
73737 36659 37748
108 5
44774 7624 70344 68146 2098
109 3
1918 74982 40375
110 3
31970 74958 58551
111 3
55575 33702 17415
112 3
41832 37900 12270
113 4
18560 34706 33396 54010
114 2
26109 26743
115 3
24288 61571 9872
116 2
8053 62823
117 1
53252
118 3
65986 37887 10071
119 3
47122 2724 20807
120 4
2904 44841 33661 2023
121 3
74160 61572 5654
122 3
1904 6115 70390
123 2
13762 41298
124 3
13745 2546 55321
126 1
71866
127 4
57136 63529 29808 67934
128 2
33128 34440
129 4
37440 42825 8439 30801
130 4
69779 14740 8823 62887
131 2
15666 70775
132 2
58031 72199
133 3
15522 49386 75143
134 2
53362 38023
135 1
14839
136 5
66152 62097 45683 36023 5176
137 2
54725 69911
138 1
69429
139 4
4417 20577 47459 31331
140 2
49823 53863
141 2
22305 64018
143 2
12945 74518
144 3
59786 25355 1590
145 5
66766 74703 42232 33466 4892
146 2
61640 37153
147 2
46986 19925
148 1
8190
149 1
3852
150 1
60338
151 1
41041
152 3
22816 48388 58277
154 3
67649 25203 77621
155 2
70467 4845
156 4
33658 6819 6181 64619
157 1
6428
158 1
52254
159 2
56464 16513
160 2
51073 318
162 1
56589
163 1
7900
164 4
69321 6572 68793 72396
165 2
975 50543
166 1
11962
168 3
20826 38710 62999
169 4
17568 321 23867 10009
170 1
51001
171 3
15753 32476 33502
172 2
64106 51562
177 3
41930 66564 29974
178 1
16340
180 2
19954 63111
182 1
20736
184 2
74513 22627
185 1
25767
186 1
54374
190 1
15330
191 2
47165 62703
192 1
37785
193 1
50229
194 1
35888
195 3
29056 65377 68521
196 1
47564
197 1
12681
198 1
14635
200 2
24208 67044
201 2
49248 34450
202 1
69644
203 1
31289
204 1
1199
205 1
3961
206 1
6807
207 1
19580
209 1
56968
211 1
61826
213 1
55917
214 1
38867
216 1
31323
218 1
77799
219 1
11021
222 1
1884
225 2
16916 5693
227 1
10726
228 1
34898
235 1
47318
237 1
59583
241 2
56925 17895
242 1
17134
243 1
4104
244 2
53154 23084
247 1
68589
249 1
76106
251 2
57556 32167
252 2
31832 71838
255 1
25770
256 1
15645
258 1
39310
259 1
33384
264 1
32111
266 1
15964
268 2
48982 20655
269 1
20404
270 1
71067
273 1
58573
274 1
10753
279 1
17721
285 1
24658
286 1
11732
291 1
58815
294 1
7046
298 2
49408 49348
299 1
9219
302 1
70270
305 1
31939
307 1
69908
314 1
75567
316 1
9208
318 1
52231
326 1
24377
342 1
44592
343 1
68604
344 1
10116
345 2
34853 29767
362 1
59761
372 1
65401
390 1
9397
400 1
66234
405 1
75958
407 2
18444 50509
409 1
47624
425 1
52980
428 1
17287
441 1
15418
476 1
27306
497 1
14086
562 1
55004
