7
195 530
35354 56437 1362 25580 8095 3032 27363 32127 71188 41634 62273 69680 78184 62754 8707 66472 59518 5981 44323 63062 16769 67956 32759 45955 59252 8730 86521 73470 79490 13458 46547 78785 17739 1839 83276 72998 15253 69330 71623 39778 68199 3908 1945 36909 6910 65160 49196 56666 78605 39606 7031 72392 78477 60585 83487 48450 37196 5571 35162 10931 48354 89580 4720 70939 46774 54748 53328 362 74321 77011 87966 19627 62423 54217 37900 28054 52243 14435 50345 27860 37179 45907 25573 11296 52562 69262 21944 8194 51614 69061 72228 16623 86934 27488 1748 51044 74091 60942 39005 48675 63035 11736 17907 75951 42446 27939 22618 41849 55520 7634 20271 65167 42777 31517 32332 10772 74135 32236 10378 3536 42549 53527 76577 10948 16451 27276 88847 54481 45126 59612 17328 60829 40409 11269 68668 82103 42580 57167 5732 79376 18143 86589 25506 9152 21960 56876 22666 555 45715 55895 53851 79962 4013 59921 66530 62893 217 5208 61306 4911 34648 43197 38151 11470 15426 85416 32882 69326 87529 45769 12590 84612 59281 6625 20488 28292 57387 8383 35718 11418 46708 31924 10236 40900 68897 80170 78779 77707 38019 85267 34409 5477 77450 59898 68207 69564 18014 10287 70506 83190 18811 30646 28207 21846 49035 81226 52807 56939 29886 81288 16372 70005 27198 13035 15651 77778 1486 84573 39416 30839 21301 19811 4091 73993 21194 16866 55392 51476 72572 24702 27997 57250 19477 53339 35197 25369 32956 15646 79193 63945 35291 44675 6043 60448 86697 8026 79840 68432 45394 15681 59444 21016 19050 24716 51700 9187 3031 20678 36901 70732 22576 33788 85061 88090 22716 50955 24614 29079 33318 53798 78540 81404 12055 33724 83168 87890 36121 29380 5526 30354 74385 2890 33520 11393 69672 72519 69944 68451 17796 56741 63289 54823 75957 72610 82264 84442 36840 15938 53659 55982 72293 11016 51881 8568 48923 3776 6487 32151 54786 25067 64363 27411 25652 36012 55141 71165 61625 13224 66515 36075 72284 51154 55692 49262 43023 37290 15802 2089 52896 78620 25938 31626 14213 63637 84197 88833 65502 69324 19128 49078 64017 72558 34467 29375 7445 78968 26022 84215 80459 58656 74766 41519 60431 79450 39288 64559 14083 80321 15854 2903 62342 46448 81943 33045 26969 33421 13840 49369 79071 51301 8495 42026 82668 66770 49016 72086 57301 61205 25168 72734 40145 11350 74972 6946 51867 49330 4943 82529 32450 51101 52107 63416 11342 37434 15162 60553 18217 77756 102 13762 20705 46347 43923 85957 71873 34037 88494 79646 68019 54499 7077 88133 19258 42068 29912 66458 88029 36082 71999 47544 7607 80451 31377 80002 64971 20440 16192 88430 38767 28350 26674 23303 77575 81610 42104 77253 65747 82483 27643 24686 731 16261 83672 51799 45436 57571 87158 48586 80389 8631 28400 59691 23795 34757 38347 12226 12296 14458 47233 52298 73807 68995 3533 59817 28591 53555 62578 17601 20205 39129 55149 78015 538 43040 71774 24695 2226 2240 35022 16750 29054 22909 74127 63896 414 86441 23005 37348 51701 2570 16919 29405 76532 62265 11075 29559 29586 68528 31706 87014 35836 27679 33836 37988 17526 44152 1162 40171 50432 70916 75029 7482 30018 40264 40357 1485 7640 52703 38369 48687 44633 32369 34480 24271 18234 10096 71578 8154 81884 12257
1490 8
4931 22644 56789 7075 24434 37034 35331 55831
612 9
8089 39853 1879 61872 16181 58347 41024 10291 65226
379 9
15189 52605 1157 38876 27513 85188 52947 60493 34007
560 9
33829 71901 83795 52238 86667 12723 35056 45031 227
20 9
9565 84453 14754 37388 78724 87307 37538 84194 5249
218 9
53859 14342 35227 58549 27993 53571 4345 53584 43835
