25
6589 119
78008 2748 20705 75226 57960 2332 61557 31203 70256 38818 59557 44288 38726 46768 85532 99365 31621 65117 66087 85474 43186 9445 10568 30424 44618 42702 2784 92736 48691 70628 56284 57914 86274 104 3169 79124 87810 84561 4351 6389 20767 78221 98371 33946 93005 12695 29155 57925 26078 17328 80379 83396 87273 56468 14878 21545 63688 23588 12558 72678 77686 40893 85890 15526 41792 2541 45151 68311 76410 74432 14720 18560 69334 55438 81049 49098 34646 14623 64570 38936 49278 18379 75221 27221 63956 15843 35604 69140 78055 82741 61918 33924 19030 7774 52906 82275 25372 738 50937 97760 13464 23856 77626 14966 72780 55201 91597 95930 8021 4972 86466 96817 19174 22119 27413 71449 43820 88537 77790
2825 93
93439 48023 20909 28103 24741 33359 78217 32429 32731 54077 6761 82256 97028 44983 87352 65707 75936 28081 80189 61747 74730 19874 2353 8337 70216 81548 51289 95644 14832 25335 4055 96367 14084 37264 51290 99536 11773 93380 56861 99579 74640 16432 78761 87317 38746 57595 51081 3868 16499 37377 24191 52751 27335 96923 3232 75545 41658 13614 54367 42739 44020 56998 92525 19276 2811 47905 68420 80018 58765 72014 10461 36043 5942 51565 60199 4884 90234 54590 75052 24654 53367 80566 1154 343 31361 92600 5326 91391 95986 43143 48060 5881 16695
5226 71
35780 37759 72142 90188 51005 95971 25614 31877 51231 78183 55974 55423 73516 19795 68435 83535 19467 27580 63071 66793 23378 69230 30177 44998 32393 76370 95209 78122 37782 80336 64930 40206 87452 56485 9213 93114 95234 50989 74690 78690 15634 40140 75676 15344 33882 12327 49940 37737 2980 48297 59980 34028 41958 95911 93468 75654 64092 199 52616 57699 23556 42805 81614 14627 56630 62526 64280 26136 12828 59239 12914
5304 53
56026 3977 57735 73709 79844 10801 13019 54830 261 38205 13235 15251 64959 44321 14338 31351 83736 40742 71770 86356 15800 7362 89996 94592 19864 45653 68142 16114 90269 63364 27246 39519 48019 83128 68955 38511 46992 12096 95263 27995 27824 44843 26293 78822 49273 45555 13414 72989 67133 53487 7084 60902 21365
3049 32
28482 46226 97527 22613 80632 15473 93789 87196 79310 4664 9754 55129 25520 40831 84260 87565 39267 59193 57870 82588 52222 31702 53343 75077 74548 79940 59675 62383 77374 71759 82396 69671
4356 41
81974 35930 90947 98714 75938 67474 43568 33897 82128 28414 53205 82173 56675 91036 63547 52647 45870 81561 40785 83171 73558 98597 36113 51410 86410 92423 61279 28995 75653 73922 62600 93669 37472 76745 24299 81461 51483 1817 71593 60762 60408
1878 21
72039 16455 8166 87930 69535 14969 33021 24352 33893 6948 67024 93156 64900 9485 35932 61048 1615 34191 30332 22790 97093
6977 20
82146 10353 13699 67251 79087 95610 2111 20057 23392 16610 7139 60796 62726 85074 39020 632 10746 8266 59853 49360
1013 24
82262 53659 34857 92082 2173 31941 28022 83385 51948 29507 67753 6342 70568 5539 33487 26993 54368 5276 571 54976 2877 52649 17364 88570
853 10
65813 65505 49615 40398 53879 21172 69686 2703 16209 49716
3160 11
73362 56404 4046 75245 66554 64708 73612 53472 63575 82386 61313
3526 8
60251 68105 95835 90079 68999 39241 20416 16159
3917 4
56760 33986 369 69097
471 4
54592 55735 42610 74627
7888 4
93608 27274 16011 80024
7677 3
39122 39669 85337
1679 3
69219 86863 89336
783 3
98318 98674 4004
6229 3
74433 48402 76615
1359 1
9928
2297 1
94841
2003 3
21355 73844 8839
3792 1
7945
1565 1
79652
3455 1
81821
