12
0 43
96896 7298 4 32646 1289 74003 55060 41238 1686 35741 63396 5796 49835 54831 97585 6834 64184 7736 52154 41149 78143 16959 16961 17728 60228 20679 583 10316 54612 3673 75995 990 36962 56807 96103 73064 5866 18030 73077 27257 65916 21118 88959
1 33
68874 94988 24204 25868 45197 45201 18321 64276 43925 97180 77343 47911 2475 15918 93744 95038 50878 64581 76869 24140 45134 25807 48468 53981 69855 61688 59880 90344 12275 92660 81653 68088 25853
2 21
92801 65415 83084 38161 39703 17194 44591 33713 5692 1342 14795 75339 42062 56664 45539 6374 1640 96361 26092 17779 85879
3 17
85056 10787 25827 8200 89469 11662 84017 40978 49299 33970 14801 36308 89527 45425 87130 29212 68125
4 16
82849 47144 14379 49036 97005 463 75759 76849 33874 4927 16950 30874 17884 26908 11582 70559
5 5
86529 35233 33322 68765 17535
6 12
11265 7849 32749 81327 5808 89295 7507 71927 4920 37081 5627 50718
7 2
69155 23981
8 6
93825 80999 84528 35891 83320 65083
9 4
5216 37608 84661 59063
10 2
11632 24694
13 1
66993
