7
4328 159
78056 59070 49913 27678 6389 48209 44732 68433 15793 24202 10586 27737 48141 71294 60209 39900 20555 61714 1550 57461 45785 18570 14820 29662 76339 2976 42841 63946 23290 41203 52982 25461 24433 70125 23308 28472 71388 15635 76660 5460 45190 17206 78892 75829 43010 45019 14406 75667 19382 38841 24444 6228 27714 19155 56723 38701 19530 2818 15646 13632 39504 61082 36353 55893 16006 55008 26917 47576 68704 55475 78258 31431 5520 13252 42573 28253 55760 1203 66233 36538 65245 76599 40990 26167 51453 77169 13687 63260 36388 26923 69561 29709 49311 28129 67048 78919 26753 13664 13694 10443 17545 62402 41656 39156 30059 69798 24894 4097 70025 4044 50420 50439 40240 78471 33586 18699 47438 45680 20111 20848 28088 15808 22678 15678 26397 15744 23028 37959 17390 64647 47031 5237 74984 74742 71727 64712 18430 24421 74372 35779 72193 55173 57825 29216 55873 53652 7842 32059 15995 40808 7782 72416 9275 75376 75474 24802 56697 65935 62903
1312 58
1364 13782 5818 77183 35974 65953 71325 50117 43252 32982 74247 33351 5867 2785 68802 61859 41367 38182 33703 13526 53000 48575 33275 13322 35027 27482 68505 58117 63372 53542 21984 60313 70061 54908 9678 40078 34326 61820 16870 36725 21982 3311 9383 71419 25562 41128 54668 46669 20368 62747 27829 71972 75702 48143 68249 55623 42067 30309
3258 25
77298 17616 40087 40933 60352 33054 49704 56114 38105 69013 39106 59109 35344 35819 73709 75767 27436 18429 11373 3128 78292 35402 32462 65551 70820
4342 12
15792 2124 46798 65387 50290 32922 50020 60709 38382 41608 19458 28504
5691 9
69276 76378 949 31029 66683 69816 43049 49945 19359
1468 1
61931
3558 1
68123
