5
974 496
45951 69337 59905 69911 11057 2684 84579 78199 76466 1961 89750 38995 51572 41471 12990 80315 74544 94894 84878 53320 85127 95626 65480 97176 51532 14119 43055 36981 87447 5809 95173 98807 71357 56098 27768 97860 86837 25530 72312 48727 8140 75441 15192 31813 17130 47044 51123 67261 45598 2353 29596 48027 52449 91276 58979 95482 81307 95194 63735 79442 49750 6521 90018 89226 94532 87891 75037 3497 16504 80007 23306 18843 69924 1900 16378 87613 30001 672 78599 16002 57127 45395 43332 46910 16791 46429 1364 23599 43638 26112 87348 29528 98422 27537 26976 94662 92532 66888 88743 11417 96831 73290 9526 28126 4624 41223 23540 36454 73319 61241 43008 2864 94452 71330 3720 84683 28078 13083 95092 59999 81486 76402 26498 11277 6331 78639 51582 99171 75945 41501 81862 27615 95718 7651 49813 75550 81420 68469 41273 24834 10458 99640 95571 58721 99525 41851 14590 48764 43147 81274 2147 92391 43328 11726 99945 36262 70637 54602 17434 10917 14073 60577 6358 38255 42004 63451 95628 44710 79746 81092 12651 97466 82306 51348 72562 91895 94290 84543 64333 75015 11383 17032 44798 58148 14627 61311 82151 89853 12064 18318 47014 69620 13514 2829 92483 97374 16705 71593 36713 19378 19219 50380 63433 75617 96131 14662 59758 73727 14475 80269 58314 45134 5736 82079 66664 51556 88724 42820 99751 12638 55838 79781 38017 46214 49498 3032 41142 77144 17637 5729 36915 46547 31786 32130 37661 6102 81248 9865 32413 87243 44111 29381 70246 62215 60574 18742 82603 78415 49023 98552 63008 21984 59473 39467 95885 29343 68038 41449 64383 31125 59334 53767 35591 14942 51238 92919 91177 69581 25144 9489 17572 15834 36615 91803 34570 17171 66987 12011 97193 94394 33207 17026 23531 64596 48420 6499 91657 27368 5924 13477 65786 24981 42733 58689 95857 2410 64415 59468 91863 9976 80472 36978 7560 35324 44546 44889 51081 62666 62589 18154 21505 41108 98387 61920 24747 45513 81640 96293 17819 5047 69505 60195 49484 86882 32073 81430 55906 84593 69315 17709 52459 19875 31324 40539 68753 74177 73231 83238 25952 79470 8017 7634 7411 52337 39385 88474 26459 58506 53690 830 65344 82462 99619 17830 1789 95000 20914 36756 90631 85335 29044 16928 17914 25617 91327 23967 82110 2519 87092 61698 14360 96906 88624 59148 71903 13257 53730 90081 13420 87345 31761 88436 36203 78365 3980 58832 84435 42510 15546 28962 57724 79847 83939 40420 87742 31292 38568 68559 20304 82430 94993 7619 60495 62018 29520 33307 3776 87821 46886 87422 17625 9643 76709 78312 86543 5325 77912 33329 82805 65335 6421 35448 52821 43181 82453 12068 66925 77238 51152 17057 63003 78889 37444 91095 56176 48708 80546 99707 58561 89169 26890 33211 92324 49447 8323 67980 944 88742 59053 1330 5587 21810 85036 86195 98416 82726 56984 61420 50923 16685 73729 17447 70733 39049 58504 20639 44196 51431 45390 9626 62906 98752 80350 84453 46574 54801 10791 93746 98874 24137 27317 67271 49877 33499 43749 33509 29422 92939 77591 3886 30546 4955 32614 88988 69564 4066
47 247
56927 47805 93320 62728 89097 16065 61565 28199 25100 25719 27175 8208 69708 49330 54538 4130 51351 93226 26434 53841 31866 6670 81705 47553 62146 24907 96526 46873 87538 21891 12095 98284 41654 93045 11695 14025 28801 23822 1210 11923 76276 40633 46892 96266 78571 34211 70580 95697 51135 59113 85576 86971 72247 89030 50359 57488 98229 31728 83518 59881 59216 93926 87238 54543 1199 79491 18952 24072 43626 98941 51307 16792 80799 7849 44048 20033 27999 64896 85592 90563 96209 35234 58798 20643 74343 96664 500 90932 9698 24553 70000 90026 50846 62969 66596 85184 34159 66187 75425 32702 4060 29653 50337 54799 6678 79023 30103 86717 21385 9993 90415 63470 13394 16608 88030 69904 31549 2172 4852 18401 25661 92632 45717 75877 48818 14197 58911 41991 88386 57080 92930 33636 96535 34111 38002 43345 12751 46107 27310 6962 69486 12238 8626 7532 2014 73481 96958 96763 66277 73703 60117 96756 78483 9624 12271 63506 18435 39017 9356 61906 20632 59795 6222 50585 45548 512 50001 3468 8088 9540 44517 98455 31360 67320 98430 3640 75887 71217 21059 66913 31869 6382 21051 82379 20943 54320 46250 58392 32984 9468 64322 69410 568 93983 53045 14161 62015 7670 91736 36456 62131 96757 20365 31106 89704 21331 14165 81343 80544 92707 99413 5378 26940 26157 61563 8484 60157 81305 42577 84833 50536 74650 43555 37430 87102 54339 31817 33868 24145 64671 33960 69299 82632 77537 76002 29421 86775 15095 40199 79654 84327 57704 31156 82871 49143 89559 32235
292 109
36145 65104 47125 90320 52473 52944 9216 98998 64574 63959 17772 23832 19536 18898 27681 50788 82216 82590 45252 51565 69919 28017 6640 54864 88948 5332 29070 80932 64033 8000 93240 10573 29406 45464 46924 98338 76486 73183 12174 56810 69601 27430 93959 54846 45217 3708 38856 52328 40616 1535 8251 24866 8850 68660 36329 95623 1631 56230 83236 86671 18941 7184 11030 1044 15933 86593 48147 38613 91212 99005 48020 22229 86840 78147 90373 57232 7686 63963 53987 63546 69767 22347 2852 38906 9242 16778 58163 44982 12776 31068 12436 44076 1948 99058 72910 48577 63599 23384 30775 63056 55913 39551 19151 55091 95561 52114 18345 14771 66022
854 54
75852 81570 13603 20220 34216 78525 60042 59425 52356 47557 32015 4625 14571 97236 89936 88540 28878 81585 77745 11964 77045 59889 58048 5359 40268 97486 39305 24611 88443 52674 7830 80788 4735 59873 44046 23605 30516 77125 88237 7274 71967 10167 60010 83498 20244 65512 59395 8386 40083 8989 85709 30541 67430 93694
255 24
71682 50127 43435 18796 1607 32953 4126 37609 79080 98795 88874 40977 75588 27822 1518 24440 13820 25552 43060 23798 31247 17961 44322 24393
