15
1963 298
62045 56682 17376 64638 36388 8223 68432 98552 34173 32471 67518 81110 4491 39076 86198 25524 31273 45728 96478 44728 34323 8675 77882 50760 69763 36340 87593 65133 67231 4988 91955 60224 37829 27863 56728 13812 60227 27958 79900 7451 62001 94729 21394 83841 72523 10162 9514 69110 64785 8300 77318 17083 6846 79400 25478 59834 90580 4586 85765 52082 80295 48871 77899 88922 40313 93142 50143 77963 93043 38614 96842 45738 25962 71900 8861 94001 49979 68834 13635 93224 44290 37449 5644 61584 59691 89791 28510 2437 25724 86323 60178 95006 63964 70357 13261 74550 67247 32673 86281 73440 40902 50515 13821 45199 88399 21034 37741 55511 93001 45076 16561 81073 65895 30103 61771 39265 80278 13552 87672 77 75408 41445 84541 84462 97789 9881 11816 83516 72030 92684 49022 80870 31738 29321 16230 12537 84995 12656 83569 13294 71035 43184 63176 73097 97389 99507 95551 3906 92763 48100 95908 23981 740 99184 43986 82900 76776 81733 14831 71444 40444 88249 54661 70440 10399 13352 23718 1556 44145 85274 16092 10189 92874 54984 19865 70894 91214 40048 63229 78573 87225 291 27082 74423 72115 22484 17823 52876 65478 9171 23249 84251 30215 37258 84744 96947 88689 61431 33058 18600 47861 42379 32056 6495 89533 18924 15450 91914 11529 83280 56991 51499 78735 88211 86452 56722 74033 80717 92970 21476 38408 87088 44795 45782 6645 77933 95492 73608 51012 48186 56400 67803 7931 16762 82669 56169 99466 19226 23689 12679 32988 88917 69933 77349 16247 89369 77669 13539 69752 47967 48998 83321 43939 5146 3424 41668 30016 65877 26352 17242 36698 44885 22496 81204 85913 85478 88627 93067 6230 7350 51120 1283 16653 62820 17762 97908 85883 87073 48343 26490 23948 16702 32491 50921 86030 99030 41785 88744 69405 38928 16522 87464 39615 7966 88989 77738 87999 78786
251 177
62290 85847 84096 5507 16908 60235 24176 34423 78444 48674 11548 49019 14350 98412 84016 87132 96898 58111 61586 934 70112 11501 86825 38588 57969 20365 67575 63992 25167 99903 37434 1477 35370 99860 16494 71766 95746 72029 40349 10395 46370 84917 93423 76970 30614 31808 82520 70053 28065 26991 78489 54610 50519 55998 14981 42180 61515 74923 66643 89563 17352 51178 2349 49497 83036 78221 65977 767 37835 89433 63440 4851 62504 99714 16254 43640 99425 71091 47641 25674 40565 64508 21573 26744 93860 92538 99916 56774 13103 61452 97831 73858 43917 668 62388 22831 30820 98438 76120 71458 65771 43674 57243 72050 50893 24516 14768 66605 48328 65197 96797 49116 30128 54556 55609 82347 33679 45616 76719 58983 90791 31622 20013 39567 12943 26319 243 8476 30499 70668 31700 43612 45753 13387 18418 61068 7215 81785 40412 18072 55077 32477 34649 9191 17494 21562 26188 62426 5079 10348 48903 17273 49668 52952 48082 95821 53952 98004 37368 80720 66971 46171 23428 9664 99554 75140 1097 21975 22536 62617 66313 58181 30932 77983 44232 83796 11720
2800 105
99853 72711 62971 12394 30304 26782 978 4 97120 57885 51517 14371 69706 7781 5390 49519 11895 30425 32153 16195 35482 40781 43220 12076 51294 42425 93570 24277 20328 24801 64589 82815 83016 2953 29611 9974 56011 82667 51175 96205 6389 64250 96612 47992 77171 6056 30466 67487 27105 35382 79770 25137 85677 42574 29595 87283 76605 81158 57304 47217 96618 50681 61906 65743 383 48818 80839 82063 19334 64778 48679 49039 3044 64622 71725 62583 94790 50551 50464 40310 55448 54205 32844 64037 88661 56410 2104 78423 45350 49757 39425 33381 75959 15281 87437 85894 16798 9325 26290 3260 60635 69870 45362 9683 45525
2469 70
41892 58452 89567 16737 29717 84575 1492 16253 22827 94701 92001 39471 97522 20894 69236 12641 93063 26540 82018 71197 27869 12664 71230 31035 65348 71405 41553 75157 4341 26581 22088 27264 28119 91528 71669 25716 26828 46259 41853 90245 34575 68799 62660 14163 52040 31586 52442 84516 65886 46628 29300 88394 15962 27646 39100 51854 24514 80095 34368 31448 84693 59504 46269 28597 22136 12869 21788 38574 45918 8831
2007 42
97666 5995 76985 5653 24240 37901 91521 41657 53331 31776 43953 32297 95968 51236 54971 44714 90794 26585 40725 50831 17332 11951 32887 68823 38850 22949 30379 83734 67986 20621 95583 26149 58575 51655 9714 32337 85582 22791 4477 28182 24012 4215
290 28
16788 18301 40576 71400 29871 14410 21711 18729 88736 13904 90939 29146 5477 82213 22232 98062 83726 75545 73377 78608 33831 72228 38388 57131 18231 4286 23632 605
440 16
10599 58727 9073 16170 20444 96586 30602 61875 14707 37240 13175 42653 70558 54037 69781 90694
2132 9
78986 17038 58451 14830 49520 38849 37786 5255 43519
1274 10
32121 72337 73428 53278 93412 28194 54930 99902 5384 36882
2084 7
76730 92000 14778 10271 15405 83288 89176
3253 2
55376 78557
319 2
78740 5509
1660 2
51577 98681
152 1
75431
83 1
41297
