40
3416 97
96259 65194 16000 23159 77333 35811 29772 56668 86654 79518 39631 41351 36122 42143 649 16845 5083 75104 81486 71617 89988 12277 91088 86818 51175 25460 47841 37603 9537 40843 59295 30198 73390 57784 56379 94064 75247 80292 89503 44839 43623 36519 52478 73029 82372 36639 7440 4041 78850 40611 8994 7562 83493 35165 57498 25254 84425 18878 48367 96828 48255 61085 68078 3406 63208 1513 11074 57882 59974 94942 98329 6587 50312 7473 51292 78557 6383 74230 45217 65017 10488 31503 86100 6239 47629 7573 79188 22058 98587 26112 3956 97833 54936 70162 37390 8158 68753
6440 79
45353 83337 94496 15247 85280 41223 97448 38208 40280 21413 62471 63402 10652 53686 5631 13498 16970 13470 41436 98824 89273 89629 16831 99803 55555 67280 58796 84302 55841 2809 93999 68880 44773 86891 42664 72956 32694 7822 52777 89931 67006 61338 34264 15978 80403 70233 30683 66488 24270 80674 65970 86928 52444 13321 41133 73382 99019 99872 67617 91447 24945 73480 54232 55901 99581 40691 64043 22480 33664 4232 82673 18349 3283 28041 71625 46586 18567 30736 75334
3475 72
13435 77745 34581 92278 27265 35601 2370 99259 49087 43227 48400 23955 87363 70748 19970 48540 93132 90734 49726 94574 41860 98403 11400 32745 95081 6984 55062 76873 83587 65694 91153 1691 62926 10981 61823 9213 13122 61237 60860 52823 81455 88750 80518 65486 1733 30622 84642 88207 77865 75735 56994 53313 46909 14086 97662 17226 17423 9588 2849 91784 19109 26594 35361 70360 93300 23233 13055 66008 37175 8804 56398 15198
3279 51
12562 62518 18631 89462 27752 45686 70908 41530 42638 7502 68115 1036 36308 71581 81147 18296 18007 23584 77317 21986 91111 44153 76087 53302 58982 11626 81066 99457 15092 82424 50868 14800 97805 57526 55659 85461 74482 31456 1260 22533 84617 46607 53691 51054 61394 27553 64874 66723 76421 39212 38592
6620 56
89737 35494 56760 93773 81000 86151 98571 27103 51497 90232 32937 94261 72744 4142 58456 58543 95071 98206 5380 14986 86056 23723 78405 56861 92250 93966 80466 4466 25420 99927 13583 91898 2873 43534 50459 70377 9566 39649 10464 79714 44746 99851 44428 11089 99578 78683 77197 75251 98263 80755 39752 71602 67970 59336 14728 76848
3258 43
69779 55423 21826 83936 58498 23608 55458 92133 72575 75724 84082 88162 48157 82540 81286 22300 93165 7555 19781 89763 59296 38781 95993 4666 53440 97217 87581 96084 27804 53289 94114 79300 39537 19994 12543 87021 93858 46288 32028 54279 94378 76747 99184
1214 37
29450 75633 20814 36450 70856 35700 56855 91330 92217 83884 32458 45412 13478 8071 39041 1569 32045 33462 37762 20835 82194 95768 36456 64571 64438 3289 47283 87845 53232 55502 75933 77781 7125 17719 96932 37479 99056
3565 34
73821 37604 54426 7492 77912 70634 10509 41529 18770 32128 11357 94820 69470 6324 65253 88533 24845 9458 3643 41190 38560 97110 86154 93465 96108 84782 93254 5461 51623 12871 28 59242 63276 66487
2286 27
34527 77695 14161 5087 69827 22353 26094 47404 72112 90972 53805 59150 75946 55731 64205 48973 85986 72887 86416 49213 89450 85071 22210 957 12659 50115 84338
2090 17
25244 628 61528 10866 59541 22808 11726 58036 37002 80283 3376 76164 58896 46115 69139 15859 54569
3389 23
92944 83586 78015 96495 48244 27886 10974 87205 65731 23614 57342 4796 9001 45893 9867 53912 91354 4825 46504 11699 63381 46503 22447
1908 18
34255 84816 47335 76985 20725 46189 26030 24352 30281 65644 10264 93603 18831 89097 28081 95588 52175 74854
5142 14
13127 8963 10683 13873 52640 20419 62817 81558 88174 16088 98432 90757 64469 29801
6252 8
59794 70923 73275 97127 39842 65603 45790 44801
933 12
71882 25776 74507 16263 87461 10819 14279 65892 87270 41682 22478 23710
6696 7
36109 71969 32177 12645 80511 33141 49925
163 5
61699 15355 61126 25187 88054
4791 8
86293 52679 6326 71727 34185 46480 55640 71636
5362 6
99550 51427 48164 98275 93335 71074
33 10
39970 50013 74088 53896 18013 54779 96609 38579 68044 71804
6288 1
6225
6575 4
22510 83526 16546 29509
4816 7
50219 67015 94219 72863 19931 25575 26431
1927 2
95149 44016
745 7
17003 12957 26564 40494 12340 88929 60734
3247 2
77059 44757
957 1
78852
958 1
37964
3391 2
91008 77089
1535 3
25285 24355 35062
484 1
53678
4309 1
99026
2989 1
11040
3295 2
6664 57953
4652 1
26727
4572 1
80822
2761 1
82443
1430 1
79817
529 1
51317
4473 1
19738
