27
3506 116
83124 31025 5152 9546 42445 78504 96797 56121 2468 79612 15165 36342 66225 22964 78882 56651 95258 58690 88308 53250 78306 47697 98175 44557 44787 67339 3837 65173 61572 21282 73930 30363 30870 68979 40439 40475 26448 40259 83526 34047 47208 4522 35216 71499 69747 2679 26895 97568 50663 85047 2134 2245 83502 4382 96140 90551 30271 15497 38075 13049 71944 37880 20036 24413 13047 18232 12405 26122 88310 58504 74171 29417 1150 59181 67251 60355 61989 67628 65687 51866 70562 82949 10338 94158 22984 9060 90583 43118 67658 44477 13781 65020 27943 49949 70509 6315 13037 74620 18227 47669 26911 81266 13680 49910 41457 56270 4586 85543 21450 72403 69178 29779 48552 67377 67346 8061
2993 89
60896 76213 66056 94702 31877 72877 55170 80519 84228 78418 39754 22067 39067 54256 42109 95229 7048 97691 82978 27516 29801 70110 44036 91109 17181 44228 59308 23472 6697 67250 13219 39911 75105 21729 360 96158 10045 6291 44069 34179 84128 91455 92886 60229 82880 78566 11239 77588 53430 82107 89637 64033 64481 47230 86975 37412 63984 80779 25900 16851 52046 67043 33280 6644 63381 42503 10374 2081 47977 82683 353 80860 45235 99521 46172 3054 93676 15770 90324 88352 80589 38068 37361 88593 36529 54209 87262 19707 86504
1182 65
97454 56719 8127 28418 76970 95699 35234 51926 86528 4463 8690 64861 65204 84748 1561 52497 75899 38171 49313 84374 45588 79244 82259 40982 33353 76535 90153 4652 85138 60711 46560 31049 1291 67806 532 56899 81080 7726 29278 26240 7332 63311 93643 83734 32627 85822 72459 50327 12465 42248 15013 29055 8370 71367 68599 25466 42106 90500 69326 63875 69355 44713 35281 40772 91117
7692 53
21273 71055 71183 36604 3948 47662 24916 33719 5998 3865 57605 15559 84854 92029 67138 13090 31337 13473 51168 4860 15356 68684 96538 82154 26290 76100 10267 83152 18016 63048 57888 39898 32877 12071 40864 13673 36145 65615 19382 8589 58797 50794 97316 19655 24322 75391 85739 41576 26734 20492 4436 45349 11376
2990 36
7240 9994 80274 65999 30098 50887 53739 61117 17367 33617 76337 86156 24195 19865 98844 17469 26858 97220 91987 78373 87824 44117 8312 45407 73493 58619 48465 29955 98061 59863 54075 1009 99579 84833 402 5165
4271 26
8430 31119 17012 99031 56930 80766 38934 13434 33269 36040 77228 9801 97035 76921 1826 11095 97673 95937 75263 45456 13525 25107 68007 17038 33643 53355
6026 35
41809 17842 96690 99218 85037 25942 11283 9752 30356 76926 26640 24187 67034 72199 45656 83765 54954 56194 38970 88537 94911 40800 68119 74230 7970 63595 20981 89382 69663 64463 99113 30191 65713 98606 52957
5100 22
77997 21343 58094 8266 17436 49603 58580 71155 74286 61933 11312 520 460 51736 22585 52713 76968 24345 7494 34391 44596 3477
3082 15
65134 60632 43850 84822 73199 77399 85337 14299 79712 11981 47785 87119 28554 20444 12881
1774 11
76352 37666 53320 56174 63883 41829 53929 97929 62190 3520 44883
3575 13
9186 95858 70372 8424 69465 79195 7615 23684 14719 30547 19735 33268 60472
587 4
57775 44986 97790 53880
1539 4
47894 64210 87956 13260
271 6
88493 4106 34266 44092 77620 81439
707 5
21865 283 560 39050 77435
4334 3
72155 37827 66325
3922 5
80343 90678 36850 62747 64618
1570 2
93275 30641
3364 2
11982 95632
6581 1
91949
4242 1
61469
3873 2
81131 15352
858 2
19027 59523
3426 2
40071 35014
3097 1
52089
2042 1
96470
6978 1
13421
