179
1389 11
25495 12311 6155 10512 97059 43612 38189 63719 96212 85096 11382
447 11
23578 93616 31281 69796 51897 82105 88171 49541 47566 68074 35277
412 11
18572 2259 80975 74744 70532 59848 96510 21688 1921 7106 8278
6641 8
22741 53028 61285 94757 44060 77589 18076 10097
3767 9
65782 93996 92138 87137 18139 86609 47223 61425 29819
901 9
64248 1135 94440 74495 59641 90608 4326 21236 81147
197 6
45955 14020 34557 62552 85727 14425
278 5
74783 84734 51076 52287 80572
48 7
41609 95339 74827 87815 24529 57218 81290
2949 7
24556 51866 23861 25692 71398 71638 64916
588 9
54566 61284 29892 69470 49697 45543 80017 62041 16618
6140 7
52974 4581 89537 43079 7826 72289 96343
5599 6
53704 91531 36532 57041 19317 75340
5555 5
25396 91626 15233 66363 48440
204 5
82509 64909 10404 88186 10968
3825 10
8386 15070 32360 11825 70671 1188 53044 26073 62364 17005
1872 2
98735 78683
857 7
85148 22644 69778 5924 64754 74017 13295
4604 5
41630 36044 12064 17444 91846
7600 6
2694 11317 28518 70340 33520 23460
4630 5
86435 33942 98652 52706 61840
1864 6
99815 90254 96152 88430 45562 68847
1064 4
35393 69472 18601 21357
6088 3
14579 14372 46429
5128 4
89772 59618 77085 19243
1836 5
41403 10853 53677 29006 45981
2296 4
8855 61324 56854 74591
3109 6
65626 5868 91233 73999 5305 82307
339 4
6522 14740 41347 89211
213 5
7950 66756 36029 30235 28312
906 3
5326 73184 78004
3250 4
70860 40299 80645 27546
4562 3
32313 42198 20636
5416 3
11852 17405 36493
2858 6
71870 42172 67523 16905 67349 61079
6346 4
27859 5600 96963 28050
4570 2
18893 29984
5198 5
12186 98934 20928 7134 49244
1422 3
73073 47205 63595
2366 5
39541 90878 71185 21955 82160
6208 4
45742 78416 2194 41092
3098 3
80226 94898 80174
3012 1
79687
3320 4
71568 28264 7037 35887
1630 3
55232 48626 34671
4373 2
42295 46362
1180 3
75516 47752 95315
4243 3
14576 55064 44402
3491 2
18116 52584
5958 2
66229 8975
1006 3
29623 66753 71328
6529 2
61903 29753
3762 2
87627 83175
6644 1
44147
212 2
36060 57995
605 1
41188
1793 4
68776 65044 82268 14370
832 2
26805 29934
1051 1
49101
1564 3
67400 7350 59791
3519 1
26718
773 2
14677 90509
1381 4
19269 22804 69741 97569
7124 1
61974
325 2
88302 46494
6787 3
41197 2247 92015
5157 2
84043 25389
3415 2
19579 57374
641 1
32593
3371 1
78620
632 1
41329
1128 3
83022 8090 51550
702 1
58213
5909 1
66252
3465 1
72940
7420 1
59232
3720 2
21570 9566
1568 2
5450 98143
781 1
55638
6277 2
87840 56700
3303 1
13163
7050 1
35667
4705 2
98191 10459
1490 1
90090
2726 1
10974
4607 1
23984
3292 3
14772 20594 22787
1966 1
93123
540 1
21049
4976 2
45502 12605
1222 1
7214
5489 3
70003 97312 68563
1195 1
27344
2528 1
42972
6212 1
17497
6815 2
75965 47176
6656 1
9254
5563 3
49158 48064 12126
7158 2
46688 39631
7506 1
93380
2125 1
64505
400 2
6715 23734
56 1
1203
6583 1
95243
2420 1
29713
2939 2
17734 60797
5462 2
47949 33634
5683 2
79559 50789
7037 2
23900 89107
3245 1
66912
897 1
55835
5696 1
47623
4096 2
85157 50325
1739 2
43226 28481
2889 1
8295
2720 2
8229 24721
5857 1
87313
1938 1
18075
2846 1
10355
4022 1
45678
4026 1
77474
7472 1
21562
7596 1
56006
2032 1
66757
5873 1
84059
7234 1
14533
2556 2
30798 81614
1813 1
3915
5518 1
83377
5985 1
753
2217 1
25469
6559 1
52006
3155 1
5044
7657 1
4420
7416 1
26834
5571 1
20355
7 1
71663
2922 1
23053
3478 1
29696
4928 1
7763
1773 1
61758
2523 1
64415
2645 1
14006
3838 2
51467 21335
7661 1
98836
4597 1
43655
7604 1
64788
7111 2
80109 55859
791 1
37762
1451 1
17197
2103 1
88141
6500 1
50089
2548 1
42138
1349 1
67895
5853 1
42575
3487 1
53703
1263 1
23174
7531 1
12471
263 1
17254
3428 1
91748
2531 1
15707
560 1
73025
2832 1
70905
4827 1
93903
6905 1
19850
3009 1
59402
2611 1
89726
1136 1
27185
3120 1
17167
1399 1
43728
6309 1
35337
6797 1
97980
2062 1
90405
6655 1
4380
1922 1
44824
3287 1
31951
3301 1
33902
1536 1
90228
963 1
6967
