276
902 10
93782 22881 14224 59693 74107 27614 64307 31244 2414 4154
306 10
28017 20750 8497 41573 16488 33838 30395 26540 45827 75910
323 7
8432 3366 34472 53513 44065 72572 58069
426 10
72320 42867 4001 49221 12221 4761 86248 57384 86745 27421
7302 7
83869 53813 8613 53178 77071 22214 17390
299 9
75841 64425 57403 48216 80955 54442 21408 93383 43510
5753 6
24737 38866 50210 57014 71849 83670
857 8
49736 79899 62890 25117 39910 49467 13226 68962
6589 3
92486 42543 86470
4162 7
70701 473 36821 940 32443 86358 22235
913 7
5668 17720 71755 80333 36017 43089 36482
6308 7
31791 12678 34987 71835 70454 47878 68511
667 8
87161 601 89712 4222 2799 82625 26904 72848
10944 7
66410 45776 41171 20849 79759 19277 46101
13935 7
12345 23514 54391 14519 63332 64924 48810
19873 6
48839 87080 78945 59689 43407 23139
139 4
26218 34911 80666 83748
4009 3
74923 57506 57993
22447 6
26577 37268 38049 37601 70292 29827
736 4
36968 71833 59817 36634
19737 5
60307 47428 73629 62978 88566
7169 6
19011 7564 85692 92460 73994 20803
19601 4
69308 80278 14979 42301
300 5
36420 75813 33628 13434 80743
835 2
3007 59230
7652 2
49097 2512
4854 6
43205 69697 10612 32841 71153 80046
13515 1
4136
8519 4
64763 42632 13048 78078
18271 4
92957 52134 89507 42015
7209 3
14532 38295 53921
668 5
10816 50380 91533 91301 3381
928 6
44464 12464 40731 78809 8182 93411
3981 2
62374 53043
646 3
48731 41902 4398
5740 3
13536 74402 28905
11483 3
2122 72118 44997
892 4
5483 57996 64582 94081
115 3
73640 9585 34022
16053 2
74777 6695
15914 4
83756 90269 11028 58349
18516 4
73801 65797 94062 2812
3409 2
92106 53004
18737 3
41737 65890 23255
523 4
89262 39444 89894 13469
11116 1
64447
15712 3
39575 20357 92177
20212 5
27579 26778 41741 43537 78819
896 3
4503 18353 61928
12143 2
7634 58575
5037 1
31500
22031 4
29653 90009 17918 94002
5 2
64315 88820
27 2
30667 42335
278 2
636 88401
10174 5
92600 37293 56887 64920 5609
17267 2
67276 30794
13203 4
78177 24291 54610 68400
382 5
84404 33933 46088 51708 42547
16983 3
83909 63273 12153
321 3
76950 86001 4897
2633 1
86989
898 4
59640 38818 47101 11036
326 2
59647 19587
9844 1
23119
22090 2
36963 34431
4882 3
14792 57106 15487
732 4
92620 78952 26293 38405
16164 2
48504 31113
16624 2
7156 40959
13135 3
22268 88619 4972
2985 1
78030
101 5
36362 12823 50461 19245 37178
335 3
11422 36041 81250
17214 1
1495
5208 2
69487 5851
210 2
35284 8997
17819 3
17270 26789 52682
9665 2
26982 90822
778 1
4648
593 3
6552 69477 31988
20524 3
65823 4845 61860
21695 1
73061
827 2
62070 68291
7158 1
53346
272 2
89024 61479
7177 3
47873 57921 10187
862 5
6128 25 89736 26866 44475
4520 3
17356 38731 92482
21492 3
83936 89414 95272
18013 1
47909
2027 3
82385 35593 73958
225 4
57248 20747 67739 30279
1299 2
51606 34996
20214 1
339
12512 2
15170 64261
743 3
44697 73079 57810
11522 1
72744
12270 1
95171
1060 3
30564 44339 8529
14078 1
44502
15943 2
53845 58513
24445 2
18918 49627
19990 2
91182 7790
23986 2
68977 95158
18578 3
66433 64437 20717
6366 2
34754 29625
9127 2
13521 27923
3336 2
29956 38465
11929 1
34158
19810 1
4266
5413 1
50007
10294 3
16751 72361 19448
533 2
77177 37329
700 3
69123 33875 55599
17977 1
52287
22948 1
65052
800 3
7380 86030 94049
2462 2
31938 62491
274 2
66527 90475
20206 1
68431
15404 2
63291 8278
13291 1
92763
21218 1
23092
217 1
2611
4309 2
18110 36385
7642 2
50657 91282
13759 1
25939
355 1
88100
24142 1
71397
4687 2
72550 32137
11463 1
26257
21414 1
89759
11510 1
387
18880 1
46339
5885 2
81620 85865
24357 1
53125
273 2
8237 2068
24430 1
6315
378 1
28179
24442 2
23494 71437
823 1
51252
3515 1
32159
5430 1
26912
11272 1
81864
396 2
52492 75380
22476 1
46624
15664 1
74502
17890 1
25242
9398 1
67965
16585 1
93685
23883 1
21919
4578 1
5852
165 2
48515 18444
20799 1
74208
364 1
79382
10603 1
64181
11279 1
13101
303 1
42903
10860 1
87884
13512 2
52259 31257
248 3
28295 61867 12726
2001 1
74423
2981 1
64903
12966 1
43865
897 2
76732 6659
19953 1
59207
421 1
28090
5784 1
9340
6092 2
32782 19611
136 3
23275 21786 93448
24486 1
26452
15905 1
66819
5492 1
90969
6464 1
24780
7363 1
25006
637 1
3821
14899 1
49734
20615 1
92319
5777 1
22810
9326 1
40964
3927 1
52687
237 2
82606 655
10220 1
78476
21821 1
70740
24467 1
78018
199 1
48998
7106 1
91025
694 2
24043 68771
692 2
11333 86431
9163 2
59780 41257
19622 1
71300
22212 1
64913
8501 1
41096
23030 2
40955 66458
7103 2
37661 79338
24513 1
85361
13734 1
31787
372 1
53518
7525 1
35225
18742 1
89897
8401 1
21042
10644 1
69764
18 1
10817
737 2
21559 48152
2508 1
90744
19205 1
40336
832 1
72768
7220 1
19149
5350 1
41555
11870 1
46262
919 1
61608
4501 1
52423
5449 1
48055
710 1
92672
5374 1
91087
14746 1
81251
727 1
83089
7719 1
42428
16728 1
60913
19367 1
43158
2381 1
63642
2766 1
91536
17435 1
37913
632 2
46243 75132
6339 1
66380
776 1
93909
11550 1
28657
20061 1
94260
9719 1
20266
24812 1
45982
507 2
44341 15271
19340 1
89114
8488 1
21763
19176 1
42040
2778 1
63200
9903 1
76456
6432 1
90488
261 1
60112
14805 1
69909
4421 1
75853
17781 1
44965
13083 1
14019
1456 1
55270
4442 1
84048
16991 1
37938
9037 1
37409
615 1
21702
1504 1
44692
4502 1
7989
22224 1
27684
259 1
17864
18678 1
80435
728 1
56890
15530 1
28283
23695 1
29621
138 1
44016
5319 1
50816
23901 1
59762
24880 1
87679
3474 1
8581
14769 1
41193
579 1
7290
370 1
5156
98 1
90439
105 1
60787
763 1
81424
12399 1
26163
22108 1
44602
183 1
95221
2343 1
53148
16243 1
16141
13870 1
1386
22392 1
58382
16906 1
54045
8083 1
53438
