9
482 271
7690 91806 29767 28926 14005 47070 62534 50788 39226 50366 71491 86904 69172 17618 68631 35749 92391 45422 92954 65507 56726 34461 16397 54347 63839 62327 96098 41344 79387 35963 25009 12344 68901 36839 25697 21103 33197 8518 86445 45656 30329 16530 77067 83235 38804 88857 25380 44002 10490 48400 68648 81452 43957 60991 7874 68609 72624 48330 95414 95447 4013 76463 47892 9159 85672 45064 24550 21591 6090 80680 99258 59238 61198 51011 23855 85017 59651 29993 45573 19463 36636 76598 61834 98539 55071 74531 74146 860 86734 60901 94475 70754 92618 8135 77577 98661 35363 7833 49679 56040 7488 22754 40204 79215 20127 31636 62156 66585 87831 89638 14717 30019 7395 1296 60514 40046 96989 40045 20850 54876 52836 75608 14296 81820 30427 39796 90069 61983 5561 41152 82878 5387 298 47731 92946 82704 28379 16565 69880 83046 69117 34844 82231 31726 87994 41072 80011 78307 73294 80209 51987 97332 16997 33888 77854 89802 14099 82802 28962 61201 42799 43615 35850 67826 54132 60052 47800 443 7705 972 90685 61777 50067 12222 28612 86609 85445 15360 21280 71644 50824 67244 2530 48743 24150 16988 50071 46569 22415 69133 86164 33961 79222 74333 11255 48428 7312 80605 54619 59479 29283 99140 85490 20633 81383 56418 36906 92832 74808 3053 58715 61157 73887 13756 27015 22158 82259 40495 80779 58905 16892 20759 42522 90662 29033 5689 75409 92696 28185 58452 20113 35422 83331 74287 76550 10272 46905 33812 66281 93499 3961 19499 25811 19168 67488 90757 24765 70932 57484 68864 77377 93133 98363 20632 14681 41308 75941 85528 42077 87074 16496 65685 71005 503 16897 65201 1739 17111 96038 88937 85985
98 113
40521 91086 59005 54540 14094 37150 20868 71151 30096 70038 95023 83522 22843 50544 61170 3912 25743 44258 8928 52878 62826 78401 46274 9864 92837 33506 36568 47111 78182 23029 91331 94461 64497 14627 75081 76970 31354 12703 59533 29344 62773 80633 93255 9105 98482 47996 90843 53989 74911 71313 48781 14088 23341 39329 43276 42736 47933 22643 32927 32844 17227 510 25122 14748 12591 37613 89458 35018 88181 67450 52045 96713 21850 13990 85887 84954 53604 22891 86075 9557 83648 33947 68683 88591 60022 19759 67048 43089 20337 24185 14728 64515 87374 54669 95383 26256 28617 3415 85346 43138 59693 68587 9259 86716 37915 98478 82111 43368 54247 1599 80088 37601 21277
2444 44
79850 82104 40097 21792 76595 56714 78683 52151 17184 13117 82265 23008 7265 33657 93833 23432 55330 96050 4185 3642 30246 97956 76736 37121 79567 86994 33299 46383 91373 45507 58464 92110 55312 98974 36920 88717 88053 42272 64740 65660 73362 40635 73177 8187
2190 17
63211 24946 79161 68063 83174 70529 69725 26717 80293 80704 28305 77975 76599 52823 53221 39666 99027
3638 10
49881 25205 62584 65148 20934 23315 3995 48566 32765 27556
315 6
72601 85806 85714 88445 74251 69740
1459 2
21719 79000
3101 1
157
2351 1
97975
