28
199 133
43006 69848 18831 59520 39224 58726 15973 95402 57359 24282 51050 25599 56945 50564 50087 5780 87861 3076 31876 62408 24352 79920 34502 53583 42884 10691 92691 91323 48465 11905 549 16746 42412 94745 39038 51286 14791 58914 37493 71294 81709 70307 18977 45215 87713 38851 43755 8918 88434 29862 31365 33030 79844 86778 53389 47906 77692 67692 42822 73625 32568 47323 38576 51954 30953 30119 94509 19121 83842 66305 54864 99420 79670 92260 80696 69508 6613 11035 55952 91448 68471 4220 75985 50691 11250 14458 71001 30345 94884 73355 29685 74888 61799 1320 61565 21780 68198 58145 81323 73337 7013 99650 5582 6409 64391 30265 99695 82186 3216 63057 1579 14964 86166 34886 48221 31203 65784 22743 42814 13369 39091 6707 32249 71245 41008 8409 54639 79440 18507 8449 34575 82715 17697
482 104
77796 99432 48230 72154 39156 62810 96730 66946 73970 50088 55626 22391 5968 9420 42289 22277 6799 96294 31057 90243 37908 96564 7579 67423 7497 57814 17253 55304 46431 58292 21353 416 53779 53697 56151 96429 16897 87132 98549 73432 94302 10339 12510 22815 87656 54127 4079 91761 25707 98698 56766 2510 95283 37946 42728 36134 74728 64229 43611 58541 86471 77127 87866 26399 70692 41877 83950 13356 23928 3057 55181 56031 68529 53775 7573 26126 11135 21678 82831 47399 25136 66338 61834 30650 12936 10396 70609 79820 87282 4256 36070 29375 77185 78407 53656 23653 43701 50854 27203 1544 78425 496 48641 30080
1030 89
27883 27022 7484 74653 5980 70033 52404 88424 99788 78278 39310 39308 32044 47852 50546 15165 37125 10942 75673 25704 97851 51100 47021 75037 67391 43932 16845 29551 39718 81475 48700 45035 29956 50848 97202 1194 33736 72810 48325 44069 6905 9946 99433 90065 89687 18656 86416 40638 9309 77390 96609 20104 15091 17101 39380 80701 90512 34256 14735 6377 9133 62115 68096 63442 62202 11376 37044 29600 66105 12831 17053 21193 7549 84107 70766 3692 84012 94 40319 40809 19682 59667 54608 6260 19049 35354 22905 24164 46865
834 69
94861 97809 71185 54278 367 52681 86463 3462 15653 81993 28253 15071 85093 60454 82526 21714 45585 60112 20737 65046 64708 10212 68946 71721 98701 31168 69497 53330 1877 51117 38189 66794 49845 46478 29316 58520 19552 1054 560 46494 71153 3784 3878 50720 33908 74307 18440 21927 82175 92851 5939 43934 35684 87806 44635 44384 74768 94095 97109 36425 71838 93677 6008 68983 76468 60983 52326 76517 58102
925 49
16228 90323 71658 42696 87095 96991 67679 25543 89608 294 15058 93023 10952 70740 31753 4263 67832 78900 54843 19154 40537 61598 19573 11226 71209 54992 93353 54187 87102 75328 53190 110 48241 73770 113 33478 9332 16677 17361 56429 98858 56533 83456 27778 43466 69976 59529 13349 37639
19 45
9251 19834 27525 98933 21425 95934 57328 35027 10464 45754 55501 70146 80254 98735 56399 69041 74468 47756 39393 8012 81096 15461 33031 66328 54146 67871 51084 28769 3973 78257 2022 41574 29745 60219 30806 14800 17687 92936 9628 8167 4038 10497 60027 1876 27531
511 28
6558 87402 95909 84663 92987 26843 57274 82686 97258 38511 87891 83740 2393 35008 66942 51919 32104 47235 60743 8566 56732 23662 58886 33833 72135 42483 87562 24385
1344 26
64589 34788 97776 66391 23407 10668 25835 19296 87145 20632 24904 57404 1152 6454 46091 93678 66485 8134 38130 94377 22439 16438 89161 15821 56116 47562
78 24
66957 92836 47552 90310 69257 54000 89506 11962 82072 45726 68828 70364 74481 28697 2996 26819 20978 35619 71779 86128 5800 55081 42146 92683
385 19
5551 50071 25000 30666 36978 62940 52068 69387 97832 42873 6148 42595 25759 48527 76333 38768 42059 70455 68723
626 13
93983 24956 15600 40175 58331 28024 3984 92348 66336 91948 18849 21472 5838
1302 12
65191 12232 37016 45262 18340 65847 13285 64311 57529 53973 79826 242
505 13
50464 59661 2150 43914 44687 95512 11448 51263 62999 71050 15883 75034 39305
838 8
50413 66117 35263 6690 87232 8429 28964 91722
821 7
53137 21574 81779 5442 97917 20018 45321
772 5
88340 73196 63890 78154 20680
1331 4
19231 83999 88764 910
409 5
89719 92471 83910 34681 72849
1328 4
30556 18991 67443 32418
1248 2
16917 75687
1368 4
53 40397 36551 94510
1003 2
16217 83068
149 2
78697 89131
521 5
73488 50709 42011 34414 11740
1190 1
62432
437 1
69639
279 1
60552
1095 2
5753 75015
