74
4454 22
53507 14662 5745 38007 3195 47096 33811 46795 16392 57246 40250 592 32986 4643 2523 70874 47954 11407 52494 70405 273 52947
3407 18
42190 7475 10216 20988 64653 4365 35328 51727 41509 69097 9705 20023 39320 40481 23451 32746 1878 20682
1285 17
19553 51070 60813 46383 11498 19936 61836 26768 35959 53192 55510 65440 56297 4373 19363 2993 46755
9522 15
21019 61860 40291 56631 23667 25396 18300 39003 38354 67692 18752 29633 36511 72512 60058
5237 13
23581 64626 4103 37506 26743 31437 31345 33213 57219 23887 16500 13545 33907
1111 16
71627 28614 70040 632 49780 5872 36015 42221 35746 72034 6415 8272 8479 45543 58122 38385
3807 15
56376 71762 27154 70115 53654 41711 38324 22627 31921 18367 42222 21447 46860 35255 66252
841 13
62604 39431 1872 14674 1604 28338 8913 4465 22667 4909 9288 49370 40500
3195 11
2533 42836 29063 17448 72824 13184 18928 37032 51573 74208 24192
2010 9
43802 15812 60509 35830 28173 56452 32699 55936 34962
3948 8
71373 54280 28615 50650 67135 14671 5501 39430
4405 13
62403 57203 52921 39902 37442 66676 62166 44503 66446 57909 22537 69164 43353
199 7
75049 64608 61820 33551 33809 55562 5903
5782 8
74054 70000 62117 63331 16184 9200 34021 58492
22 11
21663 21356 15179 16073 18960 69501 26117 23537 68364 58318 71202
1713 6
6611 59416 43938 61675 38071 17077
6353 4
1861 46901 61250 41404
5533 6
34598 19641 40033 63462 28197 4294
6268 4
24876 42401 54574 51042
10539 2
19019 32897
3798 5
33263 24443 61243 57583 44117
776 3
28493 54599 38724
2862 6
73306 14692 33117 55025 65758 69715
9923 2
17311 3873
2309 5
68698 15629 66928 22153 68354
4959 4
55124 13951 26427 11447
1781 1
72458
5921 3
62046 68647 39203
7905 2
30781 29632
2439 4
67006 57247 21215 29041
3653 3
22157 13243 63368
2254 3
68408 29242 25526
6937 3
32212 61877 63145
10260 1
67894
5266 3
3997 23458 7832
4906 3
12388 73555 35735
4700 3
50994 25867 39675
8252 1
28187
6571 3
59643 34650 10247
858 2
33991 15366
3338 1
50362
2878 1
55484
1257 3
5364 50231 743
4907 1
46278
3516 1
73758
3126 1
28336
418 2
11094 60221
1054 2
49904 60144
9312 1
37747
6566 1
68962
4455 2
11968 31111
6384 1
16411
1532 1
47178
4032 1
28139
4969 1
72076
5063 1
35600
6050 1
20323
1931 2
58310 29912
4109 2
58784 41348
1608 1
53967
52 1
57999
1142 2
66709 60573
3773 1
47458
6020 1
71461
21 1
40338
5097 1
73347
343 1
50418
104 1
16287
6849 1
38728
6003 1
36673
2520 1
65126
5297 1
60805
3248 1
20486
2597 1
51244
