5
6360 106
27795 28710 27706 1805 7664 22277 15836 24916 24118 4421 37873 7757 10885 36713 11145 19678 519 21579 35652 38754 6819 25259 24377 25958 41721 23305 14519 40102 11978 19146 22147 29006 23878 23021 28791 4905 23670 40117 14550 10059 41685 35927 40501 11833 42583 38834 13366 32345 7628 31813 18572 19626 194 21460 22325 19263 42558 5324 15606 31559 22311 37684 5455 27926 22570 9840 44918 45894 21922 40772 11767 43744 30734 46226 41728 37292 33386 16539 25732 43646 33781 19820 11369 27194 16733 40466 22105 30054 39570 16348 17274 26291 34946 21453 25698 41627 42761 43017 10008 1834 6192 32050 20045 19022 29522 23540
818 23
24339 45915 19202 28922 38272 32536 29062 23474 28628 34711 2304 3270 9357 17907 18215 39293 22244 2454 5708 33969 42169 15314 30167
666 12
41087 30389 9224 2757 22917 19512 46396 30117 15466 6444 42445 401
4312 6
31080 34881 29068 39156 43554 40809
1219 3
16801 17082 5773
