23
2687 39
52976 6286 45269 70404 78545 57839 87522 47792 14134 65597 30895 15340 69556 79773 55556 67310 73368 33671 60328 39053 96954 74897 31941 92491 28983 9194 40798 33769 29585 87573 72885 29381 30822 86196 49006 65961 37328 28276 62862
2575 27
80417 10466 99370 26951 15245 37511 28393 25045 97908 61953 28964 84435 3912 84855 79823 86420 8445 24357 89622 57510 57834 25568 88024 75392 79439 93154 77240
3683 20
98741 7745 27293 18899 9494 4259 25124 51358 48332 31521 73092 69814 12960 55196 99435 63595 45537 56551 24051 4708
3364 18
7373 87311 24729 25771 44920 82426 89918 16359 75065 30686 28675 6643 75084 7868 63987 34645 51403 72853
819 9
78489 12765 75847 87872 32557 43730 21173 56753 11023
1908 8
69322 32850 65747 75562 18164 7689 68198 86549
5168 9
70579 13136 79955 4074 6409 26543 93140 42405 2705
1227 7
93315 478 76121 21053 70084 64179 67267
3734 6
28975 59104 42245 26028 33400 72110
1555 7
85948 60766 56829 23080 44109 38569 13837
4181 3
39666 67808 53630
5332 3
74167 48621 73456
8329 1
1034
8814 2
87725 33355
901 2
95414 55703
8792 1
40951
6102 1
1598
2403 1
33822
3861 1
9968
5519 1
89073
6479 1
76824
3718 1
98046
1768 1
91913
