89
9104 15
40220 69499 41114 85234 24847 57390 34076 54921 28258 87372 42294 71284 87535 42751 56676
1681 13
50153 54376 6888 67389 94264 65679 65554 52469 73532 89432 69981 64165 77706
2318 15
74715 11191 71512 80335 34608 47172 65356 27173 61571 99856 13404 59437 75231 3597 45832
3048 9
73146 93598 95375 67108 79257 88715 98002 8451 99688
89 11
2013 84000 99040 78980 88576 97064 93069 37438 66143 53720 90123
643 12
39884 92789 31190 48992 40671 72875 21559 65455 61826 34140 56807 25700
9092 6
52181 61290 60753 2434 93174 77618
76 8
77735 49744 81179 83612 34537 88674 28108 62108
10448 8
66810 11802 72884 34479 54354 29633 94127 2623
2417 11
57667 66128 3824 15535 13680 25363 77676 92986 68153 10318 75462
102 8
25212 37276 88173 62060 48411 18190 43973 7360
3673 7
94614 24192 63875 10808 40386 20456 40312
10640 6
2879 59729 3996 89754 46094 85424
10581 8
78052 42648 53765 60208 81692 66292 8919 92008
8749 5
26593 4596 70884 7547 15892
87 6
8380 46257 13918 30738 57554 76024
4706 4
70828 56218 24319 12707
2242 8
44707 42908 78523 81244 78979 58583 57863 15056
1674 4
12476 12900 7155 48466
2659 7
59741 57730 84224 67637 28667 21993 25262
9700 5
53699 9471 44153 92273 45327
11204 5
83712 53646 50793 37395 42525
116 4
65458 84284 67096 24381
4619 4
14973 28425 35660 70301
9132 2
2523 96081
163 3
78788 5750 57412
2413 4
20007 63445 13422 37364
5400 3
86967 47123 54754
2427 2
93978 76815
1123 1
12016
6771 2
4101 32439
333 4
85185 27513 13268 76720
1101 4
97124 83310 8734 59578
4028 1
2711
5042 2
17817 69554
676 5
99330 10424 32894 52854 65280
4526 2
28827 9464
5391 3
86652 98923 15491
2791 3
83292 83180 13439
2484 3
38862 67315 38306
1861 1
43570
7895 1
78986
8573 2
53429 66470
1055 2
30672 2316
1149 5
1621 28481 80431 64529 50262
5326 2
73411 62460
10203 2
38841 38440
1399 3
19925 13341 74466
1168 2
19561 71570
1992 1
71044
4704 2
22599 21081
2383 1
72056
5248 3
7193 5946 70976
1984 1
81344
709 1
35262
4965 1
67885
4700 2
76842 73699
458 2
34661 15123
2813 2
55742 11041
6977 1
90738
5816 1
92635
7496 3
73632 39273 32976
2473 1
50452
2227 2
9785 46591
7698 1
84716
1892 1
1273
5283 1
27415
452 1
12167
584 1
95567
43 1
57191
9319 2
11141 17123
4405 1
41754
2564 1
7083
2864 1
49299
1509 2
28926 52136
7522 2
55587 31026
11151 1
42791
8786 1
27638
7457 1
75766
1259 2
4371 85855
2462 1
27640
408 1
87973
875 1
40140
2710 1
63591
11196 1
99592
1854 1
99375
836 1
49857
9805 1
2404
557 1
80332
