8
69 497
66596 60480 56425 69749 10410 93369 39124 62713 74020 24896 32076 22880 36199 77174 88467 12731 73163 52728 91669 12851 65080 3747 5830 34511 39632 73432 32492 47861 826 68490 50064 55212 9146 1999 69595 38569 33708 27006 59077 86766 58108 1979 34101 8267 59289 22727 71065 77632 93120 90829 27750 31088 25201 66085 45884 11777 83778 57808 5186 42750 35349 10128 29077 61014 65412 45948 70646 88500 12375 30908 45866 5742 87315 39880 11159 25559 90482 9984 65437 44386 94268 39574 34633 43788 64152 63701 81421 50692 7944 13822 21484 19016 76221 6776 36847 45191 83451 55815 13195 66659 10707 80346 63323 35853 90326 54551 30914 41755 67322 89740 17888 55831 18305 43925 33728 52178 47608 41252 87388 80933 84560 26823 28023 61850 77964 59686 59883 33394 6097 5411 44894 51108 46370 59938 82568 22499 27879 5428 11333 78223 4090 14530 52323 29510 76720 82434 37150 9045 27685 69243 53047 11188 22788 2127 47761 73940 11527 37801 12212 8433 5299 54637 18855 62286 68601 16933 51494 91812 35677 41564 15522 85015 90373 14217 15653 78968 67514 89563 43911 23681 34998 88793 12214 24948 30682 44175 21382 23146 65234 83689 87924 63633 93013 16424 22130 28389 44718 15086 65615 51093 94527 92972 32522 38346 27396 88050 71487 80240 36832 66583 85095 49750 24337 50480 16363 23214 56483 240 40005 50366 94892 94167 15854 27080 27422 73717 3886 95085 74480 4049 67691 71068 63404 62472 54344 74948 13240 70645 92640 91343 95975 67596 22237 47123 7389 73830 2786 49008 58959 1197 77349 12968 95206 43231 6378 61769 31106 54837 75086 32548 39396 50425 34278 22430 43347 20705 34292 5208 42369 32998 1322 43982 54268 52378 6182 53822 78894 77272 52719 95044 8408 7556 74681 34080 35610 53909 34070 72735 34408 29374 89953 9071 61128 81596 2005 13976 25961 7570 25862 56273 60328 70383 60745 12892 46804 53443 76138 21143 50400 45997 61202 69551 83080 17722 70792 90272 23438 34823 38403 78960 55189 34445 54538 88787 22924 12427 34088 46827 41327 41176 73683 36377 5706 39934 48254 56630 19390 78871 87318 11002 8992 4677 47783 83780 28504 26470 220 67361 4453 3919 71744 70779 91639 67140 80719 76990 77806 40984 76588 40376 35328 17968 7908 5664 53722 24519 67826 76899 34327 16929 88815 18278 44570 46127 24781 77043 30555 92142 721 95816 46660 70317 47740 5648 22510 8438 48328 67642 78547 6860 11882 28141 55325 9243 2859 85920 898 64591 70014 85708 4781 43090 38027 59516 66794 48140 39268 20356 77860 53291 60634 36926 84494 76651 13412 7656 70577 36904 25999 56479 45363 81500 8234 1347 73286 2961 52218 49919 11593 90273 17900 16646 53676 92303 40724 17209 13639 52524 62054 4357 81691 71310 71764 86250 65834 88834 60257 38931 21579 86222 68188 38315 11610 90477 30645 15060 14961 64769 81293 28097 48545 46472 21138 94523 74624 18219 16156 57071 88434 52033 29734 62535 33778 58326 46875 85855 4860 89093 7175 55779 57699 26230 29155 79676 40915 57499 62919 16812 51762 75481 7434 4779 7052 14519 68978 6819 34734
286 275
67137 94286 67714 50824 85151 65726 87274 62722 94981 59200 49489 29051 87444 84889 59816 86964 5088 86512 75697 96583 18379 64202 67493 56121 19252 31731 15440 40216 87350 94630 33645 4629 58017 72919 45885 19888 4889 86039 6759 60989 75428 47052 17712 18726 75584 63794 60909 26482 5687 76693 73585 64586 29256 30107 81249 89542 67071 44827 7670 75529 37747 9875 62302 62689 21958 79914 83692 45987 48915 87593 8249 59386 15626 40202 43795 29363 28550 62580 14675 71069 28237 71152 60880 74867 49549 88194 78380 18512 24282 13694 58402 5165 3328 72836 39891 25200 36145 94095 60018 28417 50025 10678 23616 1200 57027 34167 20902 5692 50007 83638 69507 15553 72932 22268 8259 94531 21592 20852 32689 39942 10975 12551 13913 73288 12676 11907 55376 33142 94676 42442 35286 61905 58879 8913 5063 34139 29690 2673 29826 82166 4506 52905 64882 44659 90644 73983 40759 41801 65797 67833 61952 25304 49366 19757 76646 83167 19681 67860 49157 43877 22197 92881 19434 8022 58414 54923 44478 52625 82629 50951 95011 70318 36012 42837 15786 65707 78009 5955 624 11734 47622 41285 21879 81155 13507 94440 42033 6466 89431 3510 170 72064 61164 59720 2905 84227 10003 37721 56412 25378 56733 7832 39076 57636 95619 78687 64788 3060 29386 7922 13092 61732 33172 23954 59849 44202 2167 5609 96220 45180 73397 3455 51862 73076 42828 30503 76947 80940 62756 15190 54706 31353 29782 71396 57220 9679 15277 66097 18571 86687 66681 38354 66871 23426 87628 19600 36184 68263 61903 6281 19931 60317 89937 6114 3958 36252 4631 27470 69584 73558 29482 59439 18332 91300 23841 89650 50912 72485 58040 31438 82650 4344 64773 24388 76191
240 139
5176 33358 28251 47889 72001 3452 14253 31184 30185 91124 27131 79356 84515 28098 39577 16955 53413 41774 68592 91536 82988 89997 78800 5336 34900 86124 71979 8010 77756 19037 19454 89717 27179 15806 81227 30605 66592 64909 69723 39276 28604 34473 63089 54755 52212 75152 89064 87662 55223 66466 86289 19665 38265 12817 10514 52358 35293 29373 74161 59384 34705 48591 76903 65651 58291 38554 8798 10496 43760 50242 11177 74361 41136 85781 37733 73270 7035 16139 57870 67265 74838 94240 72602 41128 50894 3613 89561 41038 4847 80088 23568 43697 10854 73379 19992 44983 58797 16244 79757 19064 11202 65799 48376 22698 16557 25246 80383 14426 4380 28369 81719 67364 2022 21998 33836 39424 53593 784 44285 57264 71345 72631 57200 40077 60339 3273 96305 34780 49730 42947 15326 46570 11381 89977 75912 16545 5924 1661 7472
130 86
90122 74833 2177 41146 23809 12650 90552 16837 16359 90662 21761 29938 70601 55543 11099 32253 95245 25926 14626 89551 60184 49767 52602 45179 55938 34800 19964 30662 92149 85386 63164 6613 68372 52384 27559 34944 83273 25350 58113 92771 58219 58102 1812 5764 14910 8620 42640 56134 35013 7382 20465 36300 2841 63400 60527 59722 59797 32328 44252 47476 78905 42920 63255 31922 55712 88432 56066 29437 53059 5481 47882 60266 87973 24281 20586 21986 56825 13155 30105 46492 14117 562 50727 75343 59709 71140
558 53
66589 51017 42354 11981 67119 59999 66705 95523 25278 24000 41942 53995 56903 26054 18988 10513 52050 35653 91227 79357 84237 32178 59848 79194 13241 26476 22599 63818 754 70393 64984 5295 66628 1225 47617 62820 35843 53766 81923 29058 44716 57238 88366 59340 57357 79472 45770 21294 61169 52268 43726 87117 62162
359 25
21655 36039 61514 22077 83636 51068 10582 93220 8770 40652 2794 51238 64469 79314 2811 24870 63630 36817 88989 88666 24925 95927 15778 60441 16188
513 11
79146 94055 43686 15998 38957 72587 77072 50952 89395 9227 64296
393 9
94822 90060 17557 69134 71248 24497 35094 63133 86686
