41
7709 124
44522 85143 34928 5682 73554 35150 8309 34832 69308 11663 1849 43424 37052 9157 248 69303 51107 69607 80863 20029 78142 37484 41006 96986 85177 33770 66954 46280 86488 77751 52193 96493 81746 64638 57963 69094 85762 14198 66204 21346 92128 37394 60782 18265 9255 70614 71016 74230 35777 61526 12420 14519 80973 46736 32029 69886 64070 82609 22294 93993 82197 46523 51671 52469 80693 63580 75479 7820 40096 74139 63389 85111 62505 51100 4327 11299 20436 48018 49368 94500 52514 28561 14782 23259 53012 77423 4020 80983 52690 82483 91742 36393 48211 3933 70630 92378 46873 39579 34297 2088 72821 79747 84687 15871 83156 95579 15145 41677 77768 45757 71922 57745 68434 53709 35279 163 69923 93256 65609 86291 70281 49726 23608 88614
1789 124
41762 49431 65866 41091 76274 11654 91033 28536 73241 92369 30229 82223 1890 87463 92733 31260 60531 48081 63056 4208 13928 62094 62851 14870 21105 50466 66966 72020 76997 7754 14346 96228 5513 4372 10574 37768 24591 53496 6241 27250 94610 70065 61031 67518 99841 53610 57474 44697 90914 57054 46687 23551 11003 62501 96582 96402 40124 62709 113 98025 34428 5968 54129 56253 27232 51708 80592 69400 89934 74707 69582 50929 49061 69890 71515 83285 98594 58186 62692 26685 99780 96587 52021 51061 28983 45420 98910 42099 45403 48373 48827 32809 44426 47705 71723 30600 40286 10491 50047 87496 19841 61234 82387 96207 29338 91339 44639 36008 70529 67556 1463 24017 20360 40815 86133 5166 40584 95216 85316 50238 62733 91454 66854 24723
1053 125
85343 97544 15645 92572 78840 80422 39744 23478 92600 83989 20661 9859 39470 53239 63952 5376 48601 50761 71810 32545 3180 23947 69149 57555 21097 32096 69796 23783 50203 18457 20879 22472 70732 25421 10490 60734 97728 90303 54868 99192 95953 39285 12217 17118 39265 742 36513 11091 67717 61483 66917 75158 63460 46913 64639 1653 75799 11352 66011 67783 60878 86871 8527 70257 27668 69707 66015 67734 96486 95299 7149 95725 66894 14752 30065 93356 10875 20115 32984 96354 20685 62528 92553 91909 84287 57084 73455 47311 72816 83822 55861 79810 90190 92660 9930 51244 12191 23909 44603 9814 12766 37801 26417 86235 7048 91819 14485 5643 16354 80838 15566 51861 98819 46234 25971 81946 8516 20560 31495 11875 66501 35712 13207 71478 84817
6199 123
19361 12282 90532 87360 85278 98576 2217 6642 84456 39112 869 57675 98238 25617 80572 23748 37687 33791 10388 25594 14943 98707 3481 30263 12907 3214 69915 4105 59603 63514 12787 9521 81042 69472 92068 36254 52645 18809 33677 22892 43687 38463 72837 76221 43975 79257 49343 61665 20053 50759 1747 34807 46560 60232 62429 7332 84469 43166 24818 91108 18818 20596 90577 58289 4354 91122 14029 83078 48369 13510 67158 56757 36612 7112 75746 39946 40705 8490 21428 16682 47179 50386 85854 34399 63169 84580 74012 9412 22603 5415 18476 82084 28003 81624 64360 79475 99408 48571 3873 97995 1732 77000 78168 58451 46419 91187 6403 87590 49119 47900 62445 61117 33723 26039 52807 46033 32733 63804 91051 85784 8164 14880 88891
850 125
39278 27093 30785 21129 53998 65443 61440 77345 86772 10780 63864 50630 60654 53556 38061 64398 75794 60931 29048 3684 24698 49183 33665 52069 18932 44767 45655 14107 64468 29756 98913 82528 59097 1321 8291 28501 14580 54821 29100 53152 61463 85079 79353 38853 39954 33187 30266 71113 95528 86754 81481 36384 55188 22295 48539 88839 39562 17892 93278 51580 59284 60347 59536 27148 63245 20059 20154 86934 8775 51821 4379 6341 50626 53269 58188 22812 99553 60829 65035 19894 21671 48133 60824 62760 55906 51327 2753 52173 6987 47307 33345 91069 22653 79989 74727 63567 73236 75249 13079 9068 2967 68099 84281 14492 42128 9146 57545 67827 17542 8968 33837 99672 91782 26485 7566 4393 49671 75743 45237 22800 99671 42953 8432 84544 41741
5694 124
32705 64325 76726 69811 61903 50051 6254 27781 92144 3843 37161 13465 95283 17498 84268 53284 78735 13128 36274 87433 4919 69738 90520 31575 17980 18976 63935 91099 91894 43269 97521 22464 39176 56418 47443 77651 44878 88818 65950 90108 9045 90820 13685 28115 68508 33812 39185 34627 86354 16151 200 886 33984 38746 66253 76321 59817 17210 79669 55213 97652 56698 90743 5925 8901 29275 13302 1319 41517 72694 15565 30399 90048 69280 64207 7026 19817 81413 23224 76979 76331 90621 57647 72133 36407 55514 25981 76544 64867 32866 43499 42718 9968 27909 76279 47170 3303 32012 56656 43636 22802 77563 56661 80315 96148 96813 84938 98712 98291 63701 68051 74844 66056 58485 74073 65217 6428 42807 56400 16048 99235 76695 87676 17726
7540 124
73522 75921 36621 38736 47570 9551 41203 37820 98835 42865 66832 24149 74659 83140 30448 8452 49569 75853 52133 1714 27418 39992 96357 32223 84995 72293 23797 13440 17895 30483 1573 85344 81843 67594 74239 45572 23746 11210 57344 54647 41514 66988 60955 4734 93779 3505 74502 69291 83992 40368 61299 84499 62092 28749 50960 85127 25037 20370 38372 26156 29267 86726 31471 41524 42236 76652 39338 43858 26723 52348 30084 44569 87114 98277 17789 30620 63615 26758 95434 13763 67146 23292 71140 17885 18838 10442 51705 84910 6691 44187 82200 69057 17829 90982 75784 84294 29180 90510 34976 97624 92302 43290 69154 35614 19786 71724 73401 11359 43832 77223 71282 75843 35689 22755 19363 28751 91554 87574 12560 41075 92876 97865 74971 49637
557 125
69750 45541 50220 43203 15173 76985 38462 9079 56234 92933 7850 6060 72238 23415 34878 96565 9283 1550 97888 20591 50207 21230 46500 21181 7912 6084 46160 76800 36471 38322 97033 69601 31833 97580 41498 99395 7839 45032 23433 61229 56586 85866 38439 81660 17881 23656 19074 55010 8358 77359 48643 57706 23381 55484 77602 27782 91241 14080 80798 38917 63087 56837 73824 94953 63173 11700 18911 7918 69525 20181 30008 96405 31558 75301 54682 29107 20777 79925 96107 15122 13877 87744 99620 47662 88136 9977 41589 52378 13148 33508 70233 11798 66694 37587 5091 21648 39504 14247 91053 8525 64925 44086 85888 11026 67241 48235 44845 58953 85801 31328 95423 53699 15469 21875 25366 3393 60183 25855 50191 1472 73484 812 79054 95183 43125
1060 123
66358 19149 13236 37294 26535 33685 52871 81359 62891 89508 26024 51170 93230 40441 915 24147 50305 62247 31281 35655 80485 62228 65721 87188 26902 52521 83799 20808 38893 63976 75583 80816 70308 56896 39862 13396 66393 8908 9035 61136 54098 92238 16285 89967 61566 63292 52811 67971 54910 74267 95328 78956 88605 24824 45928 23418 63818 45501 56482 13361 85665 99033 57508 69539 63993 27331 45168 59103 41254 9495 82831 18718 14446 63220 7254 79615 24208 33658 44548 52698 45815 22608 95533 8106 68193 11440 60285 99256 18533 5251 57067 7484 89908 89013 83732 70110 25640 13488 8977 58505 41858 92221 51903 98787 71546 87297 98989 13563 91117 63030 71405 36402 64653 12375 59721 38566 10819 97910 67555 81010 81912 84215 18030
7165 124
96420 84031 63049 68542 35252 78179 85366 4293 31652 80291 36847 60534 92575 58784 81677 52290 32546 37318 98370 28208 48517 39215 27124 11350 96910 52977 38250 22748 2610 31183 73981 12933 98120 42427 74564 84827 17035 81199 59924 34994 57318 53568 32549 16905 3430 86944 78839 40505 65831 98497 72757 36934 47271 40871 63448 25364 42550 31337 92853 74917 61941 68947 19698 29586 58926 89025 83062 58576 36350 96435 26279 5463 49230 38042 37616 91343 63332 88657 91991 85444 60497 65637 8879 7058 69040 2809 36060 58398 28625 19521 45927 41871 17846 98659 96475 13509 16800 45153 34844 506 49918 13283 10967 40449 18759 36416 89488 83060 57930 34215 33796 48271 43730 99301 89356 18977 23745 94028 94842 8493 18931 17604 86503 89703
2695 125
12271 33075 25068 21424 1177 22628 6484 7575 62377 41913 41291 20258 29500 97765 80666 43033 91337 64449 59414 29197 9247 79056 25134 79634 23023 57621 55746 45497 9586 24497 62142 10640 37492 20580 29384 90720 24153 79614 7944 8776 86406 48194 49306 27207 89157 12240 12976 68489 34013 46524 53902 27054 38954 33021 10729 49027 40157 10346 96301 96048 58811 91983 97114 21031 19536 63866 18863 12448 69680 93780 68940 40382 37614 21756 84466 15259 76857 22261 50979 87198 91115 14293 14284 18307 22825 61132 85244 44838 39280 79994 23316 48877 224 95902 80309 29425 55462 53004 90714 50876 18984 95544 76338 82726 55434 61904 51880 10533 49112 99442 69973 97615 34010 24021 43079 19967 89604 23555 90972 95994 85067 82464 86375 27819 6232
328 124
15888 60361 40954 53456 10193 21881 16184 53064 67116 84892 66882 47640 60504 50513 90674 6026 89452 95646 7411 53835 72945 32516 13842 58141 95468 50714 77147 47599 57997 52712 21134 72865 65385 37928 48055 55094 63194 63498 93161 49250 55639 49571 17220 99215 30137 36606 43811 76133 43761 6713 40600 80474 56538 50138 15876 30654 55358 55492 26905 7741 73856 42000 96697 67332 49730 75682 87054 49448 63298 99773 85977 50408 99328 65971 64502 18177 89954 6015 71722 22932 63636 84972 82429 63051 36234 76391 85754 22352 46432 32098 28353 94334 58618 13021 51700 63687 37396 28090 41899 43031 73547 40940 94547 21807 69006 14116 28961 79016 29064 64943 99068 18989 50880 52002 56958 33191 27945 77547 83538 69935 46274 14251 37106 62436
6584 121
66542 37287 78353 30639 85667 85489 22610 62530 19248 59547 23184 11741 66870 10152 92061 39831 50716 30290 71619 95592 3232 27602 9696 56984 36359 85716 636 608 50906 39716 93127 61626 36071 80028 99281 76894 72035 26672 57965 41531 18429 55517 37615 18466 65557 10864 22330 45600 92415 22214 43482 87334 84504 99154 55691 93922 14455 52203 18149 22792 1372 21893 63788 13539 12842 53628 59286 21059 90447 28615 76984 86347 73086 98161 4185 18291 59190 61249 97886 27499 96978 91794 55410 78915 86868 51610 37054 22134 46411 73358 24097 41293 58257 2647 63716 81515 15651 63042 76299 68348 88583 29797 27948 17025 39678 15586 99076 40631 80339 3781 51093 11817 33953 22922 76883 509 54296 31976 56266 86483 37386
2638 123
36371 24412 81200 63016 92243 84857 86854 61697 68766 98359 26931 75256 92362 40968 54640 19632 4573 91472 62327 15397 85451 35177 92659 75770 69941 23699 91294 64508 79654 61401 23650 90985 7790 47315 51863 85988 33718 38997 57693 11439 21141 3698 7436 84652 76280 90152 92367 75699 24965 96684 19701 40191 93270 74738 69971 5307 39914 73258 97229 19129 84702 19313 77416 18716 95077 71218 9953 43567 18797 85418 5891 48606 14635 98921 41379 70901 35642 61862 62450 64099 68404 73904 3243 46286 75954 91236 68342 41566 76067 54979 82819 92959 42035 91475 6092 13912 77527 65538 21927 77452 41367 82238 2150 16768 91726 92379 20714 41956 79845 61128 10803 13385 84407 30337 45767 99149 71408 28240 34197 95089 71349 43293 45389
5997 124
63920 42218 20745 24688 78218 52684 34847 53693 63268 15200 36907 10012 56860 56480 42010 11522 97088 33477 85405 21221 20512 5943 96710 95125 32635 78175 211 18061 29526 14605 99167 38130 51853 4723 42776 24858 85321 52945 6743 85683 36927 20608 33048 68488 8462 91113 48653 86084 54184 58297 75441 58092 18817 39435 62009 59762 31499 6687 50041 89735 27155 476 57249 19810 61874 75473 2865 3364 95345 9387 99498 88546 19623 36938 80176 20558 73268 7451 10868 58441 11332 77966 28080 81329 19413 89141 90027 4809 25081 61175 39213 3167 22025 90508 50400 65927 27536 62068 18394 27303 31647 63059 56792 85494 20251 56487 16040 38055 31404 68006 69391 35284 19215 44496 42296 83584 55575 95734 93350 96318 99412 30430 64148 58279
6573 124
53265 35581 89811 74370 72532 84028 89805 35014 96636 85090 51273 2044 61982 31272 66289 26517 39749 44276 56553 51636 82334 3568 8950 71756 3849 99415 65771 82457 9222 66755 82309 11222 34890 99426 18803 42592 21019 74419 99898 76859 52538 17597 39698 12942 8857 62786 87382 6503 5146 29554 90680 13454 50479 66680 41425 62251 51110 62248 87730 19773 1667 19317 5279 97345 94488 65805 61176 17376 61093 48993 51451 47264 48727 74121 68750 23064 3423 96527 89119 7002 3354 9416 31223 90584 10417 778 39098 53664 19110 94878 97145 95382 34327 64556 1966 43972 75827 48617 74985 85833 58254 75805 65806 42133 8279 47224 68518 40988 67333 45035 69267 96892 30116 68268 35327 39933 18593 19909 30223 97923 25682 94926 5229 55477
4941 124
14665 25342 53792 86600 54712 18956 594 30903 30544 10540 13595 11122 65952 86759 67928 29944 4702 81756 66196 17879 58995 43725 87097 40004 51766 90637 83826 84100 86550 77753 37647 61195 21509 50132 13490 58190 81642 79879 35847 76171 16100 55111 52260 85341 4103 85567 89430 33009 76458 41119 94932 96674 74210 48875 97813 94134 64637 25774 60568 62111 3139 95215 12097 1331 29012 76804 36352 6404 665 76932 62862 32764 96606 44809 29886 48311 51485 63420 86448 30234 45562 63744 63617 70540 68475 75504 16244 73809 13304 80108 75522 98230 24138 92884 78958 46953 55621 26507 88971 58987 48494 29663 80462 68680 60750 95851 19819 29999 13446 46403 80899 31978 97267 66635 88616 84654 16974 2031 52929 18617 56386 59222 78536 28780
6441 124
95472 77101 88090 7320 65220 70207 73947 291 48078 38761 25385 13417 24741 21622 97665 15722 15490 35516 19929 69862 52392 17083 73622 26486 61350 16566 58094 84349 70083 42580 89345 85759 30856 36482 83929 41078 16137 20636 77758 80723 68076 98947 41712 12730 37908 74028 97294 91912 1862 93951 82818 29955 61947 83953 37595 27447 75457 85823 46823 410 68845 45148 77001 80843 57912 27140 84641 729 13008 19257 15803 59059 51136 39350 61352 11274 17870 4876 36481 32510 78814 40985 17635 36117 99507 32344 72621 13198 90912 41052 1964 28288 42635 78299 98898 35024 42699 82795 14908 37491 83158 83941 40760 19334 84288 61492 44989 32396 88062 95696 60442 37902 732 4086 93346 22368 15095 61624 56968 32338 22817 19307 73298 91828
481 125
91279 10093 18069 63167 36460 50989 63251 1349 97998 25490 8961 95936 40417 34110 21914 94193 80424 99175 62802 10168 23615 13208 69007 98570 21507 77796 80711 52699 57709 11428 91716 71449 58990 67925 8187 76246 10537 19218 85686 76873 8779 31574 34534 50256 37114 24833 93880 42134 53555 36169 87919 71431 52571 77474 86083 39157 19043 9277 75324 26334 91793 0 79199 68927 26048 20451 26374 12638 58427 48864 5553 62162 54383 43611 78165 5098 37195 20966 93672 86304 42426 49096 63385 63752 6184 78998 70439 99357 3094 29645 46409 36443 16544 9629 26939 36129 20317 93232 20293 76623 39679 61215 93737 71571 2160 18945 52679 93029 96149 93187 68339 26690 78443 47579 56599 19199 76928 61109 1722 71324 29036 11445 85016 57412 80724
3553 121
47527 16181 76539 14623 34413 15624 76360 31034 88851 48450 68023 45851 68324 81754 65448 92040 16316 64314 71219 38383 49837 89280 94662 66009 52271 81282 8182 14910 90119 2319 45268 16386 44156 67329 55145 89999 40952 96888 9370 29137 35345 43029 82630 64969 82776 5086 38963 93104 99407 44998 10498 54104 40950 88180 25931 91919 97991 73044 27266 61707 81710 61042 42716 69780 92342 27682 59518 6779 52075 64432 39121 31384 89542 35034 37530 60950 15945 72185 77710 32437 17838 12213 89074 78456 1901 66944 57535 23868 66384 47332 39035 97922 6080 34068 5458 72817 28809 62631 60192 50024 62574 69259 18051 4283 81385 2732 77562 99836 98801 94061 2526 17804 30809 80790 57114 96798 86034 87074 51652 90966 45560
5163 123
53361 96411 35132 93176 87927 5433 14729 95755 21100 6663 69237 67292 28456 73988 1506 18622 74247 77487 15128 49757 23550 47494 16612 58829 14960 59698 92787 88927 97962 49262 7307 47043 19654 21629 93207 56143 39811 83614 14849 13805 37956 48342 93485 39332 15333 82812 73724 80454 91897 10773 36376 72894 66943 82047 37018 22052 7523 64835 46874 92318 34640 9354 99267 70191 8041 83737 42041 71471 88572 28163 48793 60574 44419 79203 40027 81332 34808 14677 70192 48624 5069 77775 74627 84094 13399 597 62879 89663 84593 81752 14148 76918 67936 5997 52732 36733 90376 10814 17513 96034 35357 80262 10663 24293 39225 68409 67769 82460 31191 59636 93133 25144 5568 75898 23510 19590 23977 79690 51311 68071 49861 7511 29317
7333 121
10881 86092 81021 83977 10743 28176 55333 68210 66474 86666 76448 73290 9704 82380 15106 26178 15248 19643 66484 78643 4155 50486 87633 92240 55466 77778 5591 82991 64914 66716 38497 8327 14473 80789 12574 41033 53919 29970 21299 26076 34019 80275 84085 6844 89393 49192 53209 61809 36781 50346 92112 85714 62491 7176 10625 67832 74540 90776 37385 20842 30020 18796 23220 58379 70514 14079 43718 53290 2619 6083 91303 46555 72355 16649 45251 17048 65094 67588 91465 99909 60362 48390 7105 82733 61219 77900 81497 12106 72064 28663 55964 29363 21361 73870 36851 75641 56777 39418 78700 4725 41124 21762 74026 98957 39805 87625 31640 11589 33208 98181 15552 90826 77139 57140 72597 35559 71721 23192 78029 3135 76612
4585 122
58684 26366 96671 78094 92199 53651 58755 29301 9665 41731 98243 99394 24906 17284 9221 39922 25027 32358 17366 277 20533 93907 81617 67840 87095 8202 95303 99873 41436 41093 88164 60610 82176 6737 33155 24015 21816 68541 84918 11093 25749 10644 17507 33600 32751 37298 15954 96008 38850 29636 14092 55644 91601 87012 13924 71933 68148 5451 90093 49798 60022 6599 55893 35973 91244 28643 77365 52847 17106 13577 3937 133 58127 69361 32936 21772 30926 14932 92375 11879 48844 62077 90106 34615 1786 38117 34298 4564 34266 31488 72547 81256 33495 50896 17079 75676 57061 43732 38284 85350 73254 85380 33513 34072 10842 68464 68043 40861 83340 54218 27947 3720 9154 80257 83947 95805 60622 33637 24158 21963 72452 25193
599 124
43659 51052 70230 27785 31937 86943 26919 74745 10924 89569 1816 50987 95726 29376 7966 69875 85109 86198 59355 82298 36306 3788 33259 22916 42984 33625 77481 75549 13477 23903 25295 40640 90885 53676 31172 56056 74765 87609 24573 7425 89864 49830 68807 15756 68973 65126 89717 95268 26669 3134 46382 7857 9788 49193 2941 74406 50244 6175 69398 88990 89334 4855 31393 33847 38556 45806 26433 70749 32485 6087 78024 37272 7806 90047 33674 64997 43177 5349 92364 60738 97419 96169 25261 58445 93128 67937 46906 39792 9707 78242 64277 49076 91382 55580 81261 32157 80615 60098 28668 68141 59320 93234 17751 23673 43350 55125 51750 17455 68257 319 36499 23073 91334 60041 53447 25803 30267 72796 38955 31891 10159 17837 55332 21749
5708 124
96102 86147 95914 37414 5784 64724 98489 6610 1751 53741 4699 5168 99644 15042 48193 23321 52865 94348 34144 43542 89979 71867 72564 64282 32502 93393 84762 73164 49812 81811 4193 75037 26040 29790 14274 76428 94514 88135 87849 43883 86867 56903 51770 97713 3489 5008 54009 93798 19862 45181 34188 80429 75570 43830 8107 19084 80714 12741 87797 20630 45358 82207 87533 38552 24216 35662 51464 58039 14610 51169 15348 36370 21505 96439 23009 22138 95046 88858 67153 86788 93333 51266 36564 46768 8095 35574 98649 29416 29274 9330 11696 86186 31639 86010 7028 85154 77685 35519 18939 35269 83917 49579 99918 81831 46303 85926 83596 5809 27700 89010 33425 10687 27476 25506 96698 80880 72555 83555 93430 9119 69992 13634 34033 35775
2333 124
79883 12537 5844 88208 51535 59885 77055 51646 17672 47462 39991 67754 21195 30609 42578 34876 73080 12615 61212 87182 24952 39738 51551 24093 23798 3624 97380 78748 66351 3685 39616 74604 25109 51558 94221 66275 32337 85439 82405 87695 45000 86780 60224 81411 35932 5101 80922 59597 25048 6020 25083 76789 3528 54668 29785 33556 84233 33924 60594 73818 29879 71235 93692 68562 51798 94895 23288 65033 85955 34213 18449 92027 85100 44771 987 88970 66840 89610 68699 23216 45206 41750 98924 73893 79145 71022 95310 49335 52061 78519 80221 88402 83864 57393 51223 12648 69325 37591 13354 40134 17891 40270 62152 54167 92270 97957 47793 78245 16562 5052 7780 94748 71975 51776 14472 62 58719 36498 72340 74330 56869 34053 78248 11691
1069 122
75856 59105 13903 49337 13823 56780 87629 32177 52836 52894 97080 18327 25435 67076 46457 87548 31712 99948 31083 25902 19181 72774 77676 61976 50298 98760 74586 40827 53439 24621 49906 701 85459 50036 87976 25297 55334 83225 55685 73150 61825 61762 74710 39276 41377 92419 73079 25018 6607 46527 61509 7920 47561 90904 25552 31705 53529 80300 54874 22432 49962 59447 15998 77611 18894 67234 2595 40598 63904 25367 23934 12794 2827 45709 68084 49634 45187 12809 16608 49953 55412 8894 91468 99011 36963 34892 80036 76609 89632 79993 16653 12296 77317 58348 98134 97759 79034 672 68455 93661 79244 63759 91008 25555 42027 12337 20781 8831 10311 53299 18965 37381 30064 29241 26791 60039 58736 52887 80587 11655 13248 35283
2430 122
86836 8124 33506 16798 94440 14402 2005 25738 27059 58074 20662 65150 93663 12425 93710 97285 69367 31257 43030 95975 72513 96520 9550 7272 13291 51793 96885 48010 85188 18382 62275 97089 17874 37769 35031 63953 42263 43765 26763 55347 13409 17034 85722 73277 2219 42428 43616 79958 22782 40034 54163 94021 36784 54665 83050 73284 5941 44533 23335 53453 66323 6910 48113 87810 97141 6135 23387 9173 93958 36281 77285 70462 38363 34304 20364 29657 14589 69476 82518 81447 77771 47017 4535 40098 52408 70447 31757 42237 61228 33672 65556 13879 51813 51529 33890 33020 37334 82112 83911 82212 60500 38721 81960 31091 54700 87762 7111 79578 23889 13203 29113 39275 19026 61637 63626 45738 39762 98260 49957 93427 42560 38777
5224 119
25541 93598 63519 41504 57927 22516 12135 8400 43360 10270 26184 30963 28338 33220 23019 7909 93455 80961 94462 58646 32471 12168 16411 18676 62573 43094 19951 82895 23585 81573 64290 63284 43242 88169 81692 806 96662 82310 16450 54735 29395 26361 8218 41584 63944 13644 39510 79401 37255 24071 37048 19356 15841 12523 69840 1190 74013 61608 26798 80974 99031 11422 73047 26773 80573 43776 58302 46633 53091 94782 74830 8956 63130 61592 72045 27215 60357 16471 84078 84797 13081 94160 9254 98356 2469 21569 47987 77944 90582 36426 55681 86978 76380 62536 39382 74512 65370 16702 3202 10583 88377 55206 29641 90801 53378 78583 22551 693 75217 9075 83054 7152 53678 45091 4345 62848 93640 56415 96227
1388 120
50465 52246 29724 49765 94886 60794 55225 48285 80065 14010 84043 5823 25712 18955 24182 14864 21160 57302 38503 36143 80011 15409 50959 53747 5954 98026 49479 61634 10890 54311 87890 2100 87940 13298 42235 40759 10110 60103 95032 82567 67221 71683 91986 65623 4581 40030 29993 52255 38200 13389 44582 48660 79877 15087 29593 40898 99837 87310 45493 1660 13359 91025 14153 70363 5924 58861 70696 45525 55834 63184 76538 59570 21281 48637 99034 87319 15271 91771 60043 5758 47160 53816 27875 41796 95047 62588 22115 59221 83314 58393 28948 19387 37317 32490 34136 58770 15006 69754 16811 6277 82668 6415 74122 61974 42242 50039 60710 36028 96970 50144 79816 11793 8505 9019 30253 70494 44343 5171 38486 5414
3731 119
50961 41324 71682 9610 31682 53946 38440 35465 93066 16078 30992 94107 14283 65284 75103 49054 42706 27733 16701 79040 79904 50334 68737 59726 27164 6463 644 77953 46336 57611 97131 39143 29908 79163 73600 88261 21286 26113 51477 75507 67605 34896 38427 5879 20769 41182 82421 99947 25654 48580 16375 8339 66401 65728 18652 83407 54097 70117 71939 77956 31894 21391 94603 55283 10945 92443 32512 53968 8204 23684 21722 61129 59280 31474 55220 58276 35540 1495 95818 27501 18949 35603 30960 74293 66107 40077 5361 91046 65823 13739 35362 85496 51651 56573 10929 70043 26803 86617 73249 72959 22247 45666 94376 20017 61723 33693 96945 98132 62368 4041 26735 23439 57813 52741 96803 23736 17256 96788 38855
3008 123
86767 49099 33245 34329 49538 5353 28466 82824 59261 58401 49190 19925 97565 49873 30 27604 94629 34009 67354 24928 10968 25909 8939 84149 23676 1210 78042 17989 36300 58893 79177 48675 24050 50843 2345 36190 25582 42093 88177 82551 57599 30334 28382 30024 66529 17102 71630 53565 51873 14518 30611 56738 18122 72067 75696 29714 66623 18101 26847 5503 87774 53805 2683 90298 78959 6725 10303 29648 14085 12114 37987 37387 86450 20152 14990 19103 19737 86399 42321 41797 70509 54060 9 49624 63156 97612 43719 52025 64188 24719 35371 36957 31086 96266 18186 15463 3584 36328 35330 23021 1504 36221 44881 60461 57311 85821 73518 57305 79603 52337 77260 13837 21339 41701 26393 16216 60448 86636 30891 28340 65164 95787 29609
2893 124
52417 45307 57194 33574 67931 49033 4205 44549 11594 88299 13869 90602 79839 577 94079 45985 73666 77687 19746 23402 11686 22696 33919 66404 28820 65881 28142 56372 9766 72658 8614 15059 13683 14549 19982 62964 45336 82847 10993 9177 28081 33990 26839 2055 6442 59449 96658 11034 37841 15017 50583 31658 64783 90245 17246 7501 20726 80531 53365 57859 80382 34439 61525 15442 42017 67500 87795 68181 42543 18713 726 19343 38570 37735 16296 7271 30106 98010 90928 53001 96726 9346 9165 39780 7457 29986 19122 28754 97331 1006 83491 10325 48796 27538 80521 83503 47190 19928 14037 22370 12535 98822 27562 57781 46642 67960 30661 57039 7524 6485 12616 30580 17719 21508 62192 61030 82706 17585 21050 55878 19360 78203 21318 65974
4001 120
61487 61767 48020 98449 93250 77521 17 5429 62593 95097 76314 61803 81983 2318 25414 75311 45141 88932 64632 99229 71812 37347 62255 49846 85830 54628 69011 13197 88417 14336 98261 78458 80717 1206 63582 54061 45212 60515 73608 21877 78989 1648 92158 9340 15047 6740 92416 81902 81307 47603 19335 39871 51523 74356 613 4468 35808 47629 66493 54199 69444 97980 48104 51282 55568 25464 72525 20119 87781 89143 32053 7531 42261 11810 32655 5 27057 60899 43572 93994 21540 71794 93734 1156 97685 40053 94854 31822 59864 66568 53687 13794 74740 63101 89038 16505 12777 40776 51914 77959 12367 33843 53081 10276 11043 11760 93495 66649 62847 85469 24687 82020 23474 71327 2490 34658 5903 46960 78821 11121
2487 124
7144 198 43163 55721 92741 73184 89764 86643 42835 20199 67208 67577 89950 94849 92996 24838 65156 44869 96534 75629 86033 14789 49148 8723 24553 17467 61044 4576 59711 69038 13024 54816 92451 46817 94980 25677 51901 1457 49173 20274 796 44197 14788 26453 51089 18641 39404 91647 6198 4595 76154 52535 84554 98613 23612 51155 2486 70159 26030 48655 96860 26987 65811 42283 84559 29231 92007 97603 84521 18741 7984 8705 6486 98868 19638 67216 16933 78776 18218 66564 36709 64236 75731 48418 63661 32559 11391 15732 4900 57346 53584 28988 85633 56328 58267 79499 29835 96539 53151 59393 86532 13964 36536 36346 88739 54984 35828 34003 61917 16464 49945 47202 84057 90056 94256 77250 13780 50595 70721 48052 74201 69284 3759 33262
2861 120
58123 64445 57373 9818 34194 29288 85819 81013 89035 83536 64074 76494 11702 67977 59666 72234 50266 37480 73034 73115 94384 2443 10928 93274 49548 14176 90875 74759 51491 33632 36201 88587 46899 12134 77884 63606 25721 72140 92958 53072 57964 34531 24640 75638 90979 71196 76983 10329 55564 95082 62682 24749 8356 43058 75977 92738 19012 49222 39890 76053 83272 4092 46981 16650 99717 44699 84758 641 69261 76519 13421 66047 93212 61924 64960 7188 42921 38481 33137 1646 41085 75820 43898 78395 35988 53173 21046 32335 89732 17212 43786 49309 40514 92918 45207 82880 2903 21798 5742 81123 56467 81821 35396 70604 10647 57953 61499 96541 28329 80391 51674 69696 50028 33635 98652 10043 94561 28472 58916 11842
5315 121
9892 7650 53389 13974 27942 50236 38226 99347 9714 40415 33793 27972 60754 84092 96769 91522 72902 78659 21989 56828 90595 53948 73808 88933 40418 24951 44225 86244 37731 71100 36411 46291 45264 85012 63973 46188 68588 44094 36976 15587 60871 98378 46212 44233 71539 41581 73837 91757 5434 92467 4854 47889 48833 3753 97001 43300 53430 2134 5927 26434 266 51012 73478 4945 3335 10996 71576 27050 71331 79652 48684 49817 43099 8177 39327 32488 69970 99935 78711 93910 72402 39209 80111 53055 72808 56102 70058 1957 7403 18114 19490 76915 15611 53927 40455 84975 22717 67673 51893 3270 70180 90991 11280 90039 96744 95340 11247 68798 74286 79623 23376 58747 86634 13765 36240 65963 53971 8290 90910 66085 54771
1120 120
47037 2864 77740 11687 7722 90071 48871 2744 28977 93103 86761 33726 39104 99884 53313 84679 32572 68129 874 93955 4591 12377 22226 9919 62835 64239 26866 44278 47168 39931 22256 24464 35322 21864 81064 93082 90737 9967 17428 3812 84538 13885 54654 29725 71503 49835 74294 56313 41139 24447 12494 2291 68075 71183 31097 58301 99777 7347 78436 65572 47390 38747 22334 61142 8263 91873 99929 50598 26871 95627 46923 24870 5659 71326 14726 58418 798 46032 39397 31739 85273 6269 53708 62607 88813 51495 52910 77507 22003 2927 24535 2971 5246 43792 17859 26991 93785 32914 33857 90430 1946 55175 91456 1948 35639 30153 59 90699 73826 49074 19046 62063 8912 71320 97182 29918 54842 48280 40643 19919
2396 116
60431 96040 80083 86019 46801 33001 48760 7670 3089 37915 44612 44455 95568 82605 74680 44327 23465 94630 3886 77846 6750 64107 5397 7639 98437 57387 62784 29194 47118 93115 54109 20074 78444 61523 94121 57968 37599 86523 56589 88576 49268 29817 96239 98365 532 65855 23626 86075 67174 42743 93686 54249 3288 8569 99806 51786 97135 17374 73180 18769 19306 67397 66229 47289 43825 64060 26969 38694 51064 98967 94520 270 10223 55451 43156 87432 20347 81065 39072 34163 73166 99476 31080 24872 78851 68870 33613 43682 11554 35971 427 98256 50754 7300 91341 86270 14688 53600 78676 98111 36881 5641 53821 14909 70334 16334 77896 70852 69155 31936 68679 86834 93280 43887 72161 35383
5530 121
72198 4285 68988 93191 26037 75634 61695 65036 31279 34788 91498 70950 31573 24623 18596 36279 24601 70160 25340 58907 10653 83795 86722 55167 31829 50883 17660 82925 92537 16790 44556 4060 58145 20404 24004 84190 17945 96231 30996 66087 81559 43777 97311 41060 92466 63393 27137 46405 61541 12018 84832 72445 93153 43121 92975 6047 50853 41882 45533 86350 49742 91854 64844 74781 95318 66445 78533 72518 64208 68998 21336 17262 29567 24244 98906 70261 28431 4865 76216 55614 94205 64486 69691 65595 90835 29671 19226 50915 47363 44259 98537 32296 91683 58653 20441 39904 72131 52666 60793 86259 73933 86443 94996 70581 3265 80351 36064 28417 26054 19025 76206 48025 37260 59881 70421 96680 7971 7856 62123 56314 20982
2873 118
15613 15898 32189 60343 2807 97840 14666 28523 76765 44146 54612 56592 47503 45014 71710 26305 46060 28654 60831 331 57313 25961 92311 65327 52136 17493 39432 68613 85027 3764 64547 18852 82619 35551 32807 57803 94206 31148 15367 26800 92822 16082 7657 76214 32153 84931 8419 93306 30740 33951 85077 77612 52974 37855 49028 16691 49438 80355 59347 4757 75665 2177 95973 31785 47894 48863 41357 9662 2973 88547 43123 36943 35305 27172 17096 94673 73735 87540 25441 86559 94691 12009 19861 89405 89105 58151 17707 52351 3864 56800 70324 52182 6138 35353 46246 61416 76438 6831 54250 35677 99132 71057 10038 91078 95927 90998 70318 37947 4502 34760 21825 37667 78052 1538 74523 29643 58024 84147
