11
3558 102
3182 13503 59414 37397 63335 65840 9308 34646 72426 80904 45961 21970 57825 84717 13292 15065 5162 49017 12143 59558 33458 25924 84178 38294 63979 48557 41099 48978 51832 41232 7082 70201 27462 87874 40975 2435 66988 39494 10965 4399 16952 42785 41967 32971 83555 21655 25446 28282 24396 31428 11307 39775 82575 71025 17995 67552 16912 23350 50728 81839 88903 54968 11239 59706 11263 68458 76336 6663 67331 52490 39289 48112 26333 32143 85470 32306 33619 35910 61819 50735 2281 78982 45482 76501 31046 8584 76633 83798 64734 49624 29823 37992 82536 85807 44955 5806 48084 67369 77761 71398 20792 952
4058 55
12160 55087 67655 62548 85794 36566 1587 1841 43013 50808 13363 7622 12876 19570 19641 25977 47267 52252 40729 24840 49928 25728 81443 47651 56702 8337 10980 9498 17295 55290 2418 60046 57064 80729 44839 55994 61823 71723 38821 25865 10451 56951 84907 77152 18657 88143 1078 41701 19773 60793 86696 15357 21218 46223 10128
2011 45
51274 40473 35771 48722 79740 22251 48130 50945 79680 20135 5749 20278 13635 2464 8744 77986 14246 49056 46156 41204 49163 59365 38463 21338 68810 63597 36552 9990 30834 13547 61142 15863 39472 50320 34995 50533 39838 69996 69231 3742 88862 21246 1036 48872 50963
6597 19
693 29891 14793 63305 69442 41620 82296 64486 81483 87207 29413 59314 65420 63658 9729 69159 83035 71878 4842
5372 18
52090 13583 28826 51801 56889 57442 38481 7807 73377 56183 22081 22875 32131 66465 23173 27097 13988 87125
1824 7
24259 9143 82909 61403 27038 47456 39423
52 6
10000 54956 15127 4506 28259 5898
2731 2
5548 75909
2945 2
44922 66710
2680 1
49154
2236 1
81383
