116
209 110
15080 11026 14598 13770 630 9474 9939 12168 15532 16542 11621 1545 9575 4480 9427 2444 13838 9923 15482 834 11662 13037 13312 1087 10989 13080 3737 11587 10178 564 6551 7164 3854 9733 14834 7483 4185 14391 15237 13151 14237 11823 12820 10425 8160 12272 5378 13211 502 989 15574 1876 14613 1804 8646 14980 14870 7402 366 41 6890 16092 10190 13103 7906 11738 6428 461 1191 18740 12950 3342 14272 10455 3861 9606 15557 4406 12353 13674 3487 9862 14752 9701 6484 2906 16426 14685 15211 994 12020 961 7961 201 3742 3474 8739 898 7082 5973 3459 2059 11877 11901 10683 10021 9163 4017 3907 2507
1435 35
282 6048 8688 6585 11000 5068 14290 10741 13102 15243 919 16407 3932 10356 14957 11192 4625 11628 4345 2636 7733 6567 6612 1642 3624 3681 9404 7635 16978 17334 7963 14273 4767 5528 5053
6445 34
14183 9703 4829 10205 15466 4351 16999 5126 16462 17394 17135 10305 7944 7684 12871 15049 5337 11770 11701 7394 17632 6569 15050 15433 3235 10721 9598 17548 8516 18504 10324 3559 16138 13638
4442 35
2439 15902 16534 8323 3243 5950 11996 2646 1344 2496 9994 2246 10630 13360 11620 15509 7550 10285 15405 15288 5975 5806 9754 10570 17055 8061 9029 11584 13293 2725 18224 7676 9837 1113 6298
3025 35
18502 6405 10415 6698 11911 10438 806 18475 6119 3872 14476 16088 15020 6466 17140 2757 3821 18693 6744 11826 9825 656 12992 16087 9943 17194 484 8885 4338 12998 5968 5853 18449 15835 17112
2963 35
6231 12371 2813 18410 4049 3988 5942 6596 4552 7441 16096 6777 7046 15972 18329 1275 17863 9627 198 15387 16273 10431 6202 17303 5420 13720 15608 8097 13746 5300 18634 15192 14854 17528 15221
1776 35
6303 4809 6224 2241 5137 16403 6871 4056 18302 8974 7553 6381 15778 15109 9396 11174 6378 625 11209 10646 2595 7155 11423 10668 7773 4349 16211 7142 8792 4044 14956 1338 12887 11743 16348
4058 35
16212 17665 12729 3063 4021 18661 10330 12384 7633 16331 1111 7817 4289 13803 16282 8610 10242 17208 18290 15659 9416 3607 398 13291 139 18127 16218 5026 8121 6406 1644 13469 482 16201 13253
3145 34
8759 895 15137 7808 8836 8276 3006 8709 3253 6066 5481 3442 14885 17395 7470 6617 13566 5959 16995 6216 286 17868 2182 7916 10749 4065 5779 16151 16371 11079 16855 17742 11695 13462
3674 32
1263 14016 15822 11412 12214 12389 18365 18086 5462 8795 13099 17985 582 15367 5832 1022 11921 16737 7554 4638 8053 18462 11800 2739 13769 13816 17101 5795 2923 9087 2288 13145
5281 35
12019 4437 9516 4061 6356 4888 3186 10480 5402 15500 3639 4615 5392 3360 12177 9018 10740 7908 3579 5030 12301 12245 15064 12324 15724 2057 10474 10406 5373 10109 2066 11867 5523 3470 14412
6074 34
7911 7929 7898 9091 17085 5225 10379 3644 4799 16848 2608 3908 4958 18767 6517 11226 1803 10823 1144 13343 7054 13246 10813 7747 12065 4603 15484 5203 10815 12182 17165 1786 11865 17023
4224 33
8278 10471 2348 9290 13702 187 11799 10353 9763 17696 13839 16795 18524 8195 11386 927 3992 7193 9359 7784 5990 1965 17458 13976 5596 4191 12036 4994 15338 17291 8474 5324 9988
6439 35
9834 12258 16174 5661 14462 9551 6876 17336 15582 11995 3500 11490 6591 6697 3656 15631 10287 7261 9242 14925 18712 18275 6407 14824 17721 8531 1459 4111 1431 479 11520 17305 15217 8395 2387
494 34
16487 7558 2415 18744 17642 6338 3172 298 17410 12842 18735 17365 1966 15684 13877 6966 10724 1558 15803 6867 4048 12308 18812 1156 15578 5459 12294 5695 17168 814 11321 11614 10240 2550
906 35
1607 8758 1760 10016 7389 7135 17258 6265 14482 17573 3375 11038 8616 433 1950 18137 12725 3692 2647 6245 4803 13889 15454 8693 3373 4344 976 11670 13966 4940 20 16324 4583 13362 18719
4826 35
8504 6814 12513 2879 4790 7466 17198 15017 18664 553 14644 17514 3484 1572 17091 3797 16727 10063 10986 5742 11250 12905 16198 6238 2943 14387 16555 18087 914 17489 11890 4845 7686 2802 16577
2346 34
11318 10924 5752 4257 4487 5165 11492 6465 5005 5486 5491 15456 13851 10832 18421 14427 8977 12980 4020 13735 16603 6508 2132 7849 3387 5581 7756 647 2600 18268 6721 2437 9205 10948
5005 35
17973 2554 5468 18783 1945 18262 16854 6070 14867 8751 12635 14977 7137 16956 12219 15505 4766 6027 9360 14182 17538 15227 17377 3834 3098 2026 7315 5868 18247 6078 5020 13766 8554 978 1556
5366 35
14935 10934 4157 7588 13219 2346 11057 10843 1581 11272 8482 9978 18734 9616 14397 2478 13583 4872 17652 2293 10142 6842 12512 11987 5152 6161 14738 15709 4207 11338 421 16612 5033 16833 4757
1504 32
10903 7119 9361 3957 2454 10716 8715 6384 8430 5737 3025 4195 13931 10947 9010 12785 16152 13019 6086 17191 10179 12261 14680 18603 7447 6742 14346 2893 15084 10363 11874 7236
1760 32
8432 18838 444 8345 514 10044 17536 17530 18111 13212 8859 8182 11495 11990 15453 7198 17223 10571 637 16658 633 17141 1548 12193 15830 14006 14800 14051 18469 1376 15182 12890
2074 33
16540 6692 14629 3195 8312 18583 14485 10067 18803 4698 11673 9897 18042 17758 9295 1018 728 13079 6060 8867 17408 1357 4340 4608 13580 1807 1567 2849 14569 5371 16279 7648 6145
4251 30
8157 2722 14092 13516 15317 8696 2697 3150 10007 935 4361 15548 16729 13714 14508 10563 3080 17646 8870 8764 12419 5435 13006 5842 5434 4414 10654 14915 126 18575
3182 32
16104 1086 13271 8643 7913 8102 3927 11968 18602 8228 13858 15406 2542 5064 5844 5599 10297 13850 2201 10674 6170 825 7754 13718 12053 4238 17384 7191 15165 2570 15874 4748
1757 34
2599 17864 3504 13615 12206 2197 1897 5921 8477 14079 11569 2878 7835 275 17036 14507 15362 5568 11424 12958 18679 2727 6427 5325 15324 2344 4696 18600 12963 9014 17511 6523 11452 8719
850 32
8047 2338 13761 17350 13564 11851 3467 185 13486 18754 7946 6838 759 17296 3141 5151 3815 2423 4452 10509 15277 10941 18586 14764 15373 18102 11511 8139 14853 184 10901 18063
397 33
10859 17375 17104 16111 2470 9060 2572 5993 13348 10514 7450 13897 7197 13139 4939 1332 17594 12581 2658 2004 1918 16972 870 9536 2314 13143 2357 14850 8501 827 6913 7951 1280
670 31
622 10745 9841 8725 16456 202 18432 9170 11983 651 15044 17269 5465 15869 14426 2471 15695 11476 16879 1225 3020 11162 13660 18019 6725 3214 12546 9877 9653 17822 3392
6792 33
2660 256 10841 10505 14941 9340 16355 9117 14776 14193 533 8302 2418 11827 18011 11275 2155 16607 934 953 5784 14152 2045 12372 17116 871 13395 12041 7757 888 4919 7743 5377
4809 35
17374 15246 9914 10923 11767 10915 9494 15250 13955 15264 4483 7431 6577 12431 13192 6746 9683 7881 15108 1687 11993 13592 10866 16068 10677 12722 8670 6554 16436 8063 9846 14847 7326 1102 3744
5917 35
11206 5889 5223 16001 15850 13217 4727 14822 4165 18653 18122 7903 14415 16356 9172 7622 11087 18121 10249 6195 403 4427 15583 12661 3993 16272 1863 17875 3350 9199 10368 18236 6743 10031 4201
5620 33
9649 8768 13195 17978 16757 5936 2096 10999 15166 13093 4479 15924 11830 5594 3853 7400 2737 11747 236 1533 6832 18422 13814 328 13289 14212 16085 12159 7186 13480 11332 1364 17131
4396 32
3696 8115 1627 14857 8349 10617 1122 15620 12857 12728 10733 4997 2269 3233 750 16923 6918 3326 12977 12700 8044 8991 18036 2412 11873 7048 6457 18453 17082 12155 5908 3873
4446 32
18809 11699 2419 17243 13053 10734 15829 548 13694 6536 144 11385 10725 17300 17992 10730 10441 2058 14111 13690 11388 15344 5469 15077 16404 3357 11176 11686 13332 5786 13911 8754
4791 31
7586 9320 9437 3756 12260 16015 11323 11439 15916 5882 16377 18506 4514 264 8711 6782 2446 722 1277 5808 5051 15399 17024 3292 10466 2354 5772 15038 2933 16498 13642
4580 34
3674 9344 17412 17496 4148 16254 7494 13029 7831 1462 9073 10889 11447 15650 15843 11285 17951 9328 9298 15029 9031 811 4726 2592 2960 3955 5814 6124 5282 8448 14025 12004 11344 13730
4575 31
5353 10856 4539 18608 10132 10559 899 2426 7976 13439 15770 1194 14437 4063 17693 15478 16756 2236 5620 7562 2885 4198 18064 6750 16777 11137 6574 3421 7938 10782 13484
4869 33
6159 15470 9449 8313 4898 3142 14705 15692 12217 16561 1868 8222 155 2733 17397 3393 15054 13595 11834 5239 14020 12825 8627 12917 16020 11593 18784 17811 6836 9001 18541 15488 18572
5195 33
4844 3731 3302 773 14113 18206 5158 1295 5778 2301 3621 11976 6261 17508 423 16910 4064 15585 11848 10152 15224 1207 4395 16029 4 7678 16508 4029 8231 5267 17708 12314 7609
4025 33
16750 18795 5914 16881 6151 14526 10387 2694 7670 7925 10367 6768 12171 11808 16125 2881 3182 16351 13825 17830 10578 5558 17570 14791 5041 1785 12061 3084 4881 7523 17424 9274 14325
2984 31
15434 2290 6669 8822 7423 7763 16699 12921 634 15267 7371 7378 9527 17133 10743 14718 8780 4086 16969 4434 17788 12976 4978 8227 7604 13379 6728 9157 16984 8211 2008
6741 32
9178 16938 5179 15975 1272 15440 14889 9643 10256 16032 9512 1942 14779 8773 14984 17060 13441 119 13778 5495 16974 14733 14532 16090 5110 8803 17591 18293 13495 11222 6864 16297
2044 34
652 1317 1163 12127 8960 4409 3241 18776 16806 8722 9909 17363 6990 9436 2782 5182 11400 2307 9462 2110 4832 9 12268 2771 3389 6460 14641 6446 3184 22 9731 15053 3128 13001
2645 33
15763 14034 15852 16461 18005 9722 643 4105 13399 3743 11835 16230 2480 1908 11210 4730 12386 6279 12596 7496 9039 2736 18549 7027 9545 3361 7265 8158 3199 15024 6183 13346 10604
2989 32
5104 5168 6281 15234 15097 98 527 16803 18222 6603 9171 6930 12683 6241 10161 12022 2552 2219 8485 10966 11718 485 16989 16306 8233 887 13184 15615 16323 15493 5996 9227
3283 34
12770 7053 4449 14334 10158 15882 5266 14452 16343 9755 11422 6645 559 7993 7852 522 6200 16886 3030 1552 951 17488 14112 18154 9394 16276 6611 6441 13874 11441 17979 12487 12568 11638
2818 31
5619 11563 8265 13428 8820 10399 4394 12318 14766 13925 6431 11130 1798 13520 1066 11161 4215 6996 9119 11402 4329 5 7741 5865 13058 2195 18501 6404 15825 8360 15169
7014 30
15183 11663 4660 17832 14145 13740 7131 4236 11075 9090 1701 3554 12603 9740 341 10244 1789 10949 2621 12538 16464 420 11887 6115 12418 15970 13427 15802 16076 8952
3988 29
16519 6685 8398 5366 17322 11107 13913 4053 3942 18081 3510 6401 12279 10272 13249 8873 7151 1036 2090 12194 8918 14425 5155 11692 9555 1034 15037 14869 11198
4836 32
950 1543 6132 15025 2363 18068 16736 235 17631 10876 40 15354 11895 949 12456 642 12247 1707 6684 7820 6021 9675 12972 11143 11778 17574 566 8382 4200 10790 4690 10623
1744 29
16233 12830 5036 6953 9983 16597 3227 12664 8494 7002 240 16539 14252 18021 13629 14497 17710 16501 3147 16668 13083 6614 11433 17429 9037 15845 13599 6635 5745
6296 32
4468 7159 6329 16142 10664 14520 4356 10433 17162 2105 13936 11364 4774 18523 5672 3713 18360 18704 13063 12316 1951 18835 16147 14126 16196 390 14218 14618 12966 8326 17200 8668
1904 33
5489 15099 6274 13510 14619 6138 11040 6351 12564 6262 2112 3664 8546 12466 16226 17805 3494 7419 8433 10206 3403 18060 14314 3671 12151 7932 5439 17905 7989 11879 15633 8109 1825
5287 31
16616 11580 16107 958 1692 2908 13982 9905 17554 8963 12663 2618 12999 13665 12251 15041 18190 11929 16945 6072 4852 6433 2048 12562 14223 11127 9378 7194 12911 9892 16062
1253 27
13981 17747 13557 12226 11437 3338 2343 1878 18444 15887 13753 16873 1618 8913 11489 13742 5860 17500 11715 2273 4001 18209 1127 6822 16249 6652 2247
452 31
18706 1705 18263 7407 13490 9752 13248 18397 4817 10615 11547 15531 12450 5144 7106 12342 15269 16184 16058 7457 11064 4317 711 4205 18166 790 8429 15199 9275 8336 8526
5975 31
17549 6776 956 11289 924 7627 17707 14067 7955 6489 5374 2076 2883 13985 14343 9861 14277 17432 967 9941 16962 18257 13496 16546 12790 8282 3016 17655 5705 11191 3866
1951 31
16296 5910 3990 14666 14630 3037 138 1919 5329 3817 16690 17946 16458 2605 4369 18256 691 8463 8166 11965 8761 13598 2918 1637 9952 9281 1001 10644 6747 4104 9801
4257 32
12114 4331 7693 9741 11172 3611 18707 16513 6936 7691 5999 7258 1287 8894 1270 276 16 17316 17491 8306 2976 17553 982 1417 15328 10439 2796 8111 10393 3239 8328 886
1149 30
498 15372 7350 3318 5279 15834 11291 5327 3460 15801 14263 11059 10207 3897 3366 5979 1193 4650 6636 15736 11705 5571 1512 2438 12509 14306 8929 2070 15699 9098
5219 31
8419 10976 9866 12547 17402 15301 2216 8210 5785 13250 10944 381 12576 2806 6511 11894 8037 307 6572 14634 14202 13483 5000 4654 15721 7104 1499 15734 15244 9047 14466
6595 32
17881 14551 12765 979 12368 11546 2209 2559 10151 14891 13675 537 6260 17731 6429 15351 2896 7427 15413 10985 4624 1714 6307 14380 5554 12789 11918 5529 5499 8971 7990 13458
4539 26
17452 1345 15216 14908 15901 12073 12738 8915 11267 6733 18300 14989 10574 12361 6442 849 13114 4700 17873 12472 12918 2265 10520 18548 6225 13197
1116 29
54 427 17136 10938 7617 2465 6839 15859 8036 866 168 11505 3643 8003 13535 5597 13559 159 1216 11377 17711 10457 10202 13663 16776 2166 10421 11864 15905
87 32
11629 16676 2670 16918 17796 1723 4792 10494 3042 1024 13553 9738 6558 203 16859 18299 7260 16952 2610 4420 15797 5893 7368 7548 16509 6850 968 12388 4286 16099 13723 8122
2844 33
9635 11652 5780 12005 9316 1012 9345 5493 18352 2188 14174 13475 13485 18622 16478 5055 9828 14219 5060 13562 3682 4176 14213 4057 14509 9085 2039 10004 12835 11105 2108 13953 10736
447 30
12122 2368 1440 12895 15883 13358 10694 18207 3895 37 4439 8057 9079 13544 14124 11002 14055 4047 17754 17800 10939 8983 4641 14153 6565 3718 13169 2761 6520 11813
1779 30
385 13106 1834 1140 2822 14464 4103 457 4768 15384 3811 11856 7958 3769 11730 1433 17260 8788 18675 16108 5085 11843 1434 16386 8369 12733 3844 1151 9293 18443
5872 28
18788 18550 12128 8733 9041 4085 4181 12133 3208 3680 13387 10235 8730 13785 923 13651 277 11954 13329 16402 8591 17167 13636 14670 18590 5277 8437 4563
3006 30
6545 17110 8674 6133 15968 9658 7513 14895 13845 11462 11962 8266 8014 575 2164 13070 2087 17070 9854 17250 18067 5014 16492 15450 17845 18516 2778 2784 14455 2484
1213 28
17689 15642 3994 18674 7732 3065 16281 9977 2490 13198 3599 11687 13282 3631 3838 15495 18482 18663 600 10427 5247 2791 212 14851 3089 14575 66 10609
2479 26
7624 8587 4777 14046 18378 3447 9013 14375 12855 15837 1639 10236 8604 6006 8839 14626 8876 16141 8699 4377 15162 16526 1482 12586 2509 11202
6286 30
6638 11706 10293 18765 3076 18486 9024 661 8079 18749 17565 3363 7269 12264 13008 16711 1999 15606 3174 16305 15960 558 17005 1797 13366 17818 8583 2614 3391 13621
3157 26
7809 12757 4722 12465 5079 14438 2034 5382 9078 17398 15393 2721 18566 7729 12190 15071 9768 16828 10492 15256 14769 7253 12434 17267 1686 7847
2502 31
6422 2024 4242 5838 10756 13460 882 13677 17472 4538 4440 10698 14976 3960 9903 2838 8214 4911 15917 5365 3767 6795 15012 9830 599 5736 3272 13314 16574 14842 18240
3026 32
16623 9946 13472 7837 10199 17226 4857 14191 12031 9133 4549 11708 14097 17338 6601 319 10057 11760 2616 17034 9694 11613 4190 12241 4554 10572 15564 12295 715 18649 14359 11671
6767 28
11604 4900 6800 5669 4229 15347 14000 14975 14797 2708 8589 10816 4601 1454 5479 16827 4324 16601 18474 3104 9907 18125 9785 3268 16707 3678 486 5476
6415 31
17683 14282 18342 7333 3222 15135 4443 3714 10221 7802 10187 16993 9513 8936 17636 13639 15419 3113 9573 10443 320 17161 14235 10803 1453 1340 10284 2734 7133 2329 18748
5731 34
12494 5598 14729 13923 1802 12338 13326 7766 9526 10885 16533 4880 18742 13207 13094 7504 9835 3517 13065 8484 4341 10844 16511 15653 7289 13928 14085 4644 1683 12988 15496 14147 17052 1949
4645 31
11947 14401 7254 14786 15252 11709 15458 14568 16606 8374 11042 15395 7813 14960 17092 16758 10616 11967 17919 13230 7334 3646 13528 12748 8449 1403 11900 4515 3216 18480 1166
727 31
6230 10645 17050 2562 4435 16954 15034 4366 7574 12787 16642 7422 18703 18685 8421 447 13319 7116 1265 15629 17586 9453 9050 10940 16919 10428 2107 8277 16735 4383 1761
1037 29
7332 14265 17544 2611 1815 17515 1668 14304 4899 14390 680 13654 7172 3469 14336 14541 11355 10533 7094 15285 9820 1862 9110 14710 3842 2421 15671 412 8335
5992 29
11183 15032 5205 796 18183 12333 8128 5123 18630 3419 16413 6778 8706 4846 5720 8178 12816 4746 17757 1421 4715 4149 5701 5229 11224 12356 6710 105 11846
4228 32
174 17152 16268 17348 14137 18508 11223 6150 8879 2904 2217 1997 17014 17493 10351 12399 5194 5181 14254 7937 7229 1307 12755 16166 4535 10627 13270 3427 1168 2574 9354 16920
5996 31
672 1320 18667 14536 4663 11949 5877 14134 18326 660 2787 12654 1412 17262 6893 8736 8658 7246 8453 915 15492 4807 12152 8496 16146 11407 6463 13036 15880 13035 14927
1729 30
10074 7317 11194 13425 843 7123 14460 8263 18833 17022 6981 9497 8776 8609 7954 4171 18794 5685 15136 1684 17427 18155 2504 12569 835 18758 7406 11263 13548 1351
2092 28
7047 11215 6550 2175 4050 8291 10108 8685 9926 14432 15489 4160 16134 10537 13444 9723 7202 13182 16483 13194 8515 13512 6642 11792 6546 17175 10048 4837
1384 32
10418 4980 3780 7026 13434 18656 5981 1755 8250 10104 17641 5952 16637 6408 8860 5437 18777 3746 8113 14194 13344 12869 16630 15229 18599 16794 463 5429 2463 877 6639 6609
3052 30
8520 18100 17680 3545 5564 116 2620 2282 2135 5251 18040 14447 11535 177 10857 16537 13328 8100 14897 10359 1347 3679 15127 16471 13489 10184 8232 7486 7384 5984
358 30
5390 991 7212 7959 10342 10785 4131 17278 17595 13699 365 15197 3209 6762 6085 14667 15701 10408 13586 11284 14101 5379 18218 8529 7311 11091 12642 14453 1042 12549
546 26
7901 14035 8416 12212 14814 11005 5069 14481 5483 16017 11704 3989 7111 17244 3970 1584 2807 8262 3647 8883 6834 2403 16093 12754 15624 6584
6450 27
1867 15325 6490 14357 12522 10344 11942 10230 14403 7118 17666 16947 829 7247 4522 1514 16248 4494 6250 5625 135 15855 10596 9220 11415 9151 5819
6623 30
10603 5094 9165 11537 2081 18406 9860 2895 14815 6041 3810 5275 7107 14809 5813 1851 4497 2752 14328 8234 9112 16940 8033 16053 555 4321 10502 4921 16628 10213
3920 29
5927 18615 2635 18666 1994 17702 2894 11373 12142 1613 11214 5189 2369 16715 11243 18161 7356 9470 15753 10777 16081 4738 4842 5326 6716 1619 15541 11051 17502
4664 27
13962 2837 12632 10306 2187 17450 17315 5386 4458 8732 519 8126 9962 9677 1401 10085 17370 10637 6270 18226 239 13292 7637 12533 6654 13288 12404
3562 30
15545 4146 11766 8571 335 10146 216 9138 18339 5578 5296 1992 17749 17876 14315 5183 6891 9129 17380 10294 17924 3225 14969 5878 1503 17028 16598 17004 6153 7493
6188 28
16328 17624 2834 11599 12571 301 9599 4787 17509 17663 4560 10192 15214 1483 659 11611 5963 15463 12117 11919 10643 9800 75 3666 15776 16589 11157 3632
4754 30
18559 2575 8906 11472 10692 1805 9002 11893 16869 12228 17892 493 14098 12929 3726 8525 6727 8197 17630 5977 3424 7621 16819 6297 13992 9120 2718 7190 9520 18770
5990 28
15219 7219 14538 6781 10141 7299 5962 3652 4306 13696 7796 1895 10893 13067 17381 1326 917 5349 1623 5427 16955 15575 3986 9072 13921 13680 11046 11434
2240 26
7351 18737 10089 18319 9552 3463 394 5431 4993 3204 3556 7749 4415 4672 237 977 13579 4519 11964 16578 9169 10588 16444 12772 10253 4144
2105 29
2719 15985 12678 4969 16336 5070 17420 7426 3765 5704 788 8280 16284 11905 1986 18244 8205 9303 6028 1604 406 9116 13185 7680 5185 12344 2440 15705 16839
1780 27
14099 11740 12604 13440 1010 4974 8774 5644 11468 17589 14045 11398 9144 13074 17218 9712 4948 6075 2835 1414 378 3637 16502 8532 15991 15707 10540
5884 27
10195 16617 17040 9648 7565 15391 5228 4823 12922 13267 14374 14327 9671 2773 7785 7377 12291 99 1040 1742 18676 568 14963 16340 11236 10513 6632
3462 31
3953 5234 16521 15694 744 4292 3628 11080 8229 12375 14090 12240 11113 8490 17485 3280 11342 13837 10575 5840 10050 17580 8311 7037 7060 18465 8766 13625 12169 6553 18710
409 27
11440 11219 2340 10687 17400 1748 3839 8411 11108 17701 11 12475 9473 1631 10579 9503 8457 11559 7487 2858 1405 6438 4961 12230 5071 872 6180
2980 25
2029 1297 10500 8346 5934 13179 8978 2738 8789 13448 2302 941 2371 13514 4544 7519 11825 18731 8619 14765 18185 3570 9558 5545 9364
2683 28
17486 15743 17216 518 9369 12618 3708 11940 8821 14033 18492 12271 12317 9194 11838 3330 6277 7148 12246 8904 10275 12025 16588 14939 14505 15315 12595 1016
4363 29
17274 2055 18832 10263 12955 3701 15481 6555 12160 3464 4133 4482 4043 16515 11925 46 12096 9600 8201 5591 11283 12390 8402 16802 6522 12885 17304 8177 15476
5956 26
10231 1885 18298 4943 9605 13068 4932 1335 5698 12313 3428 17354 11455 7884 7021 5557 7623 904 14852 5143 1601 7859 3028 6479 3945 18191
2352 27
11863 2136 4075 12534 18110 7507 11217 11297 6661 17407 15459 18147 3792 8241 2017 5001 15225 2442 6223 4303 11914 3305 12180 7353 18018 4630 7839
515 35
4569 6785 13958 13391 16172 14474 7853 4411 1855 14238 4633 3878 5873 18172 16046 4782 14727 9809 1053 14017 13650 18651 6622 13545 11102 8405 419 8001 6201 13124 8460 16678 15626 16059 10842
6532 33
7718 10267 14344 7767 17158 12656 13900 15998 7501 18075 3413 11257 104 15125 13000 14757 18004 16457 5276 4027 16277 2297 9929 17613 6708 17705 1762 1625 1904 12164 18789 6841 12636
6515 33
7517 9816 2630 6802 8804 14198 3778 5941 6447 17467 11777 16968 3617 31 16553 1962 16234 5043 16280 6541 16044 17102 4313 18132 16980 10323 13792 11999 16014 14457 7346 4481 3331
791 33
1566 3788 9699 9961 5139 4952 1641 8639 6973 10526 15677 6702 7695 1974 1628 13884 5807 13684 166 9435 13031 14459 18521 1285 81 9402 718 16162 5364 16865 2095 17054 9539
921 32
3012 5728 5260 4276 16095 584 17038 2429 17890 2930 9928 7505 4703 11119 16581 1480 14110 17312 7078 4674 1339 10897 5254 12674 9033 10913 16246 654 10726 18641 15133 11796
