68
419 16
19075 2448 22595 7810 4792 50678 6381 42135 34366 23407 39749 24084 18312 35358 10374 7244
644 15
6383 47299 12680 20651 16434 1082 16494 14560 19223 48774 17718 33842 18541 29339 51125
6582 10
40933 7069 14354 2624 50059 27166 31650 28099 27279 16161
1949 8
36064 44195 47374 9257 15654 27914 6339 10949
12674 5
27526 14988 3833 23909 9908
2149 11
4444 14878 37023 17584 10845 16381 18833 26533 3254 20559 7696
5869 7
48613 6924 30318 6858 12576 40689 19871
59 8
45827 22332 45548 29667 37032 42588 17864 47551
6685 9
29225 36701 33992 48534 52182 32710 51268 40496 47818
453 6
38128 40698 7484 31344 20198 27590
1727 4
34628 18543 27591 47925
260 7
27514 48196 15305 37685 26669 28447 3013
7698 3
12070 28214 46640
254 5
24683 35139 6021 2282 5990
1569 6
14212 40371 24709 37479 8248 27729
3139 5
34206 12120 9087 5715 15326
1642 7
40527 3882 39403 44930 11032 889 39007
1320 5
10486 6 47472 21185 39589
1917 5
14846 8605 33228 14137 49092
9215 2
41209 5881
238 4
11200 42553 41472 3549
1243 3
49234 3442 17346
590 5
6229 31280 19009 35550 10144
658 1
50812
1612 5
8735 13678 32289 29061 39398
7287 2
52172 21263
2044 3
9004 12456 50890
1910 1
36560
2056 2
27146 599
1790 3
41332 41943 18706
1537 3
16334 803 42980
2060 2
32774 24974
6798 1
52180
4642 2
39761 49626
571 5
48562 13684 15797 37427 19392
2677 1
20200
1183 1
23767
1445 3
40520 49950 31614
8324 2
30542 38243
1528 3
17675 29443 5947
10322 2
25918 10015
6502 1
11605
7727 1
40716
248 1
35471
395 1
13917
10693 1
7826
6150 1
12438
9834 1
26548
85 1
24529
778 2
20360 43290
7139 1
25387
209 2
25152 16081
340 1
29005
756 1
7285
1428 1
16466
6405 2
20165 42741
8649 2
38564 11908
12000 1
47958
1862 1
49550
3418 1
34683
194 1
39797
1412 1
3199
8571 1
19512
803 1
40565
199 1
37550
11915 1
3404
2000 1
19601
144 1
10635
