14
1032 197
8625 43994 19344 52965 7751 77289 82933 19796 27900 37423 25921 98387 37935 5638 76341 18074 7453 55937 76537 56035 8461 60991 60457 9744 76385 77725 55823 94971 99991 39347 36038 19775 68281 2571 437 89742 56068 6712 76284 45909 97830 47099 13757 1717 98631 71663 25283 87088 47974 42261 3097 25699 11475 26281 79333 47317 61201 29017 51242 39348 39237 53736 61403 29895 52268 24181 62744 40120 31288 70044 16154 32822 26402 28789 66211 86315 2224 97062 83827 80317 16696 25906 61453 8086 95139 54650 68959 74574 68645 22543 50204 77641 20840 61783 5616 70622 72659 57623 9755 46242 22673 78619 4041 10336 11842 74639 6665 75633 76309 46628 87703 63369 39072 68968 78251 87119 79382 96017 63962 61320 45959 76032 27073 79308 52434 95283 17526 61648 88550 40446 45712 72024 96082 19376 27083 95530 57035 85479 535 39762 70572 51063 77743 29717 76337 46497 69207 68932 19221 22271 58146 56379 28971 63222 23936 18496 43335 58833 23171 21753 88012 7204 32540 59465 40917 19856 29294 36725 66290 53766 56902 49223 40712 35314 72868 76366 9403 65220 56181 95275 30902 88483 46553 81905 20808 18796 2597 20019 60442 14231 53285 99726 81389 34416 65574 98831 81087
2992 127
73451 34934 28431 12480 9190 46828 94296 79692 98493 39721 24482 25769 75184 28037 86238 59421 98936 39187 3835 88595 6534 67153 18509 10024 13960 94523 3015 78462 57524 14865 11040 33997 87972 72807 51386 57416 67714 75104 59495 90865 17232 31677 49882 57808 29561 99210 14906 98276 22210 34407 38563 59490 27462 63958 97616 45668 4593 60654 17326 44272 28523 61914 69056 34530 64441 67847 67449 52319 29334 32069 88778 84018 79128 43232 67512 25146 38893 14834 16990 90068 26524 26989 19454 84226 23790 70304 34359 66767 29894 29651 9552 76660 18873 50565 95148 34770 90989 14534 22649 80604 14078 4914 60382 57782 82894 10131 32406 87501 18940 14224 23835 53960 4313 86340 27155 32201 90243 81869 74479 10468 74742 79524 38205 65127 68623 56874 99740
4495 61
42372 54671 36751 41679 47694 90456 68975 56054 56994 48075 35137 77053 33584 53548 67586 53906 12312 93190 67915 797 75672 83007 77561 72650 62156 48595 20885 97418 11198 993 53606 91748 19604 12482 43618 24549 12674 81879 27610 31879 68821 79427 66832 16654 76008 11893 4355 57746 50085 23990 20333 59745 19244 45779 34282 18886 33451 40011 25116 88347 69392
3557 41
53220 31417 63364 56193 59003 98384 52998 72 96095 80929 63851 88654 27297 85599 27707 48644 66990 7715 80444 77526 58171 14465 19971 96883 13999 19335 91284 97652 21186 53165 48398 31823 82168 87477 48755 75656 74428 28087 5408 43745 77214
3498 20
46674 32931 69873 22818 4864 66274 80680 39579 32831 33282 98160 66941 47119 29156 89716 93285 26577 3394 42663 97673
1975 12
43948 41153 22628 71967 58808 56579 56771 34011 97024 43500 54416 22462
856 8
51620 6266 56587 94857 15418 57896 89695 81915
1308 4
11887 91086 8933 52052
849 2
3874 54445
1326 1
34970
4079 1
45518
1410 1
40425
312 1
28511
4749 1
60759
