27
4187 101
24076 46951 13426 20696 79296 31244 34135 83285 9834 43634 28584 21880 34662 24451 8277 1339 81603 53388 21801 97785 67742 55972 98400 53625 40629 79227 32982 76175 83392 72752 72998 41883 31064 90629 24821 3061 42349 86992 77381 93538 12180 75484 94145 82259 55588 87379 65374 69400 37845 42858 16976 87235 34895 55481 17563 40250 29424 30614 53149 44404 39483 88597 19536 87220 92259 28876 95035 71709 58986 11874 19011 50341 26260 68733 22967 17326 56784 17938 99165 68997 81905 91095 51358 80070 1590 51024 84720 32633 10178 36817 57646 83142 99171 39250 93759 16679 60778 33843 15331 55172 41684
3935 77
66914 34398 24671 40037 28666 77991 87618 7648 83565 61558 54216 50511 76610 34370 90355 79955 9399 26096 45655 59462 63450 75879 20098 64945 23003 39097 71014 83309 92101 24248 12318 6584 60648 31194 81420 49352 42189 82407 5375 4371 32248 17731 92908 41511 58408 44254 72534 90134 74480 63583 1690 76297 53250 52514 24201 65855 4097 77071 20385 68912 58451 19571 33493 68246 4067 24811 39286 85716 32388 4860 67012 41192 92419 82698 32177 41037 63628
5705 67
57731 72604 87376 67963 25153 12040 849 41956 58621 26264 56262 35286 12922 20889 84255 93128 32361 54978 48537 28638 70233 55760 34349 90000 7947 96878 97905 39399 59373 2602 68320 22646 79094 28285 88917 23670 95954 42345 34976 23565 93871 2491 24687 50114 83241 68763 86844 27174 40247 51878 30012 50053 73159 87093 11811 69137 41959 67444 41831 79038 68927 98999 73781 61902 66444 45190 67250
6014 53
48288 3585 98306 87278 31972 18581 96672 92989 576 44877 88058 27817 8362 87915 33551 38734 56980 52165 79457 7222 16632 41347 25008 38574 91418 70792 70306 59688 42243 16182 80691 55122 61978 76767 24116 831 92918 87544 73511 56472 50859 43801 3741 88488 57886 76568 44697 85825 71118 47218 77571 71561 43392
6905 44
54752 26636 47237 51108 11559 66405 54062 63853 54975 75716 81793 76636 58556 50860 84790 76779 97396 50131 51405 70789 76716 67260 15643 45441 64195 76118 25082 76065 34691 88282 61184 66839 79428 54956 90683 13419 61506 48456 15892 73403 35154 36533 20070 66219
4448 27
55540 12627 31418 66031 80330 50770 65291 23204 85276 46195 8522 61546 74043 13021 87651 51040 45242 88870 26629 43456 60269 99847 17878 54398 67746 67282 70946
2649 26
78616 1083 19293 5412 5091 41303 53829 64490 60126 34563 44845 28038 98871 32234 45333 28743 33499 48483 69115 37727 96534 82551 89943 8967 88158 57252
4339 24
83404 5401 42630 62462 94082 43958 93259 1648 21172 63896 55896 30493 44243 5348 88856 48983 17931 19355 8946 24541 60813 5848 89164 93541
105 22
21250 46971 50892 76409 6672 99023 3500 72611 94995 14494 1517 36410 64580 20416 12422 71504 44019 46934 423 40270 65159 41411
1079 15
69290 95671 69632 39509 78494 69560 47837 91492 20641 47731 45813 982 73861 81499 38747
1743 10
52737 52557 96964 4207 31096 99779 52333 73032 19278 88375
4560 11
79819 48022 76043 91562 11088 79158 95342 43569 33312 27796 39911
5342 8
37852 65609 2227 60847 56706 93012 9831 6340
1522 7
69951 86884 29457 4271 24137 49215 3057
7745 5
88657 30619 72219 45796 3977
2580 7
5650 72601 95089 72685 12798 87822 81489
2324 8
26543 7864 75845 56197 81602 15738 90765 90334
2459 5
48044 10343 43474 17044 81825
967 6
87547 43194 24934 53604 73527 42004
464 3
72553 83570 32933
2054 2
93486 51605
2343 1
2712
8836 1
94598
5801 1
24506
8591 2
31741 63683
1234 1
10660
3279 1
65526
