105
8901 13
77308 79097 27785 49147 24450 20075 24054 7560 61441 51988 69772 96639 78846
1162 13
94836 22028 71083 89303 7189 81819 44191 746 51434 60744 52221 30160 5543
5264 10
30649 7197 77873 96663 25901 70899 82713 33137 93781 36630
725 13
16801 16173 23925 76888 93895 95311 89255 45011 4171 26686 91965 71879 95291
1200 9
80406 59022 48908 88193 22222 79209 68653 23901 87361
8912 8
73391 8929 40152 33993 78710 30963 70607 45312
138 10
91933 52080 75410 25829 13048 39650 65797 88379 41807 44671
701 13
12145 6646 59860 76956 69728 62646 48937 87483 70577 28158 40609 8773 50389
1236 11
53132 79004 61087 80073 57069 62793 35484 79199 51586 2327 93166
389 12
79201 73023 53626 52092 31087 2386 31946 11074 20782 36327 35887 86603
866 10
72696 76208 32543 6375 85090 87998 70803 53685 95038 44480
459 10
25415 128 52533 32233 53583 56509 15952 19289 64724 81938
392 9
47024 69636 87006 69095 62556 28600 21855 53523 87319
1007 10
75114 89175 31338 69100 7131 61628 93897 86360 37728 93442
1029 9
49875 62688 12464 42107 35353 72730 39359 68500 11004
1273 6
48127 59024 49961 33770 57310 39346
6229 10
84436 36341 76105 14320 70398 30658 6346 59342 59281 86616
7010 6
42622 4491 13124 63875 722 23896
938 9
104 71572 27210 93655 40119 64270 52428 38779 48874
16 7
8920 35474 90958 29662 40591 10218 25787
11482 9
62748 82641 2219 62626 7225 25491 73116 21307 4442
1312 8
13360 13577 86599 42268 23083 63087 61092 62132
11213 5
38427 25681 34748 92998 82449
893 6
4676 10608 30333 37576 72957 73646
8869 6
11803 61741 41650 17731 11446 60993
723 6
45598 34652 50829 7542 49719 84446
5021 8
64668 8752 70048 94135 9673 94405 71365 64251
622 7
5247 27731 58961 3235 17137 44894 32009
319 4
95828 45379 34577 11560
907 7
28329 34969 74981 36016 29634 94995 92080
519 8
96513 57548 93722 93127 15533 26531 7194 79340
5850 6
27621 19370 22905 91624 19558 54390
3680 3
11351 82674 50062
42 6
78036 20168 85440 6213 6263 72086
1295 8
68782 78250 42413 37429 74799 96736 88109 12920
860 4
78904 60858 82244 32251
5108 2
80850 7962
8460 2
65970 87925
11079 2
94471 33401
6937 4
89465 36588 60573 11051
948 6
70826 11636 70307 86053 31305 10649
680 4
42672 38650 76075 63239
791 6
12215 74423 10020 4949 72237 51061
7875 4
56056 73845 21730 78156
263 5
48407 81291 96668 6916 47411
468 2
74431 78689
569 6
60660 44289 92475 25877 5745 20759
424 3
36350 59246 40930
1053 6
53073 75918 17151 18041 79893 76884
281 3
42666 50183 90900
577 3
2717 71591 82159
9711 4
66515 47256 42313 12511
216 4
12169 10239 48941 30478
1071 3
57733 29054 47120
1374 4
93785 12924 95108 22991
310 4
46374 41968 33073 57529
7166 3
15131 27932 75438
1412 3
65886 21067 69732
538 4
31079 89488 43803 45295
975 4
47188 32647 89450 71561
121 4
17746 87662 58538 18492
485 2
37869 21949
718 2
52857 43010
694 3
27286 24336 14782
971 5
23388 4553 8566 65048 87775
4718 1
16951
11244 2
76703 27414
12674 2
62559 64667
454 4
75781 28167 422 67480
1289 2
87345 41207
2186 2
36287 81852
746 4
73572 10321 28719 93962
12661 2
22562 9284
706 4
68703 6602 67204 37600
1182 3
9837 1410 63131
280 5
57980 75234 83706 95063 32764
552 2
64067 81265
1359 2
27170 3563
5077 2
37730 59636
908 3
75209 1496 69707
4897 1
65136
5086 3
53194 26796 93392
9526 1
24492
710 1
42426
1353 3
23373 96144 14848
904 2
9884 94475
1065 2
71773 46632
736 1
82360
1259 1
67074
12620 3
87442 63429 78480
9060 3
58478 37492 54674
246 2
77649 7171
5948 1
33343
272 1
59972
8210 1
94063
3609 2
19451 31151
7418 2
80957 85054
1543 1
56358
542 1
66232
11396 1
16261
11978 1
5309
10752 4
45650 45032 51934 51149
3237 1
24751
6248 3
73153 37664 90131
558 1
30619
