17
1856 114
39113 53175 41631 77789 22076 46292 31260 17957 1071 64913 90566 21883 43217 18736 51911 66639 34014 72698 12027 73761 49573 47288 50886 7324 50426 43733 14377 782 58457 55980 31542 15733 46825 71769 80563 34587 9103 88841 25858 8387 10872 69383 90620 52593 65281 23005 71253 50020 13876 40206 4275 23451 13139 40566 30955 45467 23420 64319 82604 46200 44480 56081 22231 32227 1606 81350 3535 82274 27587 75146 8656 53582 37713 4394 15991 88804 32925 90330 86567 45104 28789 29203 41822 77885 43143 9687 77911 44645 39944 62263 2185 66336 17826 61264 38559 41484 25960 57923 65154 23848 5961 6674 88619 60918 44767 20561 88123 26634 9588 31465 6034 24586 53415 18817
3431 79
84212 13031 50825 90148 83839 41793 68402 24395 15247 19852 11629 88552 11118 2724 84540 42129 68314 17067 51391 25349 23160 31661 69327 37600 10265 47371 79714 15310 44227 12207 87935 16538 22760 19877 55890 23501 52494 77192 21948 65896 61335 32016 7706 11685 70500 54298 11409 30997 86818 88443 20157 71034 56520 36035 68276 44542 23890 11895 60243 60000 55711 90767 23523 73074 61446 70170 6508 84847 77722 83681 32975 112 62647 42909 32286 83647 62088 47563 71647
768 47
72528 10506 4441 54410 52771 16723 5781 13669 35068 88359 31942 60721 79152 25287 28887 58274 48202 40867 19610 15525 35941 16096 40354 1875 30357 76309 28552 42195 11 28518 14092 31572 4536 65838 47065 83157 39885 14726 78994 47192 57712 70998 1204 7780 49627 52510 46723
8657 34
80632 78499 65424 50582 10089 46634 77599 22731 9519 30442 3544 6286 49551 35580 64978 29778 91179 69087 17332 81506 625 47407 85451 78235 89616 89911 27801 39473 55506 73142 45855 29857 40793 54973
2977 24
10496 64098 50941 42716 79685 86995 8901 25714 32790 6194 36288 13393 60425 90773 91032 53498 38250 6197 62279 66899 41336 20903 1387 17172
2641 21
80015 41247 26570 65207 83902 74476 22911 76063 37656 48804 22877 37690 88702 2037 31517 2854 5271 31229 18017 36282 33814
2269 12
22645 69255 76825 72935 8612 44289 6055 26574 77902 90435 10513 2792
4054 9
6027 20174 65368 23747 56005 38944 17262 90246 63479
1404 6
38283 65251 67218 23519 5064 47855
6580 4
44620 87808 67659 81964
8745 2
49843 63800
2877 3
52074 75501 74742
7734 3
52679 42168 50773
2027 1
58799
924 3
15160 25505 50579
8487 1
491
1846 1
16813
