126
1141 14
46003 5473 24302 63874 94168 39953 34595 3666 46999 55534 38111 79007 21668 71228
1081 14
58835 77347 90374 67288 56216 26414 51016 23258 30136 37397 94536 5112 68436 42572
3685 11
61315 79207 62849 62868 28856 50247 56929 61950 90437 30742 45090
16939 12
68040 49814 78152 22431 16031 42297 73898 26945 39035 56908 58223 15117
682 11
55917 27967 43937 4090 92542 55683 34641 44878 993 70130 55461
21889 11
31315 49086 74099 23617 88173 47185 7607 31862 2384 26584 35737
17531 8
54969 83363 45853 31852 53315 2842 14197 34586
1241 10
56939 61571 62716 41135 45134 47972 3893 94656 38806 75784
8755 8
22154 88395 91743 20035 58813 87693 19443 43752
7819 7
70244 68347 66633 29980 21341 6456 73902
15673 5
38246 57684 96427 2978 43869
14530 6
93772 87327 83904 24687 68784 39352
4077 8
79663 35721 85318 9591 82318 94633 12329 28599
1335 8
3013 44690 94470 80197 56360 76676 38097 49074
289 9
11578 64620 23336 31608 5673 38363 75618 15017 45822
4039 8
55095 29471 11991 85726 90263 26751 16893 89635
46 8
81107 94479 79198 60348 11995 25022 1902 29402
15979 5
70758 49102 56709 48539 56993
35 9
19450 2394 49878 425 77559 7422 26873 7975 64999
1121 9
57375 5133 41080 27184 40693 9279 40617 94310 36302
17153 8
95421 28521 60087 53591 37618 21280 92023 5110
8758 3
95871 90989 51268
1424 6
77936 31502 37518 1417 63226 50900
13980 6
54894 75562 24891 78278 83347 74628
685 8
10629 80404 94345 3752 76517 34550 26774 66077
1432 5
9536 91861 59867 87120 32438
1535 6
51289 72859 69801 70523 46205 62071
80 6
64356 84651 50139 13530 20443 20857
12594 3
85047 26887 26889
15946 5
44263 81217 70626 41166 55559
15909 5
88561 47915 67824 59495 84497
836 3
48296 53276 33691
11412 4
70467 91223 67221 74104
559 2
48757 85338
34 5
46117 32734 47298 41183 2199
43 7
34831 90173 3946 12738 30711 49652 59653
5585 4
57915 58427 1892 64439
14322 1
21275
21100 4
17861 34756 78318 39710
22076 2
46371 26301
4434 4
37015 91232 8915 67711
218 4
72920 53117 29343 25373
341 3
88900 51815 33429
5501 3
88527 60702 55610
1562 3
8236 22819 54029
9919 2
52328 68568
10966 3
74492 69441 72783
14573 2
14940 10051
467 3
6189 33358 44389
1503 3
71166 73580 30003
14568 2
61158 69303
1407 3
63292 39175 5367
6326 1
9371
10830 2
13378 73396
214 4
15935 60998 54036 88522
15008 2
66282 46315
2193 1
11174
17055 4
84634 52112 61457 58944
171 3
10734 14263 2819
12301 3
15127 55505 86656
13145 2
8507 123
15635 3
9464 1784 32975
162 5
66304 29224 58056 43338 84989
646 3
39662 20805 64780
1028 2
30662 16524
14436 1
47494
7125 3
40150 65648 36053
548 2
38832 43920
16166 2
36770 81462
573 1
78161
2212 1
37418
12744 3
79690 87017 82310
2292 1
45329
19854 1
43273
10516 1
58891
57 3
8418 52642 48770
142 1
34952
1501 2
7448 38638
14680 1
71105
1314 3
179 87004 42055
21107 2
1413 42333
16542 8
23620 29930 33882 33733 82150 72476 4758 78657
5586 6
39267 45817 70378 51896 31196 19750
3784 7
44430 49070 42194 7090 24185 13813 56623
13239 4
87230 62053 43179 59748
19009 7
11816 86775 29481 40225 80470 20903 12162
11296 8
57964 1047 4012 59827 45267 31169 40972 70503
19087 3
49522 44210 72696
3522 5
14259 61520 69157 71381 80605
9321 3
41572 11007 17992
966 3
3530 83127 86526
2454 4
32064 43813 81811 13370
18793 4
11470 42929 81248 43169
16520 2
79180 91146
12507 1
13360
18017 1
13392
2216 3
30018 70991 73610
7789 1
69997
7820 4
6435 13137 74171 31104
4223 4
31957 22077 43192 85671
15399 3
71763 64282 86394
15173 1
74639
1110 2
21498 14478
14070 1
8734
20358 1
10226
9439 1
77344
15456 1
46387
13642 2
34814 68988
7288 1
57275
4358 2
22856 59010
19667 1
588
9504 1
13207
17870 1
68862
12042 1
31354
3488 1
70473
9788 2
95724 83915
5584 2
88858 31278
12260 1
70463
5774 1
4925
19051 2
51485 40484
891 1
67486
17663 1
95076
7446 1
15862
684 1
20020
1296 1
5439
17820 1
5450
