7
1157 528
2927 54291 75640 94490 39786 7521 30869 97870 54477 74847 33378 32769 5157 49038 40496 2934 33001 89508 13115 58404 48775 62056 91887 12368 32703 26657 13066 82993 36247 47010 20177 26312 44300 58949 2129 19341 2725 65655 75020 82657 5617 42166 60221 37041 31124 64710 38923 66558 9905 43723 74908 65218 68251 98914 49921 48997 11761 136 94101 83126 51296 36410 34444 16896 81273 43276 29379 49463 78331 99405 97367 97464 57343 77627 99295 42942 83151 47749 94087 1779 59614 91892 9481 63899 59663 16564 95914 25954 44747 45142 80870 64810 48002 62000 26332 82641 80596 47169 75988 27374 69804 4179 26294 92487 39232 64933 90346 85306 24304 1340 44001 43014 22525 83609 95247 97721 57174 32738 95231 66861 71238 35012 20942 48955 20702 45225 4670 64593 47461 6457 76547 91541 41191 1721 66852 72956 76974 29514 30970 40262 50075 52365 30983 35401 70160 50297 14178 2374 68464 76719 73350 6144 59189 78958 22850 85871 29788 97589 59605 53831 33274 6713 99309 4898 96391 23779 5630 4522 34149 15193 46431 40373 49096 25157 24740 74931 85509 31501 86625 47627 79363 37890 84444 31226 72917 24815 91366 66188 65846 69473 10519 5712 35066 64668 26439 7032 52284 10669 12605 91674 48396 59657 85191 14106 11805 96221 85474 1096 99354 48691 87973 51536 30589 72192 60277 24129 6463 55825 85663 73607 63187 10057 973 97324 15748 69443 42584 89555 60730 59725 62397 2222 13059 31998 8575 27676 11258 82299 57827 84580 33406 84128 65982 41182 73586 96607 65915 5765 10199 89576 12237 98294 60196 73747 39846 80846 45381 14310 59534 16568 17683 3727 51717 9175 24674 88080 32699 779 58374 17749 8251 98940 52958 80284 32710 33443 69364 55749 32873 98254 64777 57307 41744 542 58035 77575 4049 84475 71169 14400 54229 14802 63922 13361 97532 18130 93408 14539 28658 15937 81544 19087 57987 82986 89740 58756 64408 9596 94568 21524 69700 98466 68895 61855 6171 28185 70575 53571 74898 24730 13095 41376 30822 36615 51838 25686 54026 42887 48870 97713 85604 98458 63622 24863 68985 97559 36624 86743 27598 51535 58046 81517 51204 47873 10167 94648 49278 67260 84930 64743 44448 83050 26821 68377 70307 95369 14350 60454 77725 76177 31931 13413 31659 83855 44415 39083 7962 27074 18157 16864 81562 32392 7826 46603 73262 55966 10639 78907 27097 51349 40872 61278 62602 15194 79835 40416 36179 59051 57708 14383 20083 36460 71634 36129 66417 71833 32332 44768 6914 54093 29068 34619 37601 79746 81066 70669 17348 40628 2051 47066 88833 32861 94324 26842 97727 3802 85718 80680 69742 42136 26367 73928 77571 60406 57315 99831 42666 10347 96156 52156 21583 68307 68257 84538 93836 71392 6958 22151 33556 24966 42111 79883 19227 91412 61865 33832 79349 52901 44539 17115 9482 91416 55284 38943 17314 21905 54340 61893 95444 19654 62194 67471 49099 78601 58285 93081 10634 56838 94146 86238 95356 63357 10988 9242 10787 96077 1839 22871 8056 55089 29336 64373 2127 35227 57080 11795 18590 55729 4607 69505 76308 41310 78171 16998 8783 6610 83013 500 88611 55856 42660 21286 60505 56204 51314 9782 24529 3006 34827 16370 39481 1855 59458 26471 44088 38975 8791 19500 73777 20728 42249 3187 24601 91592 84501 36115 24680 76840
953 244
12291 30647 123 3666 42737 41374 43231 87317 55369 62208 10778 25820 57075 54141 20309 31738 12251 72034 69122 8444 98007 97438 22566 73877 16712 602 46745 32581 70736 95340 34156 16738 55907 22462 16940 35365 67488 23899 60560 2814 57590 38488 89516 71342 17235 7732 91623 89456 29497 83757 36978 19360 93687 42270 84252 1414 4325 81811 64267 84483 48184 39535 48686 78426 70998 97041 29830 27008 27756 48845 63378 11904 16513 37104 17028 55005 25336 47165 13746 6438 9118 18615 27095 30808 18611 28295 75996 10798 18383 65757 36796 64175 39939 76443 21774 94516 45103 31829 27078 72999 82990 85608 68566 21665 90960 27883 6327 35041 90573 75635 35029 97494 16477 88942 92204 78127 90264 15071 17127 80435 28884 51507 51821 7746 15704 8224 81786 70934 7804 57907 96303 47635 22512 98649 83077 81542 14280 50630 78312 70436 95273 91051 81620 87968 20438 40012 66355 31721 76829 52087 45788 64677 85906 23960 10144 35791 87096 69857 32805 22467 20698 79699 31288 61125 787 85618 24009 49982 53375 93090 1863 84181 74609 17285 52034 40679 62189 86955 69666 54414 51439 11998 91719 28349 36756 14189 49267 20010 50142 32628 63888 55977 66624 28207 25920 31448 73302 66554 18169 42987 69338 93320 2417 42052 2125 24061 1531 15357 92221 17274 53688 17211 65580 43499 57264 8419 49207 97206 32008 58658 21283 76534 50130 50568 20725 3917 47710 49871 39251 22522 43763 9668 55426 77334 89726 45205 18987 28181 23909 78434 20587 53487 49657 72179
719 118
46270 22027 6362 66670 3349 34180 45928 66471 22574 64516 69085 60115 54174 72714 33801 40633 42155 3642 16821 87156 81133 9426 13053 15433 97777 54098 48975 27057 47941 5675 80536 5962 59995 58976 78142 82154 14509 59451 65997 41513 94745 77281 65470 41340 62590 56095 61187 50227 6593 57013 50737 74242 24517 65711 17474 73976 41204 95464 94491 64153 78430 71461 12831 82644 27028 80551 71661 9836 59338 24973 58835 82339 31522 23813 97037 14113 20300 12206 59986 39952 3021 83865 97076 8592 41950 83975 73804 93049 38533 51383 8872 20235 50997 95180 34000 49985 4090 11331 4759 60089 81682 61051 27710 31304 12626 12846 27351 97889 39966 15214 96332 39545 74171 9628 59062 78471 66057 76225
39 35
82973 11262 22885 77085 89784 74936 44082 747 47962 63532 18660 79931 50917 78182 4121 94903 11568 54384 12556 86841 82744 33037 59745 4845 4109 28883 19274 33280 48498 49407 43387 45941 86649 96367 25412
8 18
11186 61579 50531 64583 44690 13264 61073 76034 24596 81926 13079 97621 34694 32957 28534 5387 47331 60866
830 9
94953 62502 86780 73201 27622 13543 9317 84757 9851
323 9
22860 46973 82904 74770 83932 6906 80338 80479 86759
