6
1926 125
17967 14841 38760 52693 39445 19879 33212 15916 29764 9753 49997 19446 29095 39588 16546 29403 8389 16580 2820 31988 21659 55114 19375 1408 4139 30139 24196 38865 20825 6535 6149 47490 27242 21739 19725 52560 55378 47871 42031 25940 46205 26576 20679 9148 34365 55044 50855 49623 33675 31120 55411 31742 14819 6468 40322 11659 14300 40774 249 43936 19882 8570 12512 17261 32434 48543 18727 47194 7977 33583 5040 18858 39122 32205 17588 21445 52407 49097 42713 49579 20377 12997 41331 52680 3793 7351 54546 22210 2249 50950 44312 35727 20876 25738 55023 11724 33053 18333 49981 173 45785 44317 15179 35620 24398 26622 55477 18007 7427 1023 29946 43134 45699 25981 41510 16277 14810 3250 27832 6645 5691 10150 13493 22595 55716
3876 54
41839 37721 11106 26832 18219 43457 30126 13855 47205 33621 12234 23885 13764 42159 35215 31509 4582 1123 22276 47404 6623 36337 48823 7457 41865 20145 52183 36320 39897 39282 43763 43817 21384 12371 21660 25172 5753 49156 16229 30387 37205 20047 14807 27146 29035 2557 24989 32113 29120 51382 47530 55087 45001 19174
4616 17
51945 1337 8262 26223 40395 41854 56931 18979 13137 43476 4200 11862 53850 35176 32250 29336 41656
3203 11
56327 48962 46201 24812 822 3304 20612 30111 42658 56563 41860
1396 7
49686 41480 14270 52463 25538 44461 21723
715 5
52962 42985 36311 3252 55572
