12
0 43
49835 3673 35741 73077 88959 27257 64184 6834 20679 10316 65916 41238 21118 96896 990 16959 60228 52154 78143 54831 56807 36962 5866 16961 7736 63396 97585 7298 32646 18030 74003 4 5796 41149 583 96103 1289 75995 54612 1686 17728 73064 55060
1 33
24204 93744 59880 50878 68874 47911 43925 64276 53981 45134 81653 69855 45201 64581 90344 15918 61688 18321 76869 25868 92660 68088 45197 2475 97180 95038 77343 24140 48468 94988 25807 25853 12275
2 21
14795 39703 45539 17779 6374 44591 85879 65415 26092 33713 1640 96361 56664 38161 5692 17194 83084 75339 42062 92801 1342
3 17
40978 10787 84017 45425 25827 87130 33970 14801 89527 49299 85056 8200 89469 29212 11662 36308 68125
4 16
76849 82849 16950 33874 49036 70559 47144 75759 97005 30874 4927 11582 463 14379 26908 17884
5 5
17535 33322 35233 68765 86529
6 12
5808 11265 81327 32749 50718 7507 4920 37081 89295 7849 5627 71927
7 2
69155 23981
8 6
80999 83320 65083 35891 84528 93825
9 4
5216 37608 59063 84661
10 2
11632 24694
13 1
66993
