11
1125 106
11506 70741 95665 75103 37066 82016 80174 61715 83484 68004 15869 62857 41969 78929 80518 67729 33627 25158 65703 68211 19683 64028 78363 64940 48828 85806 9457 22408 3211 74122 77339 64250 57760 9433 59448 99346 52101 70170 16010 32157 290 29802 70332 79277 25210 84242 29427 25747 18017 45340 35814 47214 69894 85311 86342 36727 747 38516 63434 39118 45898 20607 82336 56786 14981 73570 28173 56247 48363 36897 10489 19820 51264 78204 86024 53755 46441 64242 190 91364 72627 59931 11244 86211 57692 74671 62072 93528 68066 25581 88391 24582 72105 52509 67474 48485 77979 86890 1283 97846 13440 42975 42273 36270 14803 59728
3853 48
69551 97090 52790 69577 31698 22423 29987 17912 96988 9612 11697 45118 20295 332 12174 79935 27341 18293 86712 83397 52559 31041 71553 48334 28297 60083 61002 7216 10742 79147 17075 33389 21672 75663 98013 83168 59044 87672 31736 59923 93822 85990 87221 74788 60789 80547 38581 26318
4206 32
10475 64266 5086 78291 65118 68343 41765 55817 68923 74044 36071 17732 93970 93531 92246 53778 78486 45519 70156 5727 81159 31488 81252 82464 79962 35529 71844 69188 88350 73676 77713 53914
3849 21
73962 54576 34536 84519 33505 96512 27242 74131 59957 52036 74284 67495 33442 30294 64774 38442 77577 87508 20551 94124 66909
3082 13
80434 98486 79901 94752 65541 29824 74513 38458 72952 8064 87916 3889 58933
5213 8
84948 21081 89286 80777 6103 95051 11018 34503
2807 2
57698 6204
3142 2
45446 74487
3899 1
36074
593 1
66047
5526 1
34775
