8
69 497
34511 5830 68490 12731 826 12851 1999 74020 32076 62713 65080 3747 69595 52728 56425 9146 36199 50064 66596 32492 60480 73163 88467 73432 55212 93369 22880 10410 39632 69749 77174 39124 91669 47861 24896 38569 33708 27006 59077 86766 1979 58108 34101 59289 8267 22727 71065 77632 93120 90829 31088 27750 25201 66085 45884 11777 83778 57808 42750 5186 35349 10128 29077 61014 65412 45948 70646 88500 12375 45866 30908 5742 87315 39880 11159 25559 90482 9984 65437 44386 94268 39574 34633 43788 64152 63701 81421 50692 7944 21484 13822 19016 6776 76221 36847 45191 55815 13195 83451 10707 80346 66659 63323 35853 90326 54551 41755 30914 67322 89740 17888 55831 18305 43925 33728 52178 47608 87388 41252 80933 84560 26823 28023 61850 6097 77964 59686 59883 33394 5411 51108 44894 46370 59938 82568 22499 27879 5428 11333 78223 4090 14530 52323 29510 76720 82434 9045 37150 27685 11188 53047 69243 22788 2127 47761 11527 73940 37801 12212 8433 54637 5299 18855 62286 68601 16933 51494 91812 35677 41564 15522 85015 90373 14217 15653 78968 67514 89563 43911 23681 12214 34998 88793 30682 24948 21382 44175 23146 87924 65234 83689 63633 93013 22130 16424 28389 44718 15086 65615 51093 94527 92972 32522 88050 38346 27396 71487 80240 36832 66583 85095 49750 24337 16363 50480 23214 240 56483 40005 50366 94892 94167 15854 27080 27422 73717 3886 95085 74480 4049 67691 71068 63404 62472 13240 70645 74948 54344 92640 91343 95975 67596 22237 7389 47123 73830 2786 49008 58959 1197 77349 12968 95206 43231 6378 31106 54837 61769 75086 32548 39396 34278 22430 50425 43347 20705 34292 5208 42369 32998 1322 43982 54268 52378 53822 6182 78894 77272 52719 95044 8408 7556 74681 34080 35610 53909 34070 72735 29374 34408 9071 89953 61128 81596 2005 13976 7570 25961 25862 56273 60328 70383 60745 12892 46804 53443 76138 21143 50400 45997 69551 61202 83080 17722 70792 23438 90272 38403 34823 78960 55189 34445 54538 88787 22924 34088 12427 46827 41327 73683 41176 36377 5706 39934 48254 56630 19390 78871 87318 8992 11002 47783 4677 83780 28504 26470 67361 220 4453 3919 70779 71744 91639 67140 80719 77806 76990 76588 40984 40376 35328 7908 17968 5664 53722 24519 67826 76899 34327 16929 88815 18278 44570 46127 24781 77043 30555 92142 721 95816 46660 70317 47740 5648 22510 8438 48328 67642 78547 6860 11882 28141 55325 9243 2859 85920 898 64591 70014 85708 4781 43090 38027 59516 66794 48140 39268 20356 77860 53291 60634 36926 84494 76651 13412 70577 7656 36904 25999 81500 45363 56479 8234 1347 73286 52218 2961 49919 11593 90273 17900 16646 53676 92303 40724 17209 13639 52524 62054 4357 81691 71310 71764 86250 65834 88834 60257 21579 38931 86222 68188 38315 11610 90477 30645 15060 14961 64769 81293 28097 48545 46472 21138 94523 74624 18219 16156 57071 88434 52033 29734 62535 33778 58326 46875 85855 4860 89093 7175 55779 57699 26230 29155 79676 40915 57499 62919 16812 51762 75481 7434 4779 7052 6819 68978 34734 14519
286 275
87444 86964 59200 94286 65726 85151 62722 49489 59816 86512 87274 29051 84889 50824 5088 94981 67714 67137 75697 96583 18379 64202 67493 56121 19252 31731 15440 40216 87350 94630 33645 4629 58017 45885 72919 19888 4889 86039 6759 60989 75428 47052 17712 18726 75584 63794 60909 26482 5687 76693 73585 64586 29256 30107 81249 89542 67071 44827 7670 75529 37747 9875 62302 62689 21958 79914 83692 45987 48915 87593 8249 59386 15626 40202 43795 28550 29363 62580 14675 71069 28237 71152 60880 74867 49549 88194 18512 78380 24282 13694 58402 3328 5165 72836 39891 36145 25200 94095 60018 28417 50025 10678 23616 57027 1200 20902 34167 5692 50007 69507 83638 15553 22268 72932 94531 8259 21592 20852 32689 39942 10975 12551 13913 73288 12676 11907 55376 33142 94676 42442 35286 61905 58879 8913 5063 34139 29690 2673 29826 4506 82166 52905 64882 44659 90644 73983 40759 41801 65797 67833 61952 25304 19757 76646 49366 83167 19681 67860 43877 49157 22197 92881 19434 8022 58414 54923 44478 52625 82629 95011 50951 70318 36012 42837 15786 65707 78009 5955 624 11734 47622 21879 41285 81155 13507 94440 42033 6466 89431 3510 170 72064 61164 59720 2905 84227 37721 10003 56412 25378 56733 7832 39076 57636 95619 78687 64788 3060 29386 13092 7922 61732 33172 23954 59849 44202 2167 5609 96220 45180 73397 3455 51862 73076 42828 30503 76947 80940 62756 15190 54706 31353 29782 71396 57220 9679 15277 66097 18571 86687 66681 38354 66871 23426 87628 36184 19600 68263 61903 6281 19931 60317 89937 6114 3958 36252 4631 27470 69584 73558 29482 59439 18332 91300 23841 89650 50912 72485 64773 76191 82650 4344 31438 24388 58040
240 139
28251 5176 14253 27131 3452 31184 33358 91124 72001 30185 47889 79356 84515 28098 39577 16955 53413 41774 68592 91536 82988 89997 78800 5336 34900 86124 71979 8010 77756 19037 19454 89717 27179 15806 81227 30605 66592 64909 69723 39276 28604 34473 63089 54755 52212 75152 89064 87662 55223 66466 86289 19665 38265 10514 12817 52358 35293 74161 29373 59384 34705 48591 65651 76903 58291 38554 8798 10496 43760 11177 50242 74361 41136 85781 37733 73270 7035 16139 57870 67265 74838 94240 72602 41128 50894 89561 3613 41038 4847 80088 23568 43697 10854 73379 44983 19992 58797 16244 79757 19064 11202 65799 48376 16557 22698 25246 80383 14426 4380 28369 81719 67364 2022 21998 33836 39424 53593 784 44285 57264 71345 72631 57200 40077 60339 3273 96305 34780 49730 15326 42947 46570 11381 89977 75912 16545 5924 1661 7472
130 86
12650 41146 74833 16837 2177 23809 90552 90122 16359 90662 21761 29938 70601 55543 11099 32253 95245 25926 14626 89551 60184 49767 52602 45179 55938 34800 19964 30662 92149 85386 63164 6613 68372 52384 27559 34944 83273 25350 58113 92771 58219 58102 1812 5764 14910 8620 42640 56134 35013 7382 20465 36300 2841 63400 60527 59722 59797 32328 47476 44252 78905 42920 63255 31922 55712 88432 56066 29437 53059 5481 47882 60266 87973 24281 20586 21986 56825 13155 30105 46492 14117 562 59709 75343 50727 71140
558 53
42354 66589 51017 11981 67119 59999 66705 95523 25278 24000 53995 41942 56903 26054 18988 10513 52050 35653 91227 79357 84237 32178 59848 79194 13241 26476 22599 63818 754 70393 64984 5295 66628 1225 47617 62820 35843 53766 81923 29058 44716 57238 88366 59340 57357 79472 45770 21294 61169 52268 43726 62162 87117
359 25
21655 36039 61514 22077 83636 51068 10582 93220 8770 40652 2794 51238 64469 79314 2811 24870 63630 36817 88989 88666 24925 95927 15778 60441 16188
513 11
79146 94055 43686 15998 38957 72587 77072 50952 89395 9227 64296
393 9
94822 90060 17557 69134 71248 24497 35094 63133 86686
