140
3969 17
64384 39764 67019 34684 33995 5459 59696 61196 61486 89268 15213 38616 63505 19529 73464 19890 7391
2009 14
56703 29085 42282 98753 40694 45886 89894 6255 17472 41771 40629 55260 29108 92491
4051 15
55095 56320 5279 9785 41490 69579 73817 2493 32220 40533 52490 52013 74578 67541 77962
2406 12
81267 25405 23204 15470 50724 92352 50120 59308 51171 11910 11351 52177
6227 14
62047 97567 17198 35149 14049 7394 97483 96566 52214 36738 1243 75755 11972 50643
2180 13
26430 56909 86762 14050 15325 72296 23414 72203 56082 43903 94884 61480 32958
4338 12
27813 34624 74207 27601 76479 59016 69179 32543 71307 62600 18274 1952
6967 10
70575 34569 70289 56338 31430 40794 50156 34229 80572 60044
3496 13
39214 97170 67028 36959 87769 16270 51285 42169 30301 67033 48081 91979 28676
1441 10
31106 90600 32541 11020 93640 93109 11322 64659 93371 53106
7143 13
34107 80510 86550 77103 54934 81619 73438 46406 2285 70475 94875 32032 20548
44 12
8224 39922 78144 80554 35716 12886 79845 42100 60361 69859 14435 57954
7422 10
98499 91692 32483 30160 21265 15313 68526 55951 2758 75082
4229 9
21128 40193 10302 47553 84717 60803 13015 68174 58374
2731 7
7515 77172 31424 36661 6575 49943 95537
3964 8
16178 14907 43944 86964 80981 88994 50501 45685
2575 10
5479 33873 20133 25550 3264 7813 83092 3479 33965 51634
2276 6
19605 3860 30188 30090 21710 92400
2416 8
80989 26318 68026 4041 7379 93327 61163 19437
5437 7
4613 24140 13665 1099 4778 77183 32103
2037 9
40398 13468 16528 72920 63778 75590 35003 37564 67191
2202 7
10259 23586 19209 93476 27265 63728 98504
3360 4
21506 78902 94624 49615
4081 4
28688 86043 36808 66273
1471 11
3928 62751 2203 46646 48350 29525 71167 91868 90411 48338 74327
4058 6
38947 46325 15855 84212 52116 35996
7268 6
16259 77569 84868 42281 4600 88059
1109 7
75303 38893 29976 66909 67199 7706 47717
2140 6
3981 50832 8659 32379 32587 32369
37 4
18054 3724 5466 38403
2162 8
18911 75497 36363 44474 95167 75128 76673 28100
3459 4
10069 87743 12599 12559
9568 4
79893 96900 14752 2452
3907 6
67142 53601 74065 36417 448 43122
10088 4
31149 93178 91916 16231
3510 3
20804 85734 87866
2124 4
60144 86528 8196 76723
4216 8
98084 22163 71422 7818 59420 37554 24536 55519
6390 4
82230 77225 26818 98710
7810 4
44861 30736 88019 13046
2992 4
41063 66153 87344 66997
7878 2
76862 49298
3269 3
56417 69068 9328
6760 5
79641 79228 63456 9871 61102
1970 4
79495 51329 57216 88650
6964 3
35385 26265 59977
3024 2
18841 8278
7204 5
50827 44658 50011 773 29546
6100 3
93451 38526 57771
4951 1
47730
3663 6
90390 92232 4730 23186 70174 54841
2933 4
59419 59513 17762 36630
7199 1
54694
6976 1
79330
3283 3
46333 97158 74898
1995 2
26903 96454
3724 3
84280 6337 64003
3288 2
51740 18111
4912 2
53903 59202
47 2
48315 39226
3073 3
76328 22204 81052
3077 3
245 59461 3030
3823 4
64968 17216 68273 63959
50 1
32994
905 2
98020 75197
7959 2
63659 25964
2115 2
61543 45624
7162 2
32192 21693
8147 4
90433 79804 58414 66652
4988 1
53715
4334 1
30149
7581 2
49545 6181
3148 4
90752 7180 47986 96052
1276 3
29660 61281 15773
6896 3
87324 18599 35178
714 2
22034 40423
6262 3
1070 49191 61708
5915 2
58746 68503
2236 1
36485
7944 1
41045
3139 5
86537 76366 29072 64430 76819
3535 2
68935 28336
7260 2
8451 4669
3728 2
27682 94260
7055 2
32898 35602
1491 1
18410
2242 2
7575 18378
6373 2
28446 22903
3233 2
94135 21587
7396 2
39282 89603
1663 2
51873 6667
2123 2
86695 84637
6605 1
4631
10055 1
55177
5275 2
6937 59067
975 1
27074
67 1
44657
7848 3
5829 83950 19898
7072 1
86050
6901 1
24470
7784 1
63290
5350 2
39799 30523
6213 2
61722 81775
3224 1
88098
3627 2
51556 43158
3753 1
61444
5762 1
27268
6776 1
2603
4524 1
69850
528 1
31244
6914 1
57236
222 1
59022
926 2
16529 80242
4131 1
12035
4194 1
17975
4482 1
44429
5909 3
8007 24577 8709
7636 1
81587
3732 1
38777
2589 1
40810
3435 1
70202
8313 1
5638
5682 1
25501
338 1
82523
3616 1
44338
1035 1
42523
4742 1
91804
10037 1
72580
777 1
74893
3250 1
13274
4328 1
63918
10038 1
81737
3804 1
22091
768 1
22284
866 1
39535
3262 1
91107
7129 1
9865
8051 1
97332
3831 1
3502
5608 1
45928
