20
1645 180
23539 59332 87258 55444 96489 5316 10523 40821 67134 21610 15152 80590 69232 44329 56108 67222 28241 68207 90410 729 38561 62555 75608 15639 72666 45441 30271 92190 92445 33241 35129 572 68850 34014 34620 91205 59495 62033 93356 68718 68652 5785 37590 9886 17237 45156 4295 61585 42476 18442 96318 55125 39851 3212 65721 30941 82806 83321 95485 96105 53279 12609 72188 13850 41342 83412 83251 24965 18413 9630 75966 25240 66686 11443 20948 99064 55311 87695 41843 23707 32463 25980 91658 18759 95041 4643 99689 74053 41534 61136 27019 49298 72215 20107 56423 55042 79478 12415 62204 83066 26238 38571 22259 31989 20318 94229 32396 71211 43369 14607 98938 30247 26598 35937 9293 58004 17962 44837 9096 37383 74893 70047 64749 1324 38299 49271 73937 87961 48746 96939 31633 39832 2100 84696 50353 23294 59382 85407 11665 80646 45876 99425 48998 62417 32922 88313 19052 16244 62119 21832 14386 87532 57878 37473 12137 99104 66179 67195 1950 52135 90914 62220 357 25824 82522 39899 4374 25765 39990 42044 46129 5972 30205 94774 51270 23436 59546 10656 83586 36351
3568 130
74412 41631 45657 83232 52771 86778 59322 83878 22002 54312 22087 31960 91209 78724 59419 36721 34811 35729 9381 50379 56051 72796 9554 18672 20939 81806 1658 90157 3209 72705 1257 17350 67645 25433 53123 20185 39197 59147 69049 74648 73220 59771 76618 25534 99693 9182 94847 41082 79600 67835 16104 78829 63845 6031 99563 58032 44095 30294 96727 63993 59740 90115 99109 6779 63621 32805 86275 28240 60646 50905 39144 78863 49724 81771 25848 5612 8726 12570 42697 9251 90738 39093 7508 73954 331 37922 80577 11823 33470 63166 15021 60672 78881 74769 54576 80293 91346 20415 46997 86074 47237 87396 56074 887 96564 76159 24451 70695 46895 11464 17326 71028 77408 91991 31805 96187 25593 56131 36041 12462 48389 53284 45416 87923 81452 344 27290 90915 27458 45752
1543 111
37742 99974 39624 15902 21917 67140 32975 4453 46359 28492 72619 49869 69670 49651 3654 14734 16585 36893 30014 97675 5448 44104 50665 15823 47397 61722 95731 29228 52843 33145 90963 17263 47853 680 99303 28711 1380 20383 55595 62951 82878 91373 73276 12413 79859 1199 95799 5489 97095 53115 39441 43081 84188 98432 83773 64631 702 33489 69071 35979 55259 5778 32489 19108 78551 2905 41986 45147 91235 93548 99754 76426 68451 22205 41745 93471 95079 47293 54706 94337 52819 71313 26361 71586 21224 26101 32837 80404 11029 19063 32261 44902 12515 55131 90072 12793 45114 96766 62428 32904 26856 59086 91374 41061 67733 65827 76116 78782 56882 15083 54730
729 69
21659 72744 41698 59225 37367 11640 25392 23632 86701 23016 60801 47887 60562 17551 90095 76685 94078 7210 25548 10183 62779 73703 29277 87033 48498 73210 96095 85034 4684 16058 97032 39482 13582 80084 98148 93964 30676 59866 86714 63049 25343 83139 33450 17149 81715 97691 30111 69668 95081 31414 32772 28141 72311 68181 99727 75240 16068 71610 96990 24173 56840 28310 7738 31636 96475 55206 71013 39130 80044
1186 71
20665 14598 55429 24167 78316 26946 89091 14078 62036 59050 98998 33402 99881 48915 33570 58292 12147 17834 83892 55674 7970 2150 49746 59090 85386 50627 21200 71779 36339 65771 56336 43980 38026 7864 71184 77432 9476 86868 85550 83929 78248 84119 7237 50823 69834 56215 47155 72768 38105 10166 81659 7465 50186 85053 49376 87864 48257 13859 78770 54761 96567 88769 61241 31551 28977 16289 69596 21746 79777 42325 23170
1910 40
82674 42926 7784 46559 8418 63814 77002 55109 93817 72935 79604 31471 17536 11741 27296 48874 35418 9618 20155 99366 82437 53711 83009 34855 87375 55126 15585 29375 77947 11305 28802 86838 70762 55872 96951 25786 4963 11427 24586 49137
4099 31
47706 87376 9822 87184 6709 46511 6671 71309 31080 33249 11662 83475 44639 8906 45070 57429 65881 87374 62865 82421 83014 3043 82919 13624 42330 87137 58361 61285 83781 51514 86697
3742 28
57291 41756 87400 40079 5295 38217 13441 24776 84933 96433 76466 48637 81249 8770 97746 98614 95737 61183 29093 40218 14821 80554 32720 8070 87047 78573 7329 60988
3352 18
35772 13706 39763 68846 33927 45777 69297 411 93892 51129 130 14738 83837 83304 53444 56590 50592 45267
1601 19
49953 13890 69615 86486 96206 80297 72877 63344 85998 94925 86704 39682 86548 48799 6428 31990 43573 23747 69492
431 11
8711 37979 3121 19780 97861 11816 47549 67677 13591 50008 70515
2094 15
67654 36316 64774 33034 52823 29858 16738 3873 98386 37438 98777 71161 58978 8326 68580
4118 6
37268 92008 38443 51239 74643 77872
2922 8
21072 10322 62656 53535 48869 80883 14837 18485
2149 5
75841 75613 34829 70166 97241
3285 5
27061 37006 68525 24774 60208
1752 3
71304 96559 98891
5209 1
33292
377 2
26877 43584
1092 3
72631 190 87990
