122
1670 13
35408 3019 14382 31661 63699 27210 64159 42118 20666 50657 52481 53283 17323
2460 13
11019 50623 43559 75218 29126 41499 26778 66248 46141 59611 7845 23470 60307
8326 10
35965 70598 71460 31030 44447 27206 61276 23338 51822 61465
4536 11
44871 10550 62107 39755 11375 34000 23283 26832 59445 29341 8505
7754 12
70550 21149 702 12614 40800 59118 6802 10182 55140 68486 75182 46703
968 9
33817 27283 6487 6856 22115 274 32654 12923 50469
3758 7
29087 1491 1676 72756 37384 865 52723
6815 7
22436 27080 26489 33275 61626 39478 31632
3943 7
18661 44302 10869 38882 48083 71330 22607
6130 9
51972 2096 57945 8460 23084 49264 31105 16923 52697
1489 5
39105 10309 6921 16879 54346
1590 6
10727 66499 25443 21989 56862 52633
6837 6
43494 45518 41806 63291 70734 37265
3064 8
43739 20906 8295 24167 56533 27635 23206 14421
387 6
50107 8380 69713 53187 45620 13266
3200 6
20294 23064 65697 27890 59907 15085
6397 4
56297 69734 41939 29136
6291 5
10651 49910 70220 52890 3183
5963 4
64658 12633 3415 15469
2712 5
36653 2990 11320 22240 14066
4844 5
66773 70940 63215 4645 67470
9697 2
13730 64042
7889 5
6578 20411 50634 64779 45397
6341 1
56134
8879 3
42526 71861 37400
6415 5
3827 40997 24472 39851 41648
3889 2
56795 28177
355 4
71846 70784 69020 12050
2443 1
26169
4793 3
74890 24112 35871
4582 4
40744 10805 59120 75113
1389 3
41605 10857 8585
4288 2
70384 43909
1679 2
33931 34505
1811 2
37950 8071
8042 4
30767 17640 23336 59150
3246 4
56032 387 38555 53021
531 4
69536 67296 28724 15758
7226 2
74701 908
2704 4
24522 62171 71127 52718
6797 3
44490 3815 29474
7588 3
33252 56825 13311
4056 3
2772 35458 10905
2687 2
13757 45304
3111 1
10943
5186 2
36796 66298
5272 3
73551 42202 73411
3015 3
19290 41787 15040
3862 2
11991 43964
4881 1
20870
6093 3
69624 5199 29035
2596 2
26821 70342
5113 4
46996 72253 22294 38541
6471 2
64158 74595
764 1
72880
1752 1
70834
5196 1
43195
4307 2
20592 36801
987 1
69412
487 2
6149 52892
699 2
42209 64842
8818 1
8176
9620 2
32360 59549
5286 2
35507 59828
6787 1
63975
3682 2
45489 26325
7417 1
67075
1248 2
44657 74580
5657 1
70763
1578 1
21854
2399 3
5781 2710 64820
6505 2
35806 31100
3417 1
18937
5146 2
4908 27447
5120 2
43839 51225
3605 1
50000
1790 2
17565 37110
9027 1
17494
2912 1
65916
8560 1
57783
1666 2
66826 17906
6219 1
42310
3505 1
1882
2419 1
72673
4360 1
37032
3753 1
48523
5426 1
31024
6578 2
71629 43329
822 1
16955
7618 1
71207
2416 1
43333
1816 1
37708
3498 2
64167 60291
2985 1
51503
4702 1
37017
385 2
19984 7041
1190 1
30955
8219 1
20895
7974 1
39465
5989 1
24363
6919 1
20407
2688 1
31833
5305 1
46764
2805 1
7790
2383 1
1831
3789 1
45278
4247 1
24442
2661 1
57091
7489 1
15514
690 1
50042
5747 1
14790
5215 1
19211
3845 1
15161
3389 1
47066
4933 1
53738
3674 1
66572
6435 1
38762
7112 1
14915
4173 1
11562
492 1
35338
5136 1
35896
678 1
36275
