23
344 156
57116 97487 22112 86621 29426 39445 38227 45052 53407 85348 23293 28718 5317 37109 92318 70053 6283 2898 65803 73272 21650 82754 49203 28273 17674 44100 11934 59490 58645 84969 31570 85603 25884 40016 12527 77978 4859 74818 45553 8345 80041 95880 18984 17594 74173 70846 77014 77733 41479 4104 99627 55678 11009 70658 57452 62613 95725 78109 72704 70239 53965 69192 24990 37159 33010 29749 18647 73066 54418 64670 38857 65870 36815 12563 18003 63436 79855 71956 22003 70561 24653 39269 9773 91712 39116 31419 472 51482 52003 1231 56063 31177 64657 50406 64528 74588 39396 12804 84976 7199 64645 52484 47684 41854 19017 68572 30408 21888 27594 26095 1162 88489 71853 76579 20659 42628 21769 48322 15257 53193 23085 81125 45420 74311 97321 23192 77544 53219 26253 33761 62242 29582 95919 29407 21778 8587 6884 82739 61635 46444 13382 78512 20131 31885 51577 36636 4806 37345 2738 3293 27682 45123 57604 52713 65546 74933
508 152
39814 81623 29443 10125 81301 7255 9261 56178 24764 79614 54638 51793 22620 99044 25382 75220 11232 64765 52289 8796 47097 51032 43244 8853 45309 17336 1977 65813 28281 18013 23158 96008 34380 63056 97684 30437 15143 71301 93 84897 66919 44928 91764 7846 90415 30800 37277 33951 77438 49185 72688 37608 72639 71935 18871 8239 84449 38728 61920 89628 71537 3623 94525 4129 41135 22819 79708 46622 6099 29356 18098 33611 58475 25506 76568 76822 22878 41531 8505 88895 72779 15076 18744 96491 59874 14277 36840 30100 92814 51002 22745 61561 20357 73165 72802 89058 10931 84770 91288 73439 74756 86070 96822 11745 24425 27973 82920 5618 73087 13365 24361 11544 26147 43373 630 60284 38945 35637 28489 27559 12084 62376 58122 69523 61048 13374 20425 83202 14281 94976 30930 4043 28363 16349 48796 82365 48305 73971 92350 98401 56125 2651 32523 82077 11510 51348 59788 59424 26793 81969 37474 16096
728 148
89841 52234 12756 89714 44992 1784 26798 73117 53266 41056 27824 56114 84994 96641 79033 53971 51501 70768 22666 16223 77639 76207 33682 95108 75600 40107 60101 28341 69312 68799 22815 65919 44129 23054 646 70310 17868 36488 7298 16119 99376 93226 16743 98767 70989 45491 76109 57906 61059 2509 98427 58584 90156 24336 10808 35280 74186 23153 11016 97998 23738 87499 8295 60197 89139 66047 69056 10529 63908 86870 92552 54615 32353 9 41317 74939 28168 95120 60926 56629 46499 38640 78416 18700 7769 78539 28517 51538 29501 17206 18106 48929 69762 94084 40698 51709 66253 46502 24979 66508 72595 85309 85828 80609 72489 12693 61324 24745 56243 63441 75353 14211 49134 87681 21833 17098 48547 63331 41463 146 81298 67572 49161 49043 47345 12210 73963 95913 13748 40434 43315 90148 17856 59550 16409 89674 80768 671 79863 18848 63219 16217 26440 68543 70924 80191 199 36680
387 144
61568 72614 96676 19172 73561 9697 6968 83002 53787 64396 21243 40393 48642 49454 69980 75423 37411 61762 86167 51749 38580 78867 98357 71669 35495 29472 78771 59513 52965 69595 15716 11839 8652 38310 2609 13935 91527 98782 36140 69528 73262 96024 530 9618 81095 3374 78819 76788 14671 60452 96089 14595 44816 10764 47516 9794 50891 21569 12266 66855 99741 80027 94259 16928 32499 68350 28379 6584 59057 75738 29976 22024 4162 23638 98655 25381 94948 41204 24816 50560 78048 83435 12119 16761 74038 48241 8840 97435 32468 43491 43478 17201 46402 35047 66759 16345 26887 47351 43209 70147 77549 28053 70897 12967 45439 55893 46001 27927 75341 92988 18191 35585 88251 16396 34567 50985 17473 19677 18416 4760 86468 38153 36092 33233 78682 63964 31826 74659 67114 45465 35838 50524 57375 60252 18839 72731 12150 61411 56552 80156 33340 1293 22338 43669
299 140
26756 23115 23444 22919 12001 9671 90860 88370 92703 44537 89064 89918 11537 38844 27635 24978 24107 3646 94054 62500 37213 7063 24062 86929 1988 46462 55572 34153 40365 19228 27583 65655 20366 20718 72814 41466 45249 65441 26010 37997 49630 79362 20687 31384 48013 94995 5953 64659 41361 69445 63606 60080 98611 80949 70186 48248 86212 68272 40975 63500 18306 50796 93663 26747 17232 38308 80905 92433 73903 12246 96271 48455 84972 48746 58895 36045 12213 68575 36556 3303 43419 11412 81489 50823 87668 32493 73493 87506 49322 68062 35266 18895 77208 2071 44156 76995 2746 20146 64147 97633 77507 93593 35561 2252 43577 74394 88633 64492 84482 71487 94749 2307 35164 55105 83401 92787 55353 57696 79683 43765 33289 32803 74929 216 83028 4223 72676 84174 85004 65969 25504 79845 79458 18066 20152 59204 82782 76894 47817 58893
109 136
79199 18559 9396 95757 2821 78936 10102 70010 55143 85024 19568 52694 43291 63886 3545 12568 37214 25840 80248 45911 51711 39013 9406 68414 69022 32988 48993 5329 25575 66652 32966 70377 7381 32642 70807 77490 16522 24238 49584 31258 819 52250 52750 86737 13167 94951 20440 91 75610 12502 53083 56400 33058 96697 5203 87929 98576 74304 77814 21521 21965 30896 55808 29094 93588 61126 12067 54938 40918 92994 16658 45661 43642 84725 61149 39521 32832 82981 27023 6755 26267 32727 30269 17850 46196 61830 60977 99884 95021 45504 60949 29527 36372 95858 82230 9833 11864 28280 90264 95655 32860 90348 90093 45541 86213 95022 31452 11051 70941 90196 54742 76963 13899 69591 46889 65521 58650 7693 58829 3347 93079 56154 22875 68755 97916 94524 9365 6262 48179 24340 47529 14254 94744 32081 78688 96472
19 132
51146 93221 69759 39003 20765 27890 74375 32729 48782 13182 61454 88506 23185 84158 16787 45310 33298 19643 50654 24536 28064 14724 85436 383 81699 853 49545 49304 58048 58390 42293 10367 16260 22351 7581 62950 63382 97614 32203 46544 3917 77325 78599 18160 22200 83048 95830 22740 73535 37073 60763 23899 31908 57810 6233 24630 42532 45931 34583 64277 50643 81046 22336 69954 34290 7922 72852 38442 10619 94277 73886 91886 82940 19056 48544 30072 61810 33875 41396 6209 81756 7559 3681 71898 3158 83110 73086 74517 1127 12733 48837 41287 97141 93058 43997 772 82791 54672 57617 22310 38040 44074 79331 50527 12861 9624 60094 50329 69876 94141 60399 59943 97800 95464 45427 33059 76498 24422 7094 50821 89016 57107 72352 35787 51772 71620 71996 3893 19681 27430 44934 68307
190 115
65207 76193 85610 14790 32173 38491 2672 23255 41743 85792 83883 15188 18868 26931 63837 37216 77981 54988 41450 15190 74696 59291 69293 90665 52547 19396 73152 52043 13305 98634 96372 89659 76112 49731 62214 26414 1364 56702 7393 90105 45228 14463 92812 67000 29715 63525 95010 61374 25007 79852 78879 35316 43217 49027 38670 28331 74759 21796 61959 73174 44306 99609 32270 85424 52875 96971 62065 7661 96074 57840 24265 82371 89445 9649 62011 1285 93970 74752 42369 47641 33215 62298 14604 84285 93542 96681 31815 94486 32260 56052 95345 36249 73642 44378 34760 12320 74342 80130 94661 11310 90886 63639 26101 62008 92760 8798 98068 2385 37603 60661 57254 9196 35444 47157 78376
79 90
91359 19690 43397 17722 69132 90818 31343 29608 96248 34978 3832 70308 46921 8033 9174 28898 81624 44526 55038 65733 33888 67284 86074 33465 67144 25689 86223 47137 36160 24228 37701 47177 99242 89137 66648 10958 80189 69282 58688 18862 14677 79770 91836 87417 5763 70770 87122 23596 96376 77562 18919 60639 88487 42231 46079 37294 28586 36521 37188 49927 11078 55575 76538 25136 23073 23686 39498 16385 19607 47507 25248 4021 23181 51244 16165 44833 97597 43734 30863 41805 99645 70854 36525 28357 36608 7011 60867 96680 58595 6593
694 48
69184 1535 21857 12766 27902 8181 13177 51256 38328 13070 98314 57910 82729 26418 38641 61871 11074 61441 17188 21730 94082 51861 80660 27514 74099 26470 13595 66148 49097 81894 71397 10543 87341 17059 43033 38610 1419 31408 17705 59120 52186 35462 191 86509 38143 5263 25426 10779
267 36
15645 52167 54064 54295 25437 21571 67050 28084 30869 17243 14776 87199 92565 99476 19511 55956 57207 22344 35960 36589 62579 35456 64722 60822 18655 34826 72359 36038 21474 80546 19281 40441 98012 51801 63334 65069
516 26
27167 97423 17496 82359 27356 50497 34746 47723 45284 81904 96975 52891 53065 3384 27623 51310 24940 18078 83979 23297 13962 17791 19128 34002 21032 56392
584 19
84443 99774 6716 41756 53834 27879 88255 39800 34819 93061 50619 67305 24251 97039 27091 28146 18554 40954 72176
768 8
58637 57288 78902 67113 26417 40008 69640 50755
456 12
62765 8972 22385 69427 32763 52620 87357 30300 99419 85690 4820 86995
329 8
2629 52431 53691 54578 15419 55149 41896 25672
707 2
20499 74277
65 2
42474 9753
125 2
14134 35655
301 1
56680
458 1
84386
690 2
65300 19862
643 1
99227
