229
6129 10
6529 44439 41196 24638 87261 83386 3713 65863 67864 57059
9823 10
33993 74858 52970 64992 45601 73971 2405 373 48425 58381
9009 9
51033 37811 29941 60953 3495 19545 53334 72893 87633
8573 9
82615 90836 44086 25085 46293 5118 42709 89826 21574
3288 7
57428 34887 14496 75586 30325 27209 16467
3414 7
37331 35915 45077 70459 70391 51558 15952
3840 7
77937 76216 79065 36756 68195 14274 60881
7717 7
38443 11713 32852 34712 2172 13675 2872
11021 7
28455 47762 25894 54350 26166 36713 80373
4038 7
52200 28725 21768 45571 73695 18431 47765
4523 6
73394 59339 90478 54039 748 55509
9058 7
40321 17436 32949 33234 22570 89087 64301
713 6
82289 76494 38444 88911 57303 42497
9310 10
24441 41991 40552 25638 47153 86455 39892 47885 65303 43659
10623 4
35066 5843 74654 63113
1518 4
74116 79262 29880 35492
8159 6
5149 46166 30458 87997 77951 79968
3063 5
56895 59122 38862 16049 16050
15034 4
26889 11247 92995 12821
9130 6
21250 65705 50953 50407 66563 5879
3104 5
45901 25990 4398 56069 58394
1716 6
44058 19274 34906 65905 86353 71077
486 4
70502 25723 81643 34223
683 6
23168 68788 3533 86128 57807 37850
5556 5
31507 23279 51812 33237 26858
7451 6
14009 92009 65649 14481 45767 33952
8875 7
64720 73136 86052 30763 83213 85135 35946
16325 2
79432 92449
15966 4
51938 39149 81778 84506
12178 2
78781 12270
2961 5
53289 67689 88428 59172 57553
8441 5
32779 56788 30521 87840 51892
1958 3
17077 57981 44392
12018 4
81904 50632 67590 3423
237 4
64886 43370 79751 30542
17024 5
41744 8130 65481 17581 93119
8596 3
71950 18243 6376
1954 2
15119 42677
14047 3
5283 13850 11334
11214 1
25443
198 3
8748 29743 84228
28 5
68543 49708 68514 92187 88410
1829 4
69141 42503 1642 28436
3361 2
38839 58888
9017 3
91261 90208 89510
9982 3
44690 20444 76025
14975 5
8357 11689 64426 25903 48578
8842 2
59407 87327
5940 3
52336 52929 27068
1925 3
87441 79173 31995
8807 4
39085 52128 29096 79401
4303 3
39855 58986 21660
7836 2
47258 57188
6850 3
81952 52826 14600
3058 3
84482 17139 77770
8865 3
54773 74708 64561
14447 2
87592 29201
17119 2
67294 18713
2829 4
45273 86986 7458 71075
5310 3
26398 46789 24873
12022 1
9507
205 1
42397
7661 4
38138 55463 49790 6857
10984 1
76445
3379 2
22152 84689
9827 3
2999 50491 65192
3308 3
12433 80404 11827
12955 3
23486 91206 69274
13328 2
14943 79827
14905 1
49057
7150 2
14711 3032
8339 3
80437 18024 12028
6361 2
5919 26362
6506 3
51541 23853 33830
9807 4
42754 74287 80144 57522
12604 1
35662
571 3
42821 48074 43939
9771 2
56909 31409
3087 3
3681 80139 63210
13752 1
90804
3955 2
24946 67211
4116 3
71033 43286 10130
17153 2
22986 32934
1605 2
78660 66869
2575 3
31896 59055 34532
678 1
13848
6954 2
66228 66576
3613 2
61955 60563
2655 1
8303
9700 1
67879
866 1
80018
9278 2
20528 36064
9840 2
64473 70690
5210 2
77122 21639
4120 2
33626 44560
5961 2
80700 51818
4798 3
62876 84158 37056
3614 2
11916 41993
7368 4
67185 72317 36519 9779
9114 1
85389
6292 1
4984
9423 1
1812
3524 1
13961
16957 2
65214 78415
1473 1
63677
1104 1
56426
420 1
35113
3744 2
70684 36481
8809 2
17708 65583
13366 1
3045
1726 1
92052
10467 1
7539
5607 1
85145
4975 1
41654
10915 1
18780
4304 2
81185 82242
7382 2
47536 8504
12156 1
11749
9491 1
77797
1627 2
52623 89331
16949 1
52078
4376 1
54342
962 1
27932
2059 1
47661
5655 1
80651
7157 1
89186
2193 1
46345
3663 1
85625
4259 3
35010 21489 18239
8534 1
22007
4323 1
1442
8636 1
23715
6617 2
29778 78366
230 1
80716
10959 2
31060 19285
5128 1
61902
1966 2
34832 17662
5387 1
69089
8192 1
2870
994 1
80087
3552 3
74189 60542 6233
6418 1
89745
6960 1
52357
2356 1
80405
2423 1
20012
8798 1
37657
1927 1
22368
3084 2
10587 1155
3797 1
72622
9584 1
93175
7419 2
71069 34068
13796 1
85261
15800 2
20491 9679
2952 1
70276
7821 1
83580
8208 1
8441
6407 1
70523
1247 1
53001
12672 1
84648
722 1
76491
5602 1
15865
5885 1
20309
1753 1
9339
6296 3
29913 85966 73533
177 1
42056
10769 1
65406
1057 2
67233 33749
8292 1
82220
3893 1
2388
4135 2
65805 5705
6512 1
68126
7917 1
81383
9212 1
78994
3398 1
68065
10595 1
4419
13703 1
59875
17453 1
70415
1216 2
62840 44060
5897 1
73787
765 2
70279 3846
7066 1
48975
10441 1
63594
104 1
12200
10337 1
74156
5543 1
51182
1682 1
46027
4768 1
92249
9464 1
75112
3281 1
31501
7176 1
17304
5509 1
78950
2399 1
31289
2556 1
46237
9049 1
26966
8191 1
60863
6853 1
21849
10694 1
84532
628 1
77515
5314 1
39471
2649 1
57750
2116 1
73058
4594 1
76757
1268 1
68477
1225 1
46662
2315 1
28393
13709 1
546
2909 1
72251
11942 1
46278
3482 1
80440
8849 1
28339
2521 1
24173
1405 1
53493
4063 1
1234
4130 1
15157
8827 1
70731
4170 1
52456
4849 1
23132
12335 1
2362
16287 1
57589
16526 1
16364
3688 1
54142
5190 1
77787
8578 1
59375
1736 1
28981
2032 1
7205
9701 1
84805
6841 1
79041
5762 1
45776
8268 1
80392
