9
2445 139
72437 63668 24464 31332 55938 36645 64350 70524 27271 15451 77771 61077 83616 82670 14567 39580 39565 71159 46296 57460 42897 838 77950 74120 60500 55091 82069 37331 70614 23038 16426 47135 18021 53365 34455 7302 50159 57040 76046 65882 43910 57551 5224 36420 1992 30869 5854 49309 57377 41446 46423 23644 2174 72304 14840 88255 32392 54451 6008 30636 64774 23080 20122 74219 17677 53459 64309 84811 74190 55982 37886 69999 86636 84743 7219 50884 85111 26472 46408 16278 68779 19079 43709 27082 42825 16886 60847 19521 79196 15936 13987 14118 6524 31090 36721 72447 76380 39059 16488 56752 24847 57995 6409 88003 82120 26249 37968 132 62722 71035 3098 265 83965 26347 18007 25000 57453 54498 61736 71491 40985 10084 18231 9408 59113 35426 18774 62141 63966 41616 18982 43676 30008 34738 52978 77784 31589 28394 20185
1133 67
33363 67795 32297 67155 65065 17347 41693 3270 25051 52582 86854 12561 14004 82314 56546 16308 48258 47896 4560 3181 45940 78301 40560 43780 23775 32412 41612 86361 45889 74471 20363 4424 28765 23948 23484 24893 46224 80301 50850 40744 4064 55254 20552 53733 19260 57297 50877 52785 80785 16081 85477 77607 54355 58655 22358 19773 5635 49779 36555 49458 29572 42254 28333 74409 87514 29232 38032
2923 39
20498 82839 12011 69988 41664 80496 74762 62107 40250 55191 18375 36132 702 38709 10015 31048 31441 75185 26235 8625 23868 26666 5090 49302 187 15445 36267 23563 25072 24441 39560 48126 45388 5025 16181 36620 68107 66333 48737
2370 18
48847 27344 35657 53429 6727 38440 44851 67589 58649 25564 64293 65655 67474 34684 66683 77407 66473 68003
4042 12
53915 60939 55211 48528 62428 46070 23979 58389 86948 31128 28794 33150
6021 8
47106 30910 6749 41126 63550 8951 44081 65798
6147 4
69118 39534 39585 44927
3189 4
45770 22339 34377 2050
609 1
52560
