30
539 160
20790 44651 6400 66105 78261 72126 84609 71626 50541 13353 50825 89629 16307 96933 94158 43980 70324 33951 86743 50852 44198 90711 54577 53240 28808 71099 89726 53179 62863 7383 95473 72719 68335 79501 58849 37181 22265 53065 25788 55028 8673 73769 46766 63123 41135 28380 73547 95607 40200 24878 9002 25265 48776 32520 43665 53073 36183 33064 97321 10952 51182 85974 52016 17801 98840 18812 58726 17862 10759 81825 287 2267 96004 52424 83841 9405 2479 50271 5079 9408 61608 28739 6440 11635 38131 5496 55428 53457 46248 86235 38533 93699 4436 85240 85946 87012 89975 64575 11597 88772 71757 73068 68701 40867 95340 69709 80003 9004 11226 63749 75006 98698 44925 84742 36298 3038 97844 65670 56666 46254 96884 15464 27527 98292 36115 25829 26760 41609 89573 56641 86002 21208 92713 69415 21085 57849 33634 69685 83232 35979 39300 65900 86852 55964 84168 90155 42149 43133 76736 65721 59837 81516 29404 79431 58162 91175 17742 21379 42802 91543
6247 119
71753 45707 49760 97881 10484 82931 51520 18975 61842 10923 69997 81020 44975 69541 4126 74464 80442 53840 220 36736 73597 84110 27411 98018 57982 74229 8782 76135 61490 67714 22098 13098 56985 70759 58483 2454 4224 92074 94843 12664 61976 70521 33644 10269 95783 23043 22182 65453 89567 35687 59314 86473 89659 46181 15363 42467 4117 89782 13818 64189 66215 98085 74846 44145 37992 52371 13852 75789 35344 50938 38155 90090 36067 79043 40521 21135 27676 48437 95610 55916 89176 85018 44996 32319 76314 23487 16023 78670 49564 61746 67419 4697 3175 9638 53652 72112 20703 23214 68080 24908 74919 37965 19258 14714 34737 69851 32486 56240 72346 27686 42570 59994 22915 44764 2673 17395 75612 52590 45652
3647 114
66124 35805 14702 23526 17093 28561 38438 39228 42148 4728 75320 91687 89451 1109 94479 84274 3214 21891 5787 60714 38876 98114 96900 12550 49322 49117 15378 37220 23056 63847 87359 59882 9593 2460 21756 9283 63893 92628 25727 90025 19144 14916 15976 10053 14305 20150 29172 93614 10944 20318 79927 26288 84678 87820 31140 56737 29102 50719 52691 65947 24470 25795 98354 75675 39071 20848 21966 30041 33881 97243 41640 35677 49900 12498 92018 1266 46420 34540 24934 15725 17886 85202 19000 9091 45337 6803 90277 24888 22875 57713 23651 1053 45308 48968 97891 63960 14682 70206 66155 16655 62117 52724 29806 81964 87584 75702 47488 76523 68627 82453 84634 18067 21974 24675
4382 71
98655 67737 91541 26261 38821 70817 69850 49392 97840 63560 15616 87313 28469 48119 67220 51670 73916 30689 36742 71078 93898 5724 77295 63867 94849 16047 7832 10463 46981 87461 99810 27942 77095 64982 62003 15926 26909 23824 74782 1982 9512 5433 55632 48594 63550 99755 93815 59827 88433 72671 46899 7685 73743 14965 48743 45044 97841 18180 32990 40882 2767 86327 73079 62052 89609 27514 38962 31028 94583 60848 59111
4571 64
61209 53100 94601 49208 21228 58943 62004 18176 66624 86768 21546 75902 16242 74245 79722 39454 64357 46080 38461 40069 72356 69355 62187 6860 76934 20296 30714 14712 98725 81616 70434 49884 79767 92456 79484 13515 53299 13175 59193 20158 71801 89729 86696 41335 49363 76312 84323 38062 15108 83511 36277 46824 66063 37336 29808 74904 68781 31584 16640 63660 49263 20482 99015 34701
4922 50
83100 70290 9563 71438 44630 39029 61622 74055 62665 51153 63268 58019 37728 67705 41412 74847 64702 41515 55864 5742 97640 70131 11626 14520 16582 57498 58151 38769 46443 46548 88541 43230 61895 54438 71446 90104 61857 38669 4251 76486 95740 17776 21975 32327 59560 8610 38387 30972 60412 58010
672 41
62736 76170 17927 60399 64573 96668 71836 60413 44492 43150 63266 8707 45261 59370 64490 48114 18506 84813 51124 53607 9061 2874 30720 36939 21897 75771 96749 657 32268 92530 47518 90887 8291 1975 77697 35732 19298 88504 28645 30066 20044
3860 37
35982 7680 14406 22722 34303 38918 73553 43754 48927 19687 93399 41058 18512 54466 72013 190 39801 61286 5460 5898 33337 33418 69076 53556 46972 73552 47739 86346 77831 79687 53902 734 45736 72544 96771 54821 66703
4345 27
26025 17389 79683 76644 10476 31871 38067 87210 61025 23768 38957 2743 7945 13266 32102 77975 61508 68346 67223 14299 31864 62969 81610 59185 79354 91297 46674
1779 19
73987 26595 50495 63892 50761 50231 95533 18107 85070 46781 44460 85090 71187 97723 20470 25618 83935 23779 76799
5772 20
25717 75890 61756 45954 70395 87140 38188 60332 90775 26035 34647 92562 54929 40910 76336 80614 33728 98585 88581 2661
2550 16
28035 57562 69317 12255 67161 8683 25718 1255 1407 31782 84148 61390 42601 22567 24454 24179
5508 8
6751 77892 72711 1379 16446 87501 44595 12349
2361 11
31077 87658 44547 91718 69308 71508 80875 8518 99758 73770 76269
663 5
16613 63805 54862 2358 20860
5548 6
982 40124 188 47944 3835 5407
2318 5
77465 62137 69788 20436 86379
37 3
49913 10003 18231
4649 3
99539 67641 23408
2790 5
29331 55234 27399 8965 66249
3113 5
60145 16680 38736 30963 49523
724 4
96398 23132 34850 77028
2038 3
76660 75551 35753
3686 1
18832
5648 1
92444
105 2
2937 82164
3910 1
24829
2887 1
55579
3391 1
31213
5789 1
3217
