5
111 22
20055 24358 24601 20144 19899 19752 24792 19705 20072 20121 20083 24607 22072 20243 20106 20100 18401 22787 29849 19748 20440 23088
384 13
22589 21867 12647 19725 37189 5539 12701 18539 17051 17443 19324 12715 14417
315 71
25459 27865 25998 36676 31560 35989 31424 34533 25983 35394 34689 42698 39919 26019 28201 28210 25518 27202 38097 25314 35297 35697 28126 4290 25325 32010 26765 35856 35985 25707 38951 35311 26055 42194 31538 35956 35893 25326 29560 3685 28186 26011 26785 28005 26470 26020 34819 36017 28214 38965 26049 35720 33673 39101 3896 32986 38998 25979 35640 34498 28007 41279 47884 32423 26766 28041 28031 27333 35916 26028 33004
223 26
249 13992 13331 5094 15700 14309 3089 16541 14246 345 17907 4435 13443 25210 16415 2773 5684 13663 3241 3962 346 1408 55 348 11998 14848
182 48
10583 10335 10261 1333 6713 9143 1450 10221 9234 11645 9018 10362 9047 8183 7154 7641 7598 10232 7140 7559 8016 10347 9059 7952 6372 32179 7550 8548 10705 11218 11068 10225 10218 14032 6522 1248 8065 7675 10199 1967 1415 7123 10367 7896 10197 801 7610 10350
