13
17 11
1400 2339 1101 788 1252 1293 496 970 2489 3253 686
71 10
2997 2999 2849 3004 2695 3022 2566 2995 4960 2781
81 15
1896 43 1448 1200 1360 1007 1258 1680 418 1205 1576 1308 16 1342 3188
10 4
4064 2083 761 1350
4 5
1390 1782 1278 124 4962
89 5
347 1715 4489 838 1600
72 3
721 983 2631
13 4
2259 210 283 4369
51 12
42 85 2435 4025 339 450 571 401 385 86 474 695
8 11
1656 1648 1653 2203 1678 2917 1774 1733 1720 1659 1883
9 11
303 690 1353 1609 4972 905 2014 1582 1292 647 765
3 7
896 141 952 166 25 4082 919
32 4
4163 1240 2329 2101
