27
1247 81
16502 18817 36223 35237 18017 14947 19015 35181 18288 34646 46631 43971 35561 31880 46781 19137 33422 46389 18761 19030 35706 13672 18434 19080 18380 36062 47058 32257 17624 37506 37835 41726 22704 46603 39471 18836 36519 40780 30688 41811 14201 19200 40304 16326 18330 19684 13674 13805 30475 18897 19032 36653 42527 31632 18823 18892 17439 15298 67166 18659 46693 43924 16312 17869 16537 34540 16168 33565 15521 44759 16881 12482 34185 18111 37372 31586 43897 34455 17723 18392 17016
1969 53
4395 10917 10223 6966 5444 9732 6991 3620 5813 8328 10837 5446 5920 5905 5275 11283 10808 8941 8174 10157 11628 3653 4364 7416 8962 5281 11644 3480 6967 6867 11709 5302 5877 15483 7815 8756 5737 5687 24861 72125 7099 5426 10345 3059 5632 10637 7787 7723 3473 7712 6870 9035 8051
922 49
13962 13144 12370 14569 13744 13378 12738 13089 13755 14293 13708 14530 12053 14347 14083 13636 14659 14542 13899 12391 13103 14595 14372 12128 12249 12374 14124 13084 50528 12901 13631 13778 15329 12920 13314 14410 13097 12786 13745 13285 12139 14335 13044 29012 14523 12174 12789 12295 18675
1909 85
14057 10561 35209 13981 9511 7628 14714 13719 33712 35456 10575 35091 35808 35039 16373 35370 35767 34719 33598 33608 14000 14002 35088 34698 8997 33432 6604 35038 14087 33379 33586 7527 33256 17882 6332 34658 7578 15869 35656 938 13633 17120 34711 34596 33683 35436 15550 13589 35869 34979 35441 11800 8744 33564 13985 33158 13613 34872 13961 33939 33517 2886 2625 9934 8318 7940 14102 13677 21375 16074 13751 33353 49268 13587 33194 34679 16146 14082 4095 33323 39254 10534 33658 35455 34642
341 83
32835 31461 27576 28325 31480 26514 31270 28068 31561 30839 30232 28464 30221 28436 24786 31478 33056 27993 26140 32728 28398 32919 25259 24508 25671 28272 27669 31262 27552 31258 31458 26696 25145 31163 32574 30785 26799 25714 32754 32372 32618 87252 30594 27564 27544 27843 25728 32500 30834 32674 32740 32741 28484 32399 30752 27898 25253 32672 31067 25207 30354 30569 27028 31466 25264 31033 26930 32529 33048 28059 33040 26023 32525 32668 27753 31471 30561 32767 29807 28320 27976 25263 32953
1641 70
42911 32409 35862 47979 46732 32915 40413 32640 33512 33363 45461 41373 46598 33330 32055 46906 40373 43096 46744 32964 41368 34453 31874 47755 32806 41893 37490 34354 33359 40448 38084 40326 40591 42499 35136 42349 31828 31893 42967 48039 40488 35529 33339 33962 31913 31882 31863 36533 40316 35872 33468 37972 50010 33424 31795 33959 35645 41397 33366 43477 41464 45188 38093 41635 32554 34250 40644 33045 39212 33794
1279 40
10907 91614 40460 3022 37941 188 27647 1471 20492 17202 11641 20078 7760 36919 3340 19676 31647 34130 9504 40890 27458 1836 9238 23689 47145 4471 38551 41991 11895 3455 31601 15907 32920 15116 22545 33904 10105 39669 9801 24111
1902 77
37105 30482 17690 35426 30133 21987 31130 15602 37516 5668 1700 23946 14345 13258 3910 36808 16779 42206 4261 2194 2459 33302 35351 30306 45580 16308 13812 30647 30191 30603 23492 35602 10352 43983 5374 9316 31343 4629 43213 6312 9406 13966 13604 3882 37426 35388 10347 21838 16734 31563 44475 94826 30505 39512 3884 1703 3873 36359 1683 6956 4631 36548 6089 38147 30535 39431 1516 12197 1513 16962 39193 31444 22449 43489 31267 1547 9599
1544 81
33141 31208 31355 42982 34466 33937 34020 33846 24222 36066 45978 34469 45872 31465 31251 58192 30151 44724 33607 30113 42306 43837 31493 34145 42399 33968 30763 30685 30742 37754 31368 30995 46443 35923 30769 30768 31232 38187 30926 30946 42879 31231 43187 46070 31244 42654 33102 44065 41643 37091 36610 37694 31424 31373 33309 45738 31366 30750 36377 45726 42999 45698 33522 30798 43130 34038 30956 34069 43909 38258 33097 37794 30673 36549 47879 43700 43644 30407 33210 45727 36284
1555 48
4748 2161 32700 4700 1080 1540 25733 1209 31041 1928 1998 24448 3714 27810 1276 3454 4614 26390 32007 5334 45880 25858 31974 34457 89657 3020 32997 1722 27048 30552 32263 1627 26269 32035 4879 31474 26372 24357 13442 2014 1987 6641 4625 42168 25427 4640 1658 1519
42 51
32743 33450 31520 25056 32799 24920 27851 34169 30934 25104 24232 32820 25816 34151 34190 24496 35385 28763 24986 24218 29981 28825 25451 24300 25017 32791 28290 24360 24925 30187 35175 27856 32376 27166 32013 28103 29424 29753 39153 25171 32341 33975 34603 50480 34888 27861 34782 27651 31568 25098 24910
1728 32
14484 26398 14211 43287 15541 4377 1633 38857 33094 3500 3695 8924 40617 37867 42542 27285 70647 37734 46685 4667 3254 3384 44523 37826 13703 12409 43099 12564 34791 2460 5296 3528
743 16
93972 2877 16030 17066 15349 31309 18337 16830 15760 17519 17067 17011 16777 16855 16707 17540
172 81
32454 10028 6113 10842 40047 33631 32306 7774 10859 7708 79362 23560 32205 31993 36033 31980 34874 8418 40051 17725 358 43859 8209 16497 23471 35389 7855 42073 32687 11767 7400 2494 36109 12505 23873 23033 7043 700 42609 22914 23841 2142 9964 1659 17342 41053 9320 32018 4880 36312 32433 47328 33700 39440 13267 5640 36446 35431 42080 18007 22707 35485 7718 36733 17357 36275 32187 15291 23332 4974 32382 17407 4126 714 35476 32085 3907 34806 35700 45931 32223
507 66
56244 20121 28025 43863 17606 36710 27253 41421 11860 36243 19126 24171 44274 5212 13358 36581 3812 20836 20311 9956 9855 39157 39447 19745 24208 8540 36682 27413 24282 2658 13906 41437 15352 28254 3859 39903 6630 13465 27179 11095 25101 24600 4010 19897 7905 25333 41370 27548 14626 33390 37839 4102 18195 24952 25362 9927 671 27980 6345 18098 27948 15710 17585 4926 43964 29296
1605 69
9975 7238 44567 5049 37364 41296 6257 11140 6039 7240 11443 70105 40913 42379 483 6176 6056 4751 5409 7312 4755 191 40631 532 3061 76 43295 7239 38966 4613 44287 4863 3521 44446 11426 6180 10982 8883 6199 42842 40721 7249 1657 45419 6173 11679 45315 3705 7253 46844 38575 38613 38468 10626 294 38531 5407 6160 38653 45734 6031 2592 3138 40622 43930 40997 6061 3563 242
1894 65
6912 7533 31591 30111 9590 29811 30258 27503 29557 25035 32573 9761 65252 9708 8370 25103 7521 8396 25485 7566 30456 8989 31280 29925 8381 25356 32200 9731 9239 6862 39822 27486 9755 33043 9826 31844 9712 9188 28576 9454 7702 10628 30118 8719 8435 28784 9420 9518 25026 9353 25073 23228 7379 26093 29876 7303 8358 32992 9707 6842 7675 6259 29133 8566 32797
1353 46
42796 34669 35250 39833 42943 43146 43294 32734 33830 41716 41813 42772 62811 42747 42171 44472 39877 41181 39926 34608 39789 33485 34527 39171 33576 32999 42812 45691 42813 32566 42864 31668 31658 39298 43018 40152 34638 31590 40423 31730 31740 34774 33103 40084 31752 39545
191 50
9605 40912 42714 25721 42397 20540 23696 40707 6118 32647 7808 39377 28626 38293 29449 24721 9819 6951 17127 40012 4609 12502 5105 92996 27347 29336 26988 37569 6538 12488 10118 29683 42092 36237 14154 24497 16166 41129 6782 46197 38495 470 20901 29634 24299 6816 6498 9893 37520 10794
1835 42
9130 40534 2711 37701 5562 8126 40706 37172 44282 40331 9008 40254 40253 3487 10064 9101 826 37843 53204 10388 9090 3577 40236 21776 6092 37978 7874 7349 2115 29189 1620 2261 1246 1686 7661 37599 3372 36934 37842 6566 10135 10058
1676 88
32853 10828 32811 45791 4684 24795 31868 45431 7428 4730 45009 12326 42635 14900 32724 46458 46483 705 33891 16948 17451 34278 28465 29223 33262 31896 25053 17358 26625 15812 2062 33710 8972 28937 1929 17588 26631 29619 15396 15299 2068 12033 25876 17139 94838 34415 12714 32129 11772 48094 4627 26252 32054 4856 34324 15949 7529 32067 21010 12343 4683 4607 4606 33007 12257 44483 33617 15555 2652 33135 31769 26837 33329 37698 34164 2377 4682 33250 12706 5095 12320 26643 12834 33226 4704 12686 4725 17144
830 71
13923 40989 28717 4656 29002 33001 42468 42447 19928 22010 2172 14048 24715 4756 4735 4738 4854 43536 5894 22194 41465 32961 23091 29044 45499 22903 19796 24980 18755 27478 2322 1548 32413 4727 4841 39584 4681 1617 30389 29066 22117 29685 4658 30745 15820 26787 13575 1473 2376 30185 20915 5509 2769 2349 33054 85466 25933 42459 6863 28629 5181 4574 35829 4527 24403 42393 23677 2830 22009 2741 47508
879 51
7168 613 18401 18478 5003 11220 5927 14223 18301 17264 6533 1432 5013 4933 6525 11525 2028 18615 16428 1390 14604 17159 5385 18189 1022 6441 18548 46348 4894 18105 13126 4909 5578 19388 56113 12702 4575 10059 15513 18290 11941 7160 23847 7440 15979 7252 20072 18433 18343 4747 10340
1573 85
36290 28768 15427 38026 19199 28876 37750 22300 21211 38528 87155 32424 13834 36714 14053 28873 24058 38403 24501 36566 24889 28838 30929 25033 35633 14278 25759 21329 16097 42299 23045 30497 538 13724 25444 43878 36352 47550 30527 31437 37724 14922 28837 20238 37513 25623 20316 37763 36593 37637 21323 16347 37340 37315 18664 35504 23561 42642 22963 36124 36422 30106 42179 37277 22856 26599 38453 21331 13771 38866 30494 42566 37764 31048 25651 36624 26614 37712 18666 27055 31188 37565 30210 30510 42212
1170 64
22247 12521 28590 19180 27451 19428 27475 42557 15478 42608 27745 36972 20285 21857 29257 18230 40840 12330 46420 27672 90292 29948 12238 27414 38634 28596 18037 29247 35328 18075 42652 36772 27591 18461 36513 24045 47355 21258 13641 43694 12688 36964 28821 16391 45346 17252 12701 28898 28579 36146 28261 18050 42264 12771 19088 22023 27945 22501 36897 27570 12220 13032 29212 42279
1366 27
7850 599 14966 23719 6444 23884 653 21445 621 7489 959 5036 89392 99 6677 6037 42860 6416 22255 3813 1927 14290 23022 3534 6091 22234 6491
1595 16
7818 34807 31967 30837 7835 15771 11393 39958 30932 11440 14618 34099 56978 17195 33209 33398
