690
9566 10
52477 57624 65721 48216 76358 44518 60741 85657 3302 41865
4705 17
37941 9691 19051 51664 92431 71928 26982 33664 24661 95102 66365 29112 15961 28939 58350 46654 27498
4871 20
920 12492 79041 29616 52743 42134 10014 2030 11543 55914 58146 68337 17652 50357 83073 98377 18945 17164 66996 72701
9772 16
45682 10161 77264 41179 10639 18994 71956 39849 1331 12919 34725 70656 95372 90925 20394 63725
7327 17
97546 91198 10089 2444 91892 66385 50738 80916 62968 5377 72011 85856 7209 89861 69788 23059 56397
1949 20
24096 18968 82966 71256 98832 52845 2883 63589 5658 7767 96757 99572 99686 77607 75188 21318 29512 46254 41367 1416
3953 18
5704 78057 66720 51407 54495 88667 95826 11603 32155 95955 64015 64680 38261 15550 80813 28280 19290 8169
8617 14
27336 12078 70208 80572 65001 89450 56222 27070 53656 58113 96366 24555 73616 62826
8149 10
16863 79950 87508 71560 59349 39297 11281 46288 42728 88199
2297 17
32352 98491 19238 67018 61759 74118 54343 20451 72402 48161 5511 6718 42504 70960 26037 34902 44219
53 11
19871 45897 2478 60488 1061 70968 67042 56156 61098 42293 27198
8917 14
32911 3456 38007 42526 18745 65614 10177 14901 40941 61097 22365 60134 39083 6604
198 13
36870 79943 3333 11316 19029 46140 9872 42091 40934 37953 86139 64023 38878
3938 12
83826 75092 43547 68684 20791 92820 70893 38662 16110 59885 37595 12180
2380 12
11146 42369 37395 29106 12664 65802 90457 11550 83028 6118 96137 75099
18 14
52395 75224 35169 98878 80302 64396 52255 56601 55842 73308 69057 29586 74997 74125
1634 15
75776 5282 2981 36241 90605 69902 34392 18305 15323 87092 24468 48779 774 57740 42058
8696 20
35619 45104 44776 86267 17085 89554 3876 87902 38304 24855 77630 82092 78115 2284 82577 94634 66416 42488 5076 65791
7305 11
23444 89141 17735 27769 569 31000 71052 41276 95997 16103 80227
650 14
88226 4701 26135 68353 59551 78483 50898 68345 60100 18275 44740 61008 33694 78383
6550 19
94970 97138 10051 35700 31067 49892 65313 11530 97857 7958 93066 63103 12759 33058 80912 57286 85050 57527 16395
1760 10
5901 39132 49620 14830 22422 40929 58487 82880 46805 28953
5134 15
91032 93992 97031 41345 78271 77120 73307 68890 41570 6727 98153 79664 97582 10421 62796
7989 15
22925 80808 6800 31099 46874 12877 34694 46347 25304 39418 86559 92114 95793 33147 4181
1864 13
30623 34568 78112 35086 46864 18625 94551 54703 96511 52248 22717 43957 33943
6241 18
40462 36531 42960 25240 54471 21600 74814 40351 66575 48146 12416 61451 13562 66639 98014 31889 86442 88617
9255 14
80757 17705 54473 12490 14871 40739 1875 29485 19731 33025 69499 87929 10121 82545
111 14
70445 1692 38153 55457 20320 15253 61427 1559 40466 79430 45472 8792 78382 97759
122 10
89613 22078 37843 98090 47800 78834 12344 70053 13385 55902
9829 19
56041 83501 86822 88487 64120 77453 20136 75869 3990 47730 21391 97558 32779 67231 1070 11205 47315 51779 70861
9092 14
27133 70866 56179 39395 52279 14736 59636 33002 43902 83350 4727 61446 50047 14305
4460 17
76084 82131 56836 43208 51201 95798 36327 54694 35789 42973 12804 69675 21702 98425 25169 8319 96436
1023 15
9084 51587 94739 10828 85591 97098 27354 97587 89160 61112 55186 83452 99039 43370 30515
4193 11
82470 16068 8596 29869 52011 58278 97482 99564 34675 49397 24403
2863 9
58684 99870 11046 70638 855 51663 30562 19056 72313
2346 11
90784 3616 22001 38852 62638 23022 5214 75265 33916 90132 2355
8490 14
12447 70466 48919 72199 50163 75442 52199 82276 6067 6575 74268 5462 1738 11887
2732 14
98643 96872 34513 60437 17453 48868 58308 55683 61549 12612 45352 30026 16158 32601
5523 19
74547 82572 20012 37009 89131 33580 80571 36834 40020 44354 48363 65454 67081 31078 64293 17531 95018 31675 18711
8279 11
63029 73237 11213 96414 98543 32039 43322 79437 63624 82502 24737
9927 12
15046 62049 62499 74206 79480 25242 30544 6861 6495 87095 75180 79254
8384 20
29310 76168 27699 71023 79781 90223 84313 24067 67329 15212 84933 67804 45614 54344 4986 37923 69826 34713 81966 89482
2610 20
1382 65479 61304 49113 77032 48043 39325 89240 66708 4174 7820 74761 25060 53356 30494 52297 11071 10458 48745 71113
2006 13
94498 96323 16873 36998 3964 20664 88446 79411 27157 42790 96719 75657 42447
2359 15
9508 55889 14067 60259 78319 30503 98686 63497 83803 19053 20678 28632 12451 52615 85810
6754 12
48874 16462 73946 69574 57188 6136 64971 54195 47046 9716 60674 38055
1549 11
52239 47431 78457 39536 92602 36648 5245 52007 61854 98461 25013
8738 17
34438 20614 68221 1081 46844 42857 89237 2052 92795 33701 88550 485 69069 47390 10840 36519 41936
8758 16
13373 66675 45583 57507 17985 18403 74958 51760 95727 5445 88026 60299 49244 24925 68057 36492
1004 12
87426 7509 2399 71234 62479 24346 19231 71759 40950 77426 99535 70011
1161 11
41509 24904 17614 57095 31630 50715 45754 83258 35684 47289 6615
5724 19
83428 63547 24578 72830 21401 8025 43701 12844 3319 16663 13122 89956 53478 4331 91251 9003 93722 19536 64761
3428 20
612 47401 28439 69864 36727 51354 44929 88298 49856 97430 49358 71379 56796 53296 25787 94797 87468 63123 39161 61709
1800 12
62554 51532 24025 29997 39404 31341 97417 88329 62440 75484 37546 81760
1559 13
48838 83093 90715 51878 52328 13735 44809 57844 91615 49428 21448 94008 32310
6897 19
56907 95402 83304 28038 71074 14860 10856 3932 87937 54263 6564 43423 14925 48793 75602 16476 73295 54084 37550
7281 18
4425 53518 35664 83800 8971 33026 20628 12771 39968 64213 88047 87511 27077 15340 74003 3009 92440 26693
4059 10
95569 62569 88056 12229 19054 3166 23918 50230 86716 36425
479 12
65438 31568 15780 13011 90023 95650 77731 9176 95716 4191 98692 15992
115 10
76397 58775 15264 96238 44635 99249 50746 55235 5443 60419
2882 12
16292 6626 34082 78934 24478 34255 48828 54090 7897 83698 130 65860
806 13
68168 71891 61355 43442 81762 91541 93536 43249 77280 59283 25022 2074 82846
9447 20
38493 70663 38593 673 76262 410 89681 38320 34612 76725 33653 90735 98621 61857 42871 20351 83518 38150 14339 63821
9128 17
26264 20291 77778 14032 6199 22056 76510 59735 41170 48531 56152 90595 43449 6763 88368 76763 66290
8691 20
48126 46058 1012 33992 55052 80049 35565 87419 18437 15480 78477 20152 50247 78715 55714 29434 85175 15371 11153 59290
8530 20
11503 81373 87719 5892 26138 53582 59089 88957 32631 2304 20859 16064 42760 19448 98024 99723 22968 96213 27044 82458
587 12
95174 14665 73207 55872 43069 53810 56129 5159 79343 80208 89899 9451
7819 20
47416 71839 45905 88097 42215 89224 58796 8183 21414 86747 20549 60221 53006 39170 32704 86604 1367 37514 85469 58040
627 20
74570 6016 49106 41993 94802 39432 20137 76493 13907 46427 61874 92874 60226 60962 18989 17668 47618 75802 52170 38799
1045 20
17105 25087 20595 95978 77344 63622 90560 21886 41485 54028 20566 44114 43439 87873 56316 91949 29992 39892 38313 49560
4758 19
41803 61417 26076 4552 94218 63986 71749 2686 74497 91216 47525 54287 2051 92408 33654 24709 23928 99010 84347
6129 12
76567 10774 18743 21030 92605 85677 14224 43174 88971 65399 60913 95606
7368 10
56298 83691 14375 91433 40763 15296 10925 11093 18208 67270
5804 17
94485 99751 90819 91571 51893 4467 68128 41712 8105 22763 48473 62136 8102 62289 5917 30618 34521
2143 12
15678 17145 18889 34395 67372 79592 87144 21511 28330 86761 98833 21501
4330 11
96715 71274 72368 96206 60050 2290 80442 97836 87042 6287 52496
3546 10
83879 46983 76616 55898 55536 92353 84271 46114 29226 46370
8791 19
77912 7524 86695 7772 91907 68515 10195 70762 32205 58323 55805 40812 99958 73654 5851 95022 67079 27407 89708
7791 18
23942 27113 54133 35109 83007 41427 75810 87331 49959 81321 87958 48237 26638 84014 32187 91641 81874 93181
8728 18
71936 35203 33260 69082 65433 50050 87702 32405 56671 10134 74374 73194 74978 35881 72584 18116 81479 15654
1351 11
89302 21165 47154 31055 36187 28930 19843 91501 59813 2942 36129
177 17
56212 95196 74013 79625 32108 58466 68856 24856 38787 859 58838 63728 41033 86060 56541 45612 722
7491 18
32661 60681 24104 14389 29611 21049 39743 67568 89044 70505 75423 25513 39338 6316 43424 48935 8221 69142
9918 10
63551 71772 47523 14457 27484 83949 61821 79933 49584 31825
6644 20
89990 62465 5281 47332 52990 87633 79918 60249 35676 34217 91504 2164 10816 32722 59710 43182 39066 67532 73905 34688
1296 11
80466 19174 88340 88752 28937 9005 26826 95303 84642 45191 95991
6063 20
54575 67622 67848 78200 9552 95598 41516 96428 79788 1266 85987 48962 51504 36058 66962 28199 5828 91877 9218 50947
3612 10
12164 75570 74097 94125 16598 22854 26970 15834 60652 25134
5348 18
2519 30289 22038 37958 21795 43951 27669 16521 30371 60666 44592 63951 6144 42335 75228 92159 70428 9820
399 11
5660 36203 59660 55849 58319 86560 72616 44405 92949 16700 83483
5020 12
72364 56306 61717 28296 24078 84053 23908 97385 71679 34753 70976 11335
5771 19
86501 33122 1209 28069 24242 99914 72219 64988 59863 66534 3612 93974 75809 79899 54432 93188 49265 33987 61655
8887 18
19827 12560 89506 96383 42539 41297 74971 45450 67211 80223 73556 63045 69321 26988 19482 50060 87881 6956
6202 14
35878 47571 3489 73534 70036 69527 37978 87037 92835 18657 81666 32439 26051 88430
7021 16
8126 69638 66024 19902 71524 34954 71094 39880 15673 84776 65056 14586 93967 58903 78444 86633
3216 10
81216 74598 74588 20333 21563 14944 79179 9436 72361 66583
2415 15
17257 74055 95638 94287 27490 83554 4557 80257 17962 42484 53402 36089 45738 86608 46548
1653 18
37098 38343 94606 23427 57035 29400 96842 94978 91818 93600 28095 28629 53375 28621 32573 13447 98634 85842
7360 9
11512 42389 26904 50678 48561 23450 99682 33085 93449
349 20
83215 64201 17897 92378 45706 49971 10212 55168 56492 71808 20469 87536 18167 97265 93253 39545 59352 73350 99807 34171
1448 14
89811 53233 91418 45379 95566 14370 97191 46160 88725 92889 88507 45990 61385 52876
5002 12
23352 31469 26815 79017 56284 79583 4951 10707 62072 18834 62394 74901
794 10
74291 19230 26937 19564 94453 81411 19740 14396 9991 64596
5707 18
77110 55450 94206 85162 73003 64178 76052 46879 82908 45800 24447 88993 1421 29307 52522 69918 49598 10591
92 10
73669 87154 33545 20672 9131 37274 57354 42710 23932 76538
2754 17
98693 4700 71756 52108 65435 63882 64367 86571 64840 60594 64036 51675 69218 81834 65303 35310 47424
6871 20
40071 599 47629 87851 67662 31515 12282 59306 42836 75548 36149 80127 74615 74736 16615 59246 66013 21581 39044 13601
1109 10
29735 70282 78813 65141 25962 74628 83089 14698 61713 38329
5339 19
74857 8649 63380 97317 93773 61805 72427 57668 56296 82022 11166 58639 40789 57166 68007 42866 21895 58878 12125
3124 14
99244 31431 99456 1683 57835 79809 42065 11593 4303 89360 88888 45851 24803 7441
3679 17
43919 30290 53944 77953 73279 33897 32628 49586 15648 91484 54193 20209 39446 8895 23169 73820 64846
752 17
30917 12133 28446 16350 55619 93744 18064 61302 70551 31700 72792 39254 94303 81483 26416 43031 91548
555 16
28172 79265 57518 37310 22635 29340 29929 67932 11256 35007 81758 83947 13054 26049 52206 52560
5107 10
26124 16207 99782 91670 89436 71935 42282 90546 25261 74495
81 11
40496 50496 46586 31915 36541 50891 83633 84897 10508 13133 44840
5064 16
58186 1436 904 23729 76181 45071 36767 31266 55912 84578 92927 43448 51920 57941 56560 65751
4074 20
2184 22232 75565 60749 95481 92803 66165 33235 7282 15039 47160 87003 95431 39999 40629 87243 71391 99133 31062 87114
1427 11
16915 98986 40047 8827 56741 82504 7576 36020 86916 75006 87619
917 10
97211 85545 29121 38274 99771 3449 59516 44084 33126 60729
8981 10
73258 36381 15079 52999 53912 87611 11981 89217 68881 92873
6313 12
93797 31659 43265 78987 82829 28797 67578 11942 40845 71033 55835 87162
8181 19
82963 39996 15098 76450 45999 80560 83126 49564 56979 34337 7259 52171 23141 74272 59532 29408 37489 56597 40430
7193 18
57697 88975 59092 69087 45085 92266 69289 71752 85721 21857 59466 87526 81187 84847 82055 28134 39397 53826
3944 10
31866 21773 39648 64848 31687 72868 71849 20268 340 45395
6997 16
89931 98688 78792 5905 19589 40161 29304 15745 17992 87668 28159 789 87233 72751 15852 66150
7984 19
44930 27980 57104 6981 7690 38861 57279 91557 40900 55615 78896 88120 97991 96995 83098 98660 59248 60574 56008
6229 10
76302 75827 28422 81657 24198 14751 61540 8106 10817 17584
1283 17
78912 89194 18163 65797 29280 99157 21454 30634 38825 18667 43971 61184 34956 96458 87663 50561 9751
8005 19
66483 43568 69565 63014 54867 7518 80374 38757 58998 22715 2171 98798 11769 59779 50403 63729 75201 44049 71358
3730 10
53438 71144 68549 12766 87049 77932 40837 86078 69943 54628
6772 13
95671 19919 86445 24112 75938 62509 23500 45113 88834 90050 95512 46842 68161
416 17
27052 96196 71411 80870 58698 61397 57140 78548 10280 82929 19674 84065 97542 348 1508 34561 85782
8795 17
47816 36151 89427 30617 31898 51607 7588 75616 72714 7515 35653 81608 33606 24629 34827 20115 19282
8109 12
66840 10811 75268 5407 34450 42969 31540 23360 42782 59017 36052 52339
2786 13
15562 29626 88803 99560 10714 7537 53376 38790 72419 55427 25368 27246 34993
5023 18
71227 57179 42712 75447 66078 8667 54788 85676 13803 72850 31201 82184 73933 50887 5825 90649 87136 44869
3548 11
40089 7620 43615 85798 98495 18494 15037 49240 69461 72581 62046
1659 14
6279 53843 75181 66551 60276 19804 50300 56181 17025 42808 55938 76475 35568 43695
6441 16
69323 30909 78139 89384 5683 2647 32392 48752 68267 9868 88836 85948 74361 34475 25434 72742
3794 10
61049 77809 73939 2033 59590 20429 67482 64506 90603 9590
2942 14
98932 81564 73004 90045 69898 19722 39100 23015 82493 25245 86813 6497 54930 5417
3091 14
24479 90370 33403 33875 78266 8607 29249 64373 30466 11278 50612 37800 86977 57247
9486 17
77993 25214 29781 88324 29916 88042 144 96171 85828 42294 1142 3667 13021 47863 25217 50136 81616
4439 18
6785 40174 54368 72389 91600 10386 75771 75100 20796 39744 13903 11204 24579 65954 42593 99588 30114 9881
1195 13
9331 14934 67451 34 58034 12925 16525 81708 60713 65784 61163 99673 79555
906 11
60103 51287 44052 11604 24241 36627 87150 2770 75208 73612 46263
9367 15
49908 90301 10106 32324 43507 82428 36361 49525 23025 31744 69960 94991 55924 65640 19891
1789 12
69302 77689 77289 39740 20399 97752 84132 88868 30775 79708 20616 13792
9855 20
60258 74200 83257 45533 55738 34698 84226 89198 14014 94033 64392 21342 79077 31629 2999 56073 18568 51479 24583 69233
8260 13
8391 43255 81941 63560 47005 35133 92119 2337 83122 75316 3518 59725 87805
661 20
48941 87312 32402 83190 46618 77606 50977 25973 15297 26557 49350 31489 55860 41272 44823 15973 86001 9112 5110 66405
7175 12
66907 75263 28784 39305 23413 28230 17709 96386 68888 4082 14897 55577
2312 16
13823 98469 91794 81542 59775 68329 28085 36522 85350 71048 13730 49408 57537 96364 94581 52696
9100 15
40503 79050 41747 67500 72373 1905 11852 53450 58793 26345 14179 24333 48829 6610 28665
462 16
11995 88288 65678 36094 36722 92412 96865 12322 82077 31505 72407 29109 84319 76817 73681 45164
4138 19
7028 92204 45568 17444 74424 68663 55497 97831 57207 16048 41421 45495 34073 96595 37046 67693 59332 57000 6958
7358 19
8226 41726 81897 46729 65508 65619 36550 63957 45114 59605 34271 81543 47834 46203 30585 67570 34122 51487 88944
6953 16
4460 44169 71259 13413 40597 2391 45821 54548 6931 67642 46259 29728 66523 84887 52169 46501
2144 12
7776 62673 39234 65933 40437 18220 2623 37470 36485 59023 83373 8888
1342 12
57895 74766 19315 46270 67961 86196 6330 14075 88043 56297 34616 63941
2652 17
63502 48851 9734 65446 65701 65834 15734 46407 67212 89908 63606 81516 91425 44178 31093 76209 22805
1642 12
60376 28992 27676 39035 40340 3529 44640 60189 90029 33251 32091 80174
9053 16
40703 71014 5886 1638 87880 16455 62941 99762 85879 60614 5280 47051 76721 89802 55265 22199
8226 17
55921 97687 63151 39877 1389 80110 32452 94548 39729 67199 23282 89734 64000 62583 32778 42020 1636
2939 19
15294 83578 71221 60020 34818 48044 49061 44832 86735 92297 94255 58811 21792 20079 38351 45175 11719 82135 43139
2469 9
60170 1645 27590 87765 57522 9735 44522 67973 87022
4112 17
572 27645 65305 35584 7423 49884 67144 30218 88453 95395 72854 20577 8516 8967 68058 46917 13957
5810 13
78145 7993 28584 21603 78493 86804 63360 61998 92677 51085 74309 74884 81225
3631 12
66266 86143 59251 30548 40965 90539 34949 12851 11774 22869 64207 67343
8285 13
57228 15191 77979 45320 34260 72167 80043 3807 13554 21592 93030 96181 51240
6783 13
79679 38845 16383 95095 33737 2324 57165 44717 67583 48392 51427 16770 82698
8050 16
68239 93694 18693 42059 37194 39647 50751 70363 63540 12728 813 24179 36105 63265 3975 78373
1349 19
28366 22375 94002 45850 11511 19353 74174 82237 75381 17539 56202 42110 32056 50069 8164 86640 63894 44508 75694
6386 10
11094 19711 2109 49757 67054 59511 71764 17594 22813 9874
8283 17
21288 75797 34666 69572 52552 81890 94482 96375 29584 93762 84177 91275 77395 778 93624 75951 13885
7511 14
16503 31358 7833 33910 61640 75046 76480 59683 60278 56141 8434 86698 71537 77109
7709 18
99195 24499 69407 9816 71892 58854 6194 78733 23021 56021 67654 91415 53259 88615 70512 80735 37972 17174
4592 16
22756 11984 50130 2737 67041 94241 7033 56565 66520 32609 62166 73461 71248 22769 99838 128
1229 14
79616 90096 42863 89893 69387 11794 11142 52749 50904 8896 76472 60936 79141 63469
141 9
61373 52135 42032 33554 84401 11061 1616 27534 21027
4589 17
15019 60847 25544 63137 69690 7474 16290 96657 57543 85547 13094 68905 21652 37167 42443 35659 65364
5569 13
64850 34230 84254 59384 3796 62797 42224 9565 17805 83966 1429 54440 49204
3148 14
36813 23400 48541 32967 20102 41864 87563 95340 21022 87166 23660 47631 71769 63389
3245 13
16918 34803 16529 13640 17762 59501 25424 44312 92454 53768 23154 38197 12848
7555 11
80645 59433 9913 34991 98853 49271 33388 28735 93960 62262 31057
1737 18
11483 75184 75599 7055 24216 38352 41108 1912 35667 75169 18610 63090 10209 39513 96574 74518 28258 7610
5263 17
73291 34601 15260 64389 38744 35600 83457 36344 21385 805 41725 37405 63602 32725 78398 27573 90365
7630 15
2334 70287 37838 23548 58172 82939 86198 64382 60555 92006 1471 79061 20506 7311 47513
2994 16
30713 8702 63097 79064 92299 18592 89280 10665 42543 28101 50273 61227 1889 95636 43842 48952
7494 12
623 10857 41288 10663 79302 90878 36353 70468 51017 76735 4463 85508
2977 13
55942 3911 26975 15505 5806 59016 22277 93384 51874 12353 17198 1255 2309
6338 18
99700 12190 60792 87196 95615 14542 90076 24605 84191 50679 68607 73241 28228 45550 97460 85867 3993 87956
9948 13
4624 24599 90758 23869 74943 15301 10231 7578 78907 83858 60007 44866 55894
3202 12
40153 53811 77943 85328 40329 14449 78302 62991 91975 34677 33477 22439
2919 18
66105 2194 92778 54171 36953 45296 26334 37464 81202 22402 832 36354 22673 86866 41339 35907 43217 43173
6636 15
42641 997 71874 5454 54092 97223 34089 1816 60066 95361 75695 47875 47982 88953 32592
6979 19
89839 41474 32591 40294 57859 71799 71246 93347 41412 21211 30325 25493 15498 8991 43631 3425 18600 22906 76206
4924 18
92541 59614 93078 48782 56151 13354 87012 66749 44645 21951 44115 66609 99110 59889 33792 71417 66797 6532
2737 18
1780 35484 13839 78710 64827 77444 43703 40330 3905 46156 80130 33748 31512 9560 3325 25708 87118 78758
1348 16
19371 53262 13098 39422 90465 58518 6111 27379 41574 10838 56091 90943 73329 9142 55706 81953
2097 16
71974 13950 4479 36914 56512 59220 99396 58614 95184 70408 55915 30639 19472 72902 35119 84576
9460 13
2404 22338 72555 66906 87693 87181 10043 94677 3868 19632 60724 27752 43007
1967 13
43927 40905 58156 8369 33135 86026 92869 43534 5236 44470 26335 73638 40595
6342 19
92024 40639 83420 56610 14438 78035 17891 21926 72245 32670 7859 54197 66637 69395 9810 92418 82294 55491 15146
2457 10
73007 58821 8334 24780 36205 77001 23508 55480 91283 36987
973 14
91042 56535 18062 83999 67173 94639 50798 92793 46139 6862 60779 92156 34780 64268
9061 9
97758 6623 14719 47228 34454 40717 6237 97493 36314
6760 18
58782 18940 39307 55649 84077 77028 92406 62767 98616 10514 85057 950 1126 76560 44692 65570 55458 52244
3993 15
47019 56292 58199 92861 21837 89549 63237 57768 4313 22861 80554 60365 50285 90129 43520
350 11
16689 4757 28363 2565 10810 43238 77936 8204 39345 55647 34408
2904 10
19713 55723 27446 60058 54135 43181 31835 94923 42921 91335
9610 16
26024 15889 72458 10310 80133 73708 51124 99410 59639 7226 82028 46899 81281 94445 8256 61799
5219 15
22188 22397 30980 48243 90846 11650 65749 94762 15058 27426 2318 89641 50308 86054 68110
4645 12
23371 14428 95329 63969 87740 35526 98861 8274 43472 4785 81895 29448
5912 16
58401 15943 77245 7871 88435 63121 99381 14229 56772 17694 36075 35156 13665 55233 96622 4145
7956 16
23650 83790 34990 86621 25103 2365 19498 11082 59305 43098 99270 76310 39793 8361 89710 91358
8505 19
51950 91543 75626 82264 70781 63958 99498 40259 80284 10869 86182 35399 62215 4848 44883 68405 68816 53693 64527
1777 13
18594 13881 96529 65113 45429 12658 77184 12267 93435 89216 43822 45486 90073
7075 17
26973 99835 92121 86304 37195 2387 66289 27107 91201 71055 29624 88983 17920 52111 92755 69741 753
6054 9
4824 58795 69265 4114 19734 63110 15284 52082 61539
220 18
80199 58268 37332 69313 53737 15813 42679 16920 19587 51537 17440 92984 90127 48577 79410 27476 33342 18369
2426 16
62386 46011 29891 79815 47956 20121 83455 80268 32695 26876 57164 41980 15831 51424 36818 6297
4637 19
63609 28299 26142 46712 95262 16353 59528 50684 78679 72198 48895 36055 96659 67409 54237 89342 58115 89102 20123
2394 18
47576 34607 94214 96142 36757 83514 1998 63799 25967 43263 95029 73569 6758 20575 12871 36193 9796 29201
526 13
87714 67485 29292 2504 33586 98157 9200 69570 54307 62761 16735 33981 1491
9316 15
5807 70147 99852 47309 82906 37623 47249 75727 83085 33100 78016 42636 19434 85069 23358
5853 17
45690 74745 69503 15189 86337 95766 35992 74376 46472 40237 98161 7334 52055 26098 78738 71022 51319
9218 11
71906 23172 41448 8590 70639 27311 24201 68963 35538 89612 50339
9027 13
80014 57018 65839 672 33279 66363 7339 7881 32154 87363 58873 65327 16771
3981 14
34633 47001 29189 15513 11556 21890 16378 53195 24824 8408 29157 4900 51948 28564
5510 14
66083 80974 15448 35068 45455 23029 61620 49426 63147 67104 69642 78494 77436 64469
3907 10
14146 45631 92245 99279 42943 34950 58981 27219 33825 39237
7445 10
54006 15917 34472 19351 80365 80625 85554 84320 15716 33977
6213 17
63457 77424 10865 13393 29136 94635 72552 46054 82724 63817 51875 9811 29045 95472 58212 40932 82901
9097 16
9902 9544 68480 96626 79677 98423 66826 95707 3683 69480 94747 3785 16676 70185 19818 85560
8518 12
85977 38231 56852 92374 97852 41806 36836 11461 22438 97315 1534 48724
7285 12
40018 63576 89313 26738 11089 73564 5389 69891 83724 81492 65547 24772
7010 13
3374 50049 76342 73618 32844 36326 84419 76992 6527 88013 33506 7866 9494
2504 15
449 22770 34013 53082 33155 70525 86931 83227 56410 7223 95592 370 67989 48916 24035
322 13
37233 86071 22915 26229 52127 65870 72500 6746 11553 24630 98762 96607 47789
1356 19
83283 52190 15920 73445 49706 77787 89796 40507 61543 74453 1718 98328 70779 66975 63860 57786 7850 74656 13975
561 17
96955 95256 53763 74585 62468 97761 8806 97800 8987 99897 85188 81332 72772 51002 51720 25871 58923
6253 18
51545 43682 10342 66108 98355 77863 34810 71436 51490 43797 83025 25956 9713 56995 98882 51496 1822 96307
4709 15
47659 2950 48454 95146 2618 5092 99015 23260 21958 22896 56521 83375 32335 17018 99818
3967 15
45867 5029 98150 3934 81836 65345 82439 78523 89256 37267 58643 16002 78743 37839 9551
156 11
13469 15885 65197 1251 54977 73296 20438 46885 42859 47307 36043
8314 12
56962 8642 63791 26183 3608 2974 49592 15104 41770 68776 41045 13404
2868 16
97267 93229 13782 28241 26426 62894 50956 82584 77889 13959 58064 64559 74618 68021 16062 97707
9833 11
74638 74124 14706 60218 13060 63306 4580 29207 69354 33929 42595
5851 20
8445 79965 3982 23556 21720 87530 56563 30381 12513 17291 95728 45502 85653 3163 21555 35601 99002 21719 50129 16980
2510 11
20151 88952 51299 90510 94567 68356 58544 39652 58393 19813 70989
8178 9
9401 81080 40436 45833 4923 53621 50605 50677 96730
8449 13
14558 20646 45138 28274 80146 8130 1067 63841 79160 6551 88496 150 18333
7179 18
58721 36250 2258 68807 46987 41750 35544 38619 22200 37668 45570 53577 47013 95940 22705 64217 59713 41291
8056 13
31110 63827 35890 3561 75487 45770 24457 19817 87430 34361 17128 96476 28167
7786 17
17896 28405 35502 53760 38905 39415 79747 49193 95619 54098 25158 1248 58615 76788 98713 41312 30416
1201 20
78818 16196 58677 48464 28933 91106 33588 99331 63192 4850 34078 8851 93111 8585 6471 84256 26759 66837 33482 99899
4614 13
4248 59414 38614 92694 6797 80231 11040 96201 44479 89416 90052 32798 76366
2848 14
31963 69102 58578 43702 98293 94845 33192 77165 28308 28054 65442 74347 83820 50366
7308 14
10896 21713 75913 48460 67249 11678 56598 78871 24598 38808 97823 29482 31752 40867
4194 13
40861 16943 13128 73906 53815 56177 77193 66263 54420 21300 23520 7184 19288
6493 10
18975 82563 75107 88148 56683 17080 80393 92547 95151 24233
7407 15
71967 84012 99915 65910 88573 17054 56070 58136 75113 18397 5091 72956 90246 46170 41471
1617 15
77589 93865 59984 29324 3912 28758 2333 90550 29606 91605 26184 19774 91056 47934 70432
6006 13
70357 1566 60527 44847 24682 82593 47446 84040 80012 86144 22513 91153 8714
4979 14
55331 34099 5945 52596 9990 18678 82888 57151 68539 69293 17766 52458 98510 37300
9423 13
36085 22882 45286 49658 90895 87100 54992 5340 29518 73513 36838 23440 12736
667 13
6535 49708 28636 42870 65505 84084 1529 37390 76211 6328 4430 42355 85898
4847 12
86820 85766 16173 15764 39814 43770 18218 28196 2851 78893 49101 81475
4704 10
88817 45187 66137 47679 26048 79826 96939 11965 46492 14343
7025 10
10805 52644 5509 19809 18708 19506 81812 98482 33186 52788
2738 10
60345 90672 99070 51020 79375 85669 11467 29926 80013 87867
4892 14
11386 41906 67902 67747 84002 27342 91660 53588 42322 99600 92278 62575 23298 50779
751 16
51453 15151 91075 275 29854 5449 33695 18471 15535 59538 74094 70627 59492 94239 41058 15713
7201 19
75421 1870 46664 33173 97303 98275 95419 7886 71207 2668 71365 81726 17893 5891 54759 23777 22662 76802 38846
4277 16
1840 87780 43436 34590 50526 21120 59812 76239 41002 93834 43504 46843 76576 99806 88908 15890
2901 19
21422 6452 19814 20707 25691 32616 55482 94766 67673 12040 88634 58807 13741 34002 32970 85111 16397 71126 55760
7038 15
61179 99644 64379 87874 80352 22970 34793 74706 3068 11272 45102 70019 43484 16268 19777
2044 20
29958 39554 69029 71861 27066 89068 25945 63471 64546 92294 79761 7230 69976 59429 90947 34336 2766 73699 63723 84863
7261 11
80930 42784 11531 9894 56593 65000 44155 88509 78525 1049 69987
8124 17
24203 92010 91445 60124 17381 43674 16017 73964 63901 96909 47515 64953 77569 74777 9262 69653 93906
4563 15
4685 90525 60440 77153 89260 9803 34839 77888 72835 57610 13028 33076 98262 23443 50753
2110 13
24868 61289 1347 39568 34012 21009 33033 89707 86964 76856 26358 51188 91268
8792 10
20600 70303 38764 70023 54232 54239 6357 22102 89532 19539
9489 14
45503 18137 69838 38547 19784 30649 91694 45883 92402 1669 4490 88497 29598 56940
8409 15
82810 70955 19868 16772 56398 10599 64630 30021 69191 38887 98392 38604 65606 59291 86197
9540 10
64100 76067 69550 40796 22506 34381 15348 3354 15073 99580
6115 19
63877 83165 74708 46716 63246 1292 68866 8724 77082 28690 31377 25374 87223 30659 20120 15175 37543 61183 7852
4496 12
65932 51627 92646 61278 53580 54582 15628 93963 95947 86869 2210 94856
6915 11
65488 39955 36036 74797 94434 5398 42644 29988 85197 71522 85422
2541 16
96147 57554 79040 25662 73929 12444 32094 41831 12038 98796 43459 29965 19302 59039 14967 5197
7104 18
6640 86511 88759 92978 52594 14464 11303 87687 54403 2984 50761 80549 31313 13281 61556 72320 71194 26014
8648 15
33752 80463 5890 5663 61228 31855 85459 81295 22446 92903 41666 55376 40446 25704 15391
3342 11
72979 65979 39507 52081 84123 4931 49654 44990 9122 9498 96178
3246 16
85337 56250 92785 65762 60922 65952 17430 89760 16692 78963 47320 87941 57524 76156 64095 29981
2200 11
65165 88829 99833 71186 85916 15714 48075 57766 20587 46567 98647
7731 18
74564 70586 71930 54980 31608 22107 6507 32855 36559 30295 4279 72130 52336 19993 53230 3217 89097 63158
5097 15
99934 78906 44628 77137 61972 71511 79915 1141 93115 96530 22486 60295 20396 95489 68596
5311 18
88308 47594 27 73422 85283 52285 82953 37385 75001 71301 41168 81510 56186 66267 5980 26765 40337 31674
3720 15
39381 46806 19264 60814 32015 63846 94835 35343 11291 84943 31747 47043 85826 73304 41114
1668 19
80410 44718 9362 36335 24030 55783 58743 88494 67446 45921 46296 40392 71723 97548 21420 77215 17657 54122 77181
1984 9
41551 29613 12902 33464 33105 92038 32744 60456 80178
4386 20
55589 76411 81146 63486 27770 25605 55159 51559 8144 74910 53983 20278 58984 1441 41768 41057 51286 70149 2757 50686
2017 17
20243 5622 94563 97604 74179 75426 76967 3036 29367 17264 23740 62087 67785 57327 59125 8443 14595
1868 13
26663 11514 31924 62025 61130 16181 68996 57376 50201 96293 57160 23550 7898
7841 19
53855 51679 13603 47100 18316 24318 59880 91832 29602 29245 38953 73346 48987 34294 17413 32406 72893 40280 92195
414 19
58203 57632 134 4391 35170 30257 13209 3857 11876 12491 43849 47195 82540 55000 67594 72431 78367 75477 61099
9960 11
54985 19578 87648 72481 10159 62212 81485 72726 6102 51956 64334
6960 14
6247 71899 54459 19748 10844 72698 99689 50433 14405 67911 82588 69862 36781 61486
4284 18
20698 72299 37144 79590 23103 39219 74488 33387 94524 79501 99442 4492 84059 55489 91306 76024 95026 40266
4717 18
56201 65413 2654 29078 36568 51880 86264 68665 67252 43891 61195 61563 81351 28190 26828 49956 12998 79767
693 14
30884 79029 18233 77061 24973 66704 66038 32671 38587 84908 98204 39490 52967 70660
1476 17
47921 36162 67602 57158 72019 80283 96318 81097 86219 75901 67690 71712 97603 1961 97715 19419 62389
5857 15
6504 40680 22716 72811 85184 94779 99699 7444 67607 86694 44471 65193 25390 76320 32808
3483 19
90279 42098 11010 87119 51336 82304 72828 94901 909 87024 94004 37523 30642 18848 91934 88637 38455 69536 1098
3854 18
2245 69562 55034 6534 36681 23466 80787 84046 23882 76913 94929 20817 92790 32246 28893 28622 27739 34562
4893 12
28005 30989 75560 30105 93129 56984 77511 45773 96674 37160 4774 29853
5388 10
2510 31625 29262 22454 56049 48235 16596 47577 68884 6239
2075 18
24782 49072 84055 68423 92693 1448 18433 18122 39879 70852 86288 50393 41424 99139 69430 39111 4859 38228
4506 14
46480 38358 68459 32001 63107 98349 69560 48250 39993 93152 7121 5368 88297 9268
6916 12
11809 72127 99970 50484 73880 52775 69602 41285 30454 70456 28824 1234
5184 9
52462 81290 84137 86390 20590 64904 16570 50275 49202
7937 19
32944 58431 7517 48614 78805 4329 81827 13847 48712 50105 34861 92731 97092 79984 74379 3015 12807 12068 62239
5360 18
33065 91915 18325 82605 56937 43051 56856 69020 20246 20416 31018 55642 66546 76585 22487 73095 1845 59857
4154 13
2105 3619 50924 26091 32941 51548 816 66068 1117 59035 63752 35994 89968
1996 12
30382 63868 73587 26562 15683 24317 69113 33775 67027 34632 40074 83088
69 13
61389 68154 51531 84681 86023 24952 65739 92147 5808 11810 61912 52387 35067
4319 12
92950 88250 64662 24612 49885 83203 61789 67521 5288 28815 31577 7365
7344 16
77416 66432 90169 12714 8712 77088 22816 26817 10626 61206 3380 91488 46076 36586 81481 65945
3025 14
89152 795 16177 78860 23992 75910 13068 78581 12837 25569 2813 33754 62511 14804
3991 18
13418 76039 74394 60091 84748 965 19820 53412 90156 47613 18276 14943 89303 14661 49440 63001 46311 59533
5805 12
750 60441 10948 44922 26733 42579 11382 89107 38167 17515 42416 17082
7914 14
57089 74671 81934 97637 1456 96940 44292 66882 49133 46977 74167 16138 59744 21151
3586 13
57227 71835 69041 69328 44102 40780 7837 5869 43105 15365 86665 74127 66498
1970 11
30317 80411 49785 13325 60718 92429 35806 71777 60864 22341 17137
5390 18
1629 91957 41659 46059 96555 76674 98409 37734 9937 80485 5053 65140 61675 83944 32506 75021 41223 41258
2976 10
57087 71809 78019 67248 96358 90825 69552 74210 92701 38303
7963 11
9705 79522 74147 66573 28370 74649 89191 61205 25831 49736 63912
7839 19
53652 80364 56161 24635 33866 99122 60653 74508 26812 94038 16484 25222 33645 66130 4628 13704 25682 99997 67734
5789 17
54566 87405 50132 13429 62416 347 78124 30447 69491 15119 16737 31614 89758 61402 34964 5401 97026
3876 15
61517 83254 30773 39365 82329 39322 60734 96222 80512 61376 74294 41615 32338 68830 35264
5687 15
80350 56915 24711 77519 93903 11163 16767 99532 26971 12006 1309 71188 20019 40386 82885
6387 12
85082 78762 65040 98934 96352 36080 96160 47331 16104 15951 29687 24505
5532 15
77124 9624 75618 36759 45150 76154 64219 20449 84803 81458 4594 70554 56444 8841 99553
4618 15
5242 12430 78103 62124 44069 49356 18713 73190 39285 56330 63734 86718 97876 99623 95468
2138 11
5474 20154 37049 4045 49068 59919 76670 1663 43595 15015 25805
8628 14
92518 10086 58598 90841 31738 19720 47784 78777 44180 72673 70325 25297 63623 15373
3277 18
23432 19826 67204 68496 60395 39549 39314 30216 39191 18635 96648 94314 4816 32672 13431 18984 15674 29145
1873 13
92516 81407 29783 83314 96876 14302 21409 91002 34416 83188 75354 89584 87217
7078 17
33797 18627 83541 64421 29359 2187 26141 51012 73397 74044 43578 94088 37913 13571 61642 64525 65959
9315 10
13578 57019 96890 45363 66798 2485 915 6 85557 32713
2339 17
95783 84827 69216 65811 86162 55998 93801 48621 82212 88562 13989 73062 98479 16402 31604 63521 676
9096 12
22767 38478 95825 41134 37455 83646 37806 56082 30748 85824 91376 35543
9108 14
67184 69876 97664 3767 2947 44442 42463 87785 10878 5784 14044 85237 45545 21047
5555 16
43114 41617 26780 15588 5128 48511 40617 72557 77368 44824 52666 43089 53231 21604 3773 88406
5345 18
860 89116 15602 94530 98257 32964 24450 62392 72349 11138 17624 31374 36536 95436 90912 13629 30131 56301
6976 19
81336 89056 92586 97336 11231 2163 56081 92699 97119 69510 89120 74902 32712 66507 34239 26150 80822 64849 33516
6751 11
92329 82752 53100 53945 6353 9499 3186 84948 97696 57764 46146
9985 18
86708 18118 352 81477 35989 4521 95315 81469 46976 43277 39791 57997 13262 94829 27065 44342 31641 71651
4803 13
38697 93237 88996 10540 25838 42472 64724 82890 31486 4008 88501 81947 54173
9160 10
31683 3972 4618 73769 32719 89403 86929 96777 8302 97387
6603 14
97381 72164 55519 4878 52475 78897 14793 33966 32980 33322 63190 91856 29803 59514
6698 19
52944 76220 48694 89391 78589 29418 14519 16542 70031 61763 48976 48503 90165 20552 78901 78305 78708 49808 57357
7582 19
37525 88057 33158 82778 1809 91952 74381 20934 48702 16226 47879 84906 57028 62470 21340 29878 47593 69696 77684
820 17
17999 52153 81969 83119 30251 60338 8452 54419 97361 27479 82097 26664 9376 44633 86250 44370 66360
3999 14
97302 56661 65489 13657 77440 48817 87352 3733 68419 12382 98584 34483 51204 22678
9616 10
86840 17570 99815 1364 75156 7556 16417 41559 78190 26504
3550 14
36462 62814 67059 38174 48062 59389 60417 30761 44797 74796 25997 9428 61815 77749
7096 11
14081 74848 51471 7263 56709 98137 59961 70558 21657 37822 11788
9203 12
24592 81842 27088 71731 83264 8470 38458 6905 8113 67814 91060 87616
8624 8
16149 95528 43169 3347 93028 13968 61292 26914
1432 15
44014 43667 71266 696 74840 39239 92158 63003 84417 35888 4996 39998 26297 67751 1554
7293 14
12574 14667 70986 49312 39981 51647 3704 36429 78972 14763 57054 73884 13465 44087
2440 12
36019 32503 17250 95621 29022 52280 48961 273 51054 38466 44569 95859
7658 12
8891 20970 40645 25826 48988 16453 55638 62112 25900 47815 31242 82620
2890 11
60955 55383 53382 58072 64427 8520 58129 58257 87869 4120 59460
1029 10
2582 19794 64097 79024 7468 15258 90196 25966 52505 55391
5635 17
71504 43377 86870 54205 61221 25642 60210 72732 32143 57236 21248 13394 85062 37473 76916 50090 23086
3726 13
25619 60925 84645 4363 64035 32226 36631 28561 19778 28990 85115 64529 98339
29 18
93750 80532 77682 66311 68449 12708 33042 69361 80009 55674 33336 68691 77350 99675 97733 50056 23600 69534
7645 15
54916 5565 16202 10327 80297 74489 11713 51951 98631 91775 7549 33181 49720 38206 28757
1515 14
74559 61927 54137 42788 64359 25660 35100 77174 81455 86824 82275 17660 36317 3235
6025 16
15234 6027 69963 10318 83520 30227 22909 95640 55115 73040 7756 60996 79770 57798 32999 22120
4278 15
72711 1017 60842 89993 71948 25418 25988 86558 71572 67135 84134 4872 20348 54399 95136
4556 17
32157 40510 57800 36222 87866 37414 43049 15115 45034 972 64985 74165 54089 33926 76785 91644 64604
5357 15
30926 28226 86311 61566 49688 23666 61616 69433 2897 29070 41159 14299 41964 15395 86499
7575 16
67566 43509 79454 43121 81317 53525 60496 80057 14517 96630 31529 11851 99998 56723 57733 66420
9095 14
75822 3621 72812 18313 37934 86290 12473 93109 49484 14246 17192 86613 92928 20395
8989 19
6476 38628 85112 4882 50402 77555 82394 9571 51990 88693 67915 7459 81799 43675 36103 90827 36422 79068 71547
829 10
55346 64598 2020 87347 79013 57872 84083 71741 11202 26965
4084 12
43610 22613 28414 80992 63578 68634 684 28011 7800 37389 41848 47224
1973 15
28670 94800 27527 50348 37676 81346 96683 14394 94537 28074 24433 68673 65534 5102 55929
1978 12
39689 25345 65957 38207 98454 26571 46371 98923 92074 76064 37793 14277
490 12
88188 10519 60348 30696 39605 97000 5411 44257 737 53040 24207 104
9564 16
39193 32607 38194 65091 4400 3879 47827 70424 56167 77329 94564 87438 92259 89514 36491 69604
2250 14
38008 10297 87671 68845 14779 46943 19243 52198 54812 3417 3737 95542 84817 70257
7143 13
45165 61091 34953 71568 81037 20580 33208 90787 82181 55892 4712 46194 35678
9761 10
91084 54689 97918 97684 74259 28058 91986 61586 3750 55044
8098 11
20487 52912 86941 35499 83543 6241 32178 48510 45918 7982 98316
5558 17
81428 23092 84504 85980 52752 80896 57283 98107 43492 55631 73892 25135 79856 489 13453 69716 8906
5933 10
95523 56989 57640 52059 80946 73147 7410 98996 33213 67783
8677 19
59762 61954 69066 98603 36527 63444 84362 95939 27075 87787 86212 5765 75934 11813 57476 65537 70719 55736 54100
4535 18
77091 28322 69520 66425 25667 36600 7516 58582 4879 96236 81877 60973 23752 57008 17603 59703 30949 28816
787 15
93804 28454 28770 56648 68117 26830 58404 22951 18196 14260 39007 87547 65673 28862 44816
3707 15
94335 59239 77984 32128 26731 766 36584 73730 10101 15299 22587 20909 69122 38976 57803
2881 11
13893 25536 80716 96993 5967 17468 76033 43130 90360 92110 20498
4101 12
2013 840 65631 92118 16166 39838 8983 65510 30611 37650 97993 58277
7363 9
40816 91931 47600 15437 30267 41293 16559 2912 80638
2819 14
53398 37738 73219 94870 3543 84131 84230 70051 11173 30728 37410 66875 43177 43189
2548 18
32726 86711 57484 28728 32195 13294 33891 47803 86674 45656 74100 75343 94111 84796 4499 79523 27691 52917
1024 11
32114 24268 22368 4972 52032 38759 61721 82442 58408 68426 20277
9573 9
73438 79675 59834 45212 2480 23543 45598 69101 4039
6109 10
19931 1178 71786 93430 25854 12003 61318 39924 89884 30948
2252 18
94128 20491 48674 68416 43402 5275 98399 61904 98116 45813 45591 37181 66032 14864 12246 28909 54837 75086
4251 10
46481 95377 16994 15036 80598 7613 49793 41937 60970 93029
7611 11
53390 47914 18521 77532 38709 31248 30601 72767 71784 11570 56217
1307 15
46815 23465 72959 33850 60016 52535 77218 75297 37105 24787 54991 76167 82495 30185 86902
6235 18
54675 98310 89751 51514 33564 21213 14188 27975 20599 23126 10813 67868 16201 74048 89434 85956 44347 43368
3742 19
22010 98741 34927 57230 19787 93305 38617 40542 24138 39609 38515 12235 70768 90056 27890 10046 45008 53473 43408
8893 9
66601 1543 83218 53488 38000 90842 40824 94973 3751
6900 13
70957 61143 95188 26881 40778 31425 33507 30226 17678 49873 65779 56122 84837
9081 15
8893 82682 3001 1161 31591 86117 34619 93266 71966 55774 27930 51304 56624 36605 37630
3868 16
88866 35657 15235 78867 15483 8246 20585 93556 71860 77797 48204 36551 14853 79373 45565 38492
1246 12
30500 51374 25166 98774 54425 80211 20097 93683 11177 80527 90353 4487
61 14
26401 83635 10448 30734 22628 26630 270 91850 91434 4280 81777 99911 74641 38128
458 15
48823 30142 15900 31129 56783 97306 52949 43977 80536 16259 11323 50016 28423 45076 62355
5397 16
53613 46379 25888 53554 78555 3816 98963 53189 54150 71639 27789 5699 77282 94475 15078 73351
7995 14
76518 7514 78404 25285 19974 95027 30852 72285 47295 5768 64041 55364 74621 96627
2276 15
16594 88880 49600 40974 53887 39529 60061 28198 83080 75298 80809 50057 59168 43859 22235
8180 12
61325 28946 41992 78188 54818 52039 9612 2533 75155 65147 50585 98201
4037 15
14868 98773 10238 57868 36940 47427 81436 84441 54646 25943 37484 15345 90516 79528 56820
7349 12
59041 85279 79362 33490 16892 31597 32445 80668 74246 84314 79401 17422
7243 16
30369 27950 76394 57434 83823 91025 50394 60513 77263 24818 43122 36003 42008 92712 41457 50324
9872 11
46559 42558 51849 47501 85527 91580 4537 60493 32420 86685 56111
7120 12
92811 52987 81466 78578 55580 49243 86758 84236 98211 19466 32987 46518
6893 16
86137 22644 4230 75829 25011 6665 22537 47187 80059 96605 47292 69038 95392 84211 80312 95732
7875 9
1899 66772 94447 42940 9257 19248 31130 57116 27280
2137 19
70379 37854 56949 23621 64790 14704 4572 44632 36726 75376 26245 46404 93795 56775 24477 75016 88626 23019 70737
3919 11
90734 1184 21917 40245 66590 94347 4461 89941 15819 56056 69802
8831 11
8173 935 21173 92109 73255 83003 9652 90428 8156 60767 28394
7624 11
36908 74820 49741 45974 48802 40917 27731 67049 6321 90492 660
2244 10
81910 2579 41287 52907 67510 1072 86802 13962 64479 30155
6966 11
5047 31074 38473 94353 15390 19073 60597 16670 60828 910 90600
9103 10
40936 63709 94900 98080 49435 46179 51298 38012 12231 59467
1397 18
17529 14265 45733 50055 83582 56640 1422 62582 13136 29597 11232 73566 80506 18788 92248 95221 66665 36689
4631 18
80045 80217 9577 43970 49982 98260 49649 66446 52408 56132 15196 40434 85608 80023 74390 6866 12505 63708
1989 13
61260 79182 39893 85142 89037 24761 80644 60870 97175 51836 64154 53033 70849
3229 15
99601 45433 43290 25510 14939 60149 43248 45081 10429 35511 9100 76434 96380 65445 74019
6517 13
94997 68098 54157 30237 48405 15326 21435 96553 69713 56846 99325 82125 47637
6885 14
19537 17732 85859 63259 5015 92336 6488 82690 55405 57256 37539 6480 66579 69466
1711 9
77518 15318 22263 27128 86544 87749 45685 15797 67380
7438 20
92491 76815 43162 1137 35463 42865 51686 50938 85581 86426 68645 50115 74677 29776 82920 7093 59314 89848 39760 60101
8211 13
91735 93585 30378 85379 38720 66058 38438 17390 81279 24150 12421 15603 89942
6623 17
31681 42512 49504 89744 26996 16614 96838 31814 60235 25918 2008 2855 70799 33766 27997 4384 46320
7493 17
26660 83598 79072 99864 87541 90060 85267 52915 63839 85796 48977 93534 50461 2100 78279 90439 7072
8644 15
35464 89846 73627 76680 22724 51062 68386 89898 23452 34877 87213 26767 53074 34444 30861
6957 14
41944 72670 69907 32686 23121 89883 94880 8280 35443 97950 4446 93239 16211 51669
3318 12
76786 43084 69979 1598 61006 58059 15194 32281 94732 45513 22250 80271
7881 11
30489 8436 94115 69356 47235 30549 40758 27882 50018 95013 29647
9548 12
5328 33079 12593 79741 42365 49282 76966 2920 87321 90100 50610 65341
3525 18
60690 22992 53202 39839 33222 88124 26248 28338 90138 9648 72796 5122 89782 54655 97816 80204 11729 99793
7801 12
92511 74929 34242 64579 8998 53143 52343 42360 9805 66911 64401 67131
6588 18
60125 88210 75995 48982 50826 49067 50809 7618 42352 66794 98341 1988 82960 38766 2159 75758 37636 36766
2943 19
89074 42824 10040 34734 14627 36728 35038 19155 56395 38998 11954 4916 61497 68429 56722 68857 48077 8051 90985
7737 15
32276 83212 14995 95552 91654 76706 46327 17918 77702 12538 99172 73796 42927 62385 13038
9265 9
33298 24823 53397 91487 68331 82736 67953 48707 58858
8848 11
75239 24353 86294 52782 1925 23014 86770 15262 31345 36789 88061
1679 13
51344 28976 19995 68538 25432 90049 91367 6282 57066 96725 89694 72933 20174
1425 11
68541 41816 74273 90989 24556 55771 82434 44715 74693 71125 61665
9294 17
42080 16973 96726 23597 68640 97076 89243 7009 57516 37909 747 37479 48181 54341 87581 33522 57295
2986 12
14964 42996 94600 90172 9746 5536 75541 18884 10776 36128 79125 6110
7007 13
98729 80330 65628 37396 97215 51572 48876 60591 4710 1617 52012 13798 45220
6485 16
76283 21521 11795 11652 97158 49367 26082 99457 32274 85135 67793 86061 81129 95339 11608 67371
1154 19
76263 89411 4517 21593 94666 38244 68390 82830 33886 87964 22384 93107 44725 33249 45281 78403 13341 36558 10939
3877 13
56436 96445 78695 10917 99715 99109 63049 51413 73025 49300 93138 71269 15317
983 11
8149 74032 80601 22963 94891 23431 63719 42650 21861 13684 1403
2567 15
36475 71812 96810 20741 47761 8448 15997 18612 17752 63381 48742 72348 30691 72801 96368
2608 19
17701 94767 70583 49034 37863 80164 11918 79658 63594 86940 54742 36745 34119 56123 36770 99212 54180 46504 54120
1345 8
52360 31986 88362 82341 91428 94509 23559 51800
3698 10
91786 32312 3504 64709 18098 68347 32386 8503 29770 24081
7470 11
84931 30834 25892 47689 89688 60595 58776 24953 99819 97382 14340
6779 17
96152 42236 97360 81514 80698 32041 23458 26920 17379 28854 55496 41851 47812 2282 47364 64426 24773
5890 13
45170 21303 87132 51014 54564 2906 38068 86418 6903 59698 74252 21789 60359
2497 15
65230 17597 10644 80191 81091 90565 30941 41298 89009 2357 95546 66535 33888 86828 11387
7294 17
9222 87816 64804 14773 92094 74403 83381 24763 83796 14520 10973 23108 1412 79261 12787 55349 21556
5966 15
49097 54755 19845 83074 13419 31161 68638 84774 24337 37855 87237 52220 27856 71086 32717
7166 12
43444 35811 20255 99387 98138 86148 74754 49505 34912 59221 58833 60261
180 18
56086 52970 71005 98128 862 79716 3243 20863 72660 75870 84541 97815 53633 57753 65750 31588 35394 54866
3413 10
11789 23259 7166 56065 46956 14911 82597 80404 70750 93981
6212 13
62838 10024 84445 15924 35388 35386 29498 14766 52625 28692 96981 11374 5696
9751 17
30671 97787 77396 94983 86798 40731 68269 36902 6374 78043 81153 15698 12414 92385 68977 67431 16176
1883 17
54108 67858 93686 55701 8527 46341 87448 93831 57105 43476 34850 35036 87919 18921 97496 12144 41480
370 17
94177 63098 12080 99380 66522 48966 18799 21353 32684 68900 4267 96575 29325 46210 72080 60985 32555
3553 10
50288 34662 85269 64438 77845 10148 5665 17902 18201 56077
2161 11
85231 60933 8541 77726 35535 42313 79403 33316 54735 27813 29731
5931 14
49252 96836 99511 9728 40080 44063 27522 96216 25042 49678 65322 45909 33896 17093
7205 8
14711 94841 88876 23637 94683 43391 83334 14607
520 12
24213 81727 63571 13982 61116 41348 19502 13745 90702 22444 34091 110
3719 16
98025 81004 47367 34807 37449 80832 26483 7953 41713 74216 89283 90708 38987 23489 97039 94938
9291 20
61965 53569 90997 18754 49163 67203 31620 98661 55315 21108 85620 77294 70367 28135 26874 18872 43178 28222 6043 66701
7124 17
50099 54052 84187 80820 33815 95164 78852 15534 84791 15911 72194 63152 43774 47497 66112 76659 11559
4038 13
81515 75852 55901 46822 42184 52765 49080 8676 28298 46611 42005 53368 95365
5798 11
93871 42982 96481 41195 23591 99945 44434 48048 5857 58620 17308
3267 16
31347 19951 74437 21116 39327 74502 6432 54747 30344 37906 61801 32751 16456 31974 91120 34595
5604 19
88745 9206 98615 83808 9978 26363 26512 42354 3229 21085 83291 89538 63689 63423 74267 60539 98019 95456 75707
1948 15
51547 21221 44912 85158 90682 44627 62011 21302 39560 47299 87494 27621 80843 99273 55184
8222 11
40631 56920 89187 98195 45179 96763 80975 52797 63316 5394 32921
2651 16
87520 7277 69343 6709 84919 33345 15485 51735 90615 34930 303 66504 87639 35995 98402 89695
7974 12
59320 26314 27448 26355 45484 36882 76647 20571 74034 46166 46572 88310
8300 12
33813 54196 41532 62377 92704 73038 31408 60051 10836 51039 15770 9754
5765 11
68457 4691 88576 21176 54227 37791 66855 89199 15756 6430 86956
7967 17
87274 43138 30594 96830 20191 59764 76043 71696 70732 85309 40555 81258 81907 82680 3249 58473 48520
5818 17
55359 1281 66216 84011 40475 91785 98400 34960 59170 32589 35342 70993 6644 14283 10087 51908 72617
2590 17
59603 58315 54953 97615 34053 70859 83513 78111 45635 37688 5742 48875 24522 45069 66541 90452 81087
9110 9
99103 78629 8444 67737 54757 93603 34898 4345 84142
7217 15
73827 39816 63234 52813 26071 60144 6572 96348 10306 43719 81395 90888 30053 29793 50363
4026 11
398 57601 9852 15377 8548 94401 77408 79079 25243 86359 97985
9239 17
78515 97260 73807 24764 6754 65093 12123 35547 75646 55016 34855 86429 6812 93009 52478 56230 25718
88 17
92257 9925 71517 64710 83567 13921 16584 30039 87879 95943 15842 42841 8235 85299 83687 16004 96717
8177 18
86465 62193 37076 18057 27778 61129 12332 45970 34772 72882 12082 15824 87722 19949 68303 41349 30779 42461
2998 15
16572 31009 41318 13822 95424 71448 88364 26160 31381 12141 54540 42006 59790 14986 26729
7259 15
28997 72463 70983 5724 14752 76191 32807 65832 25195 44513 28395 76989 40686 40291 28376
5502 11
50235 538 37230 86072 95575 44134 31933 74739 59022 7192 77010
9080 15
62283 62624 88381 36678 10837 22636 82772 71727 61045 50566 65491 25423 34134 95328 27874
4626 16
40041 93171 5871 59185 72668 43299 47208 61425 5799 55430 41373 31619 76669 47575 12639 27547
6724 11
61454 66109 54142 63341 95077 92534 15302 90183 85301 55452 63244
3852 16
77060 38591 83839 58777 48069 187 72242 77869 53683 15380 60599 40172 78232 30191 74830 9965
6215 18
17113 4949 29973 23386 11421 16553 94148 52762 4744 24129 2140 14576 56408 67089 94517 45216 49415 96662
6826 13
44766 75337 52131 41184 46958 6581 56931 18798 49952 35453 17486 31516 45341
918 11
26806 50606 76152 48558 3345 26656 12247 92080 51025 50540 67123
7148 14
32426 49863 8543 13913 3013 52707 4474 15901 71203 71260 48396 50825 51731 52590
8931 17
44975 46470 5681 56908 19568 95780 30542 85129 9389 68618 14462 48430 99045 14270 73278 51296 79669
6792 14
29429 7163 18607 71996 28459 74662 5277 3160 52189 2690 37289 56258 60785 17248
5589 12
30920 93461 16716 63705 41680 8447 59911 7436 59009 68026 32515 99825
1596 15
79620 43430 75356 60540 25014 30880 29111 76098 99733 15116 66979 11141 5745 19531 2125
4395 17
66605 93942 77725 91034 90725 91851 84928 93784 48010 82899 14023 68609 78663 12772 69050 97933 19596
2557 13
64183 57927 36464 41614 88848 88147 37269 11910 82808 12946 36888 71911 72443
9508 17
24235 75059 85016 85823 14879 67267 98168 11493 97151 76912 40741 5450 97289 7592 92230 12510 78213
657 9
39742 7188 35060 62073 18766 28948 27863 42847 83887
6673 9
73418 34572 76296 23796 50888 65766 30070 51168 54187
5286 10
84511 47790 22812 74002 33603 27086 4117 94415 60639 83647
6330 14
52309 27328 80921 78765 16610 58730 10959 27979 28898 2361 30262 5528 73012 95250
6902 9
87326 73429 89815 12745 2063 66272 43924 71819 96365
1682 10
21978 71806 3620 15285 53116 78983 30759 64179 4814 67791
1886 13
23337 32430 90527 69917 99025 18501 24943 27423 56011 77196 19375 76267 16148
4252 17
73224 19213 86957 72729 62340 26067 73659 92372 73169 87121 48475 58654 6511 28200 41155 51077 34069
694 11
58055 57748 50489 56320 42094 55401 49859 62376 44731 76704 2487
79 12
5547 40712 20294 15601 95827 81522 68010 9743 3069 34003 17409 92238
9686 17
12234 58585 1739 19857 67539 67202 98885 18898 4984 65300 92969 3052 66874 89718 91702 29417 65441
3568 14
38570 66803 1417 31134 3120 9324 37582 34112 5430 38169 20511 15600 40438 99956
9629 17
76914 33547 63036 87028 69054 51633 13258 29531 18160 50041 56195 88717 60819 1721 30591 37812 8705
8095 15
6228 90214 90909 59218 56953 66163 55875 17722 28981 47435 13218 16669 80424 92161 73611
5513 14
56844 71501 87634 44137 68500 87175 49374 65210 58261 4574 3443 85906 53280 39013
4457 13
89928 29127 89588 72070 43625 29944 10762 39188 52833 87383 13166 72866 74825
9647 18
6639 93830 20992 36874 77077 22523 36307 29392 69201 25354 15121 14951 3723 46419 25514 24037 95318 47109
1164 14
99830 97734 12671 8251 80553 20004 42917 29232 99321 72200 73021 62806 13120 73124
6060 10
96346 93867 58658 33014 38156 82043 44028 9960 86675 2388
3729 11
2650 91787 95081 15581 83971 25485 92769 62809 52186 11564 45274
868 18
24532 71352 20414 52243 47902 44131 17941 98580 50525 50252 89428 42156 55200 38056 19436 48775 26508 4022
4065 14
69141 69244 43537 90021 18030 33951 16624 59940 44996 9496 6561 86029 50234 99292
8330 15
75340 35579 80067 19806 17885 30160 55804 35551 27438 58250 62001 45963 59117 91846 86200
205 16
48013 59987 38482 66489 17610 89409 35266 36301 64997 5036 28752 22789 15899 54398 81965 85922
3932 13
35609 76902 56522 59960 50601 80363 64017 70752 82149 49927 29211 2929 77422
6416 18
92349 45119 10158 52550 57172 15413 5425 10699 20964 99308 16620 66830 95684 56390 81253 47968 90005 74318
4813 18
53605 80961 33887 79227 94508 33141 80938 1619 4381 44893 81110 48889 56513 40613 46409 61968 4925 70504
6794 9
58079 64947 20271 22895 94962 13622 61900 23957 60680
8828 11
20517 8643 98048 60793 60340 54634 54746 73633 2725 32078 3074
5565 19
4315 56005 51182 79310 77462 5639 91866 72878 48934 68023 95217 14332 3209 64592 29798 66873 70688 39586 70730
8912 17
36219 5735 53735 31202 11771 61440 51355 23631 24608 57032 74752 37555 69852 33840 67082 76800 51469
1504 19
89495 53279 27272 73289 60114 6788 33029 48312 55493 5201 87612 81801 76629 36228 10783 25159 95023 12996 39026
1249 7
87288 43004 60004 24923 13016 70255 10207
3694 11
5169 23734 15275 25839 18790 41072 71694 35134 336 51636 6270
9077 10
19144 19468 25597 97153 46321 44704 8165 27174 33616 74177
7442 12
43972 88066 83475 51910 88608 2411 75666 95694 18588 31144 60742 84007
5065 19
32542 28614 40458 9950 71471 311 6870 20130 3096 69453 75917 99038 63892 77520 71880 28703 62380 89812 99758
8582 14
95124 26310 31680 60342 49047 36499 73331 83989 41460 90971 78272 56004 91550 36362
3837 17
77213 22974 98230 52789 9470 81538 27601 62685 1730 64520 91342 77605 89564 48163 64117 76390 25504
2928 14
97630 84448 67282 16309 16159 18109 12157 57257 31414 82132 47749 63149 77931 83392
3963 13
2032 40951 9198 77271 14372 46136 44899 40175 5135 8815 84695 86171 38634
8793 11
81521 67518 73535 80599 40743 20512 52159 58865 64717 84170 56029
3552 16
43720 31819 89918 68779 4127 85967 42 12167 69434 15879 53591 77022 64890 46670 39157 58989
1488 12
24347 5672 94462 22695 39288 94939 1762 80258 32887 97224 14619 37975
1331 14
69820 69818 38127 59676 12924 25333 72124 53581 3541 86946 81015 31281 59974 82656
5561 18
78902 86943 89336 22333 83556 56036 45745 16694 95691 22956 46088 19769 60024 62957 63862 77839 88233 66602
733 18
79180 92724 39705 55817 92955 86454 49094 67770 13284 65928 10133 76251 80266 83833 95415 66261 27665 5837
5100 16
70299 3203 75251 90513 32501 81289 3095 8513 96189 3664 63229 57302 46790 65914 736 88881
25 11
69060 16523 31263 8959 97951 60620 87786 28562 5898 26816 87370
8390 19
70232 32568 42303 48266 60519 49743 87760 1030 90866 52167 83316 17788 27709 65036 18962 9561 93150 90497 44742
6079 14
81771 15659 16853 80276 77000 76709 22024 26665 61223 97034 49 49798 51612 10997
8388 11
92996 60592 65980 47698 73436 5630 25618 40309 693 70556 97776
5551 19
2017 82686 16393 42531 49872 40140 25876 2528 46752 53504 96884 2612 12935 42489 29773 99068 69726 35382 61909
6929 10
37857 1246 41736 74880 48522 51237 91054 27730 33361 59689
4613 10
64159 4585 38373 64138 12729 81600 17347 7768 61798 7670
72 19
78903 86298 89314 46450 48253 91093 11162 4881 4102 54942 91784 59615 12452 17698 60433 38635 16099 63639 52737
1830 14
36419 38070 23345 67032 5094 11193 19379 99555 87850 49157 84167 11233 36071 26905
1044 13
60239 32697 36160 46398 51997 46663 35191 47616 72992 14907 60159 2081 60633
7734 18
95387 92277 95683 76638 73853 108 42257 25989 59922 16254 23806 12479 47672 90738 41152 70372 96541 10068
6939 10
51405 22972 62718 51249 35146 99366 84569 87628 31143 84101
7833 19
48921 80729 81100 15040 75439 28263 27970 6455 13335 25955 76171 17284 55296 951 65603 77924 82706 28929 96292
9227 11
75128 42200 67461 63726 66562 43939 98859 18981 38461 14391 27902
9002 18
62316 12124 52024 13716 74681 58943 86336 39863 99659 57226 2591 14234 49905 77985 31122 42901 16782 34020
3593 12
28053 34994 54417 67321 86790 4356 93767 97806 43298 25849 63730 56321
9285 13
65242 5962 31541 78262 31449 22749 31286 97926 95510 29181 47155 5194 91577
5117 16
81352 84432 8709 18535 3822 6466 4056 94198 57577 24745 99375 96074 47619 12315 23603 99343
3617 11
48872 74355 19089 84356 91049 44752 69277 40209 23200 28124 96141
6152 13
5991 71306 14160 6747 94538 6315 3713 75597 71362 23049 16806 24180 33034
6232 13
93005 79311 66470 94921 94613 11405 19078 94076 52136 39407 31697 33573 24693
4380 16
20565 20263 43103 66833 52213 38621 93492 44273 11324 61185 42963 18963 5229 46072 45042 21474
8269 10
75850 19008 54099 99085 95653 19870 40964 92585 79907 38395
4164 14
87460 40738 44932 35906 4947 4903 31466 83030 32376 36802 5488 29670 91515 83957
2111 13
29311 8110 26952 60105 43759 41618 6653 47961 10258 38453 6578 5996 88323
317 8
87192 14071 82751 5507 91989 35908 47106 62775
5423 18
28551 27803 31739 46430 95207 35455 1409 9815 55156 1773 50200 16272 94963 49455 70050 8351 21946 59012
7424 16
80275 96478 99679 21074 79582 32507 99761 32975 35913 93336 68365 40705 37115 66877 58581 31399
1992 11
27810 59875 19527 78260 12427 27647 83935 39856 40390 15657 98786
8659 11
36054 50421 50837 71598 57540 74354 16263 46930 33893 28136 70857
7729 18
24647 28235 31058 43920 4197 6685 15638 80885 25440 16001 86053 5343 54159 31033 72099 89627 15641 74182
9847 17
40102 49572 25360 83320 76930 96190 11764 83562 67470 90236 51583 34886 42249 31148 86436 37905 85170
9810 8
53684 72649 95564 4726 53669 7955 8905 93754
8128 11
27904 98960 25117 78649 19960 19901 260 53094 95115 6491 2429
9353 10
37027 31682 70253 81804 42507 20075 93341 78811 53825 4698
4116 12
9338 40454 52495 28986 19149 61807 30546 67788 14922 36488 70766 10414
1985 17
21711 53075 17474 61947 21684 79703 44967 75766 36762 12654 85728 46771 50199 52897 21898 72046 77460
4072 13
49199 82737 24964 82192 45975 79313 66899 40813 72640 79547 20232 68899 27998
7830 13
66809 64497 77190 43505 41142 83384 7133 85147 52375 21907 51238 89960 34488
6977 16
66128 32183 70449 71114 50143 34286 75975 32393 26326 17293 1942 99975 97203 48057 70124 99006
5386 9
42897 50928 46440 65754 13760 65753 47129 43464 4963
8536 11
46383 24795 76757 48124 69885 37942 22722 72420 29653 47251 96280
3764 18
51167 85103 69583 56429 71135 95518 6181 86064 75741 60695 26712 89748 84960 69806 33508 6290 76664 4642
2973 17
34945 69762 98433 33853 14497 14362 37616 34494 48717 25017 78862 12163 33642 18578 27393 61101 75883
7803 16
49077 44789 74195 77821 64949 29809 15174 22727 2896 4527 37021 12753 84449 27483 37234 54908
8751 13
47966 98134 97838 72545 86186 14149 95125 2229 75430 64277 18817 11360 5650
6185 16
43886 10957 64503 26521 88182 94908 13777 85140 39140 75533 1550 81670 53631 4259 92901 49168
9204 12
63140 97721 54110 41533 82570 77844 21536 27638 23565 94816 1827 59900
9168 12
78390 22703 34540 96405 28484 26275 5391 52598 5688 81278 643 18334
1303 10
10712 38393 86784 16140 62938 57796 68932 61669 69822 81156
4397 15
58227 62566 70596 57816 78149 18659 1045 88370 10042 47282 61075 41856 22832 5263 27853
2722 13
22626 30535 63545 91360 58239 98911 75712 85352 91586 2495 75932 68648 63596
6250 8
42263 77964 68517 83285 22583 93367 79149 3338
7258 14
13832 49014 66786 79746 73383 53365 66192 83588 79404 9938 80630 33015 60285 51793
8618 10
15525 26628 17819 13828 98333 59270 55352 21205 80547 43686
410 16
86274 75795 10196 16982 88539 51626 62165 2155 47334 80829 65641 58919 41174 36890 78865 97393
3134 15
34939 78031 85767 57795 66699 51206 76660 34373 24736 76719 79014 48041 67351 57609 96407
4083 9
50999 1959 71983 16089 17715 23437 43990 92141 3262
3737 15
43158 47737 85327 59688 21489 49181 88312 12565 21407 43515 34756 68991 84845 12217 59149
9733 14
39173 58005 38374 90923 55543 58337 16989 55530 77857 25678 52738 73503 46377 4715
242 16
20744 36153 189 19002 23468 395 70018 45438 43269 89742 10942 17280 86949 78106 10820 98978
3865 11
44454 15987 21619 56930 59457 96823 22710 90434 56899 92300 73034
4669 15
53493 80104 50155 33474 20140 51957 97651 38851 97200 7570 70364 32340 10928 47499 16777
8404 9
13529 44882 38866 96954 82120 91728 36801 13368 58196
1403 11
60650 68456 55951 80403 59518 74162 58077 42019 94238 40767 8000
585 13
68035 95338 10728 47000 22158 90553 72114 28778 78187 62068 98225 40085 75655
1241 17
29536 35438 7283 31753 25953 22364 6017 32832 86125 58465 64170 38480 99029 90313 34500 47856 33262
3369 10
44346 36496 1077 38612 64757 50739 19956 17204 15038 49076
1110 13
94775 46345 82667 63840 11124 17878 79216 52822 79109 81924 76657 31146 13971
381 15
83622 64923 41769 26995 75098 86835 13349 8747 17315 7 2754 40665 97925 3837 78218
1361 17
2574 24193 8013 66725 49862 245 23315 37985 93481 98455 82665 67742 36891 65315 13303 77140 36320
672 9
64764 28266 97881 1186 75845 19788 14983 26742 88872
5426 15
72585 5925 19950 48107 28081 75702 80817 89167 72459 51907 8856 55517 80783 45328 94840
2131 16
39127 40821 96117 58267 57250 32293 28303 63610 30118 96149 83882 5323 4950 98680 60033 99241
6618 11
78488 45396 23316 96378 25153 5349 30485 54774 69228 43613 30986
6597 10
92021 53302 15458 7440 65480 88275 36057 61254 3198 97363
8138 12
20108 96157 72141 45672 77636 67623 36224 88287 14820 66280 42854 13542
5761 15
90886 19707 82127 82537 22202 13204 17367 70757 59747 7101 77951 51586 9465 58848 84117
2119 15
95209 45675 12283 84550 27592 88212 23288 40627 39745 4940 76818 93238 34485 10162 59456
5888 12
99563 94808 27297 98551 60794 82769 37781 79012 86405 363 70538 9853
7177 11
92866 37924 3402 79707 28825 2230 7818 98723 41812 41307 91994
3164 8
49782 32687 7633 61670 72596 31190 67484 97316
9461 12
16352 87580 40413 8414 19856 78587 4073 40090 87140 63315 44422 35751
8392 14
69215 80643 41824 29951 42060 20066 99981 6519 96946 32513 95714 96203 2231 36885
2900 12
63775 64218 51805 28661 71673 15207 47321 5624 8159 314 21725 42158
3247 11
90099 18090 32734 93240 81926 30501 22884 66506 94655 7233 65871
314 13
63165 1523 44995 50012 59963 60167 22302 10109 84531 64337 88138 70539 92456
8427 12
3442 82839 79441 50819 82993 10276 43211 3291 28841 79329 63169 85437
3463 13
27267 93133 30102 56875 21757 50767 26861 61060 46708 31695 4164 24529 49433
124 18
24621 24050 73992 27245 14060 85089 95809 42217 1761 15639 22781 19998 50535 14797 15396 72008 98554 59965
2783 15
38236 52842 14714 42792 23568 50528 71281 93047 56288 95945 59093 441 76368 17055 7560
8869 14
50700 62772 27848 25250 9550 52124 53509 38328 82758 61039 49369 87161 13964 36087
832 18
86392 98497 29746 26078 76482 42719 3870 4567 54441 4118 53142 17213 12923 1489 44419 85275 75680 29059
6492 8
47686 86629 38826 49255 23251 78408 15388 28525
1960 10
15752 64186 67313 63258 35270 71320 30379 90691 79988 13869
4055 8
62326 20119 72834 24286 46505 87860 37116 22090
4170 17
24690 78045 62164 13380 21707 9654 8546 56800 84045 22287 52006 39584 83717 62841 1918 80354 61321
9017 12
91709 14022 5712 19329 26768 60619 43329 91072 80430 42812 65630 95557
9775 15
63160 77427 79094 63112 74620 61448 40064 94834 58834 4152 7553 65172 75873 51106 10071
6446 17
97353 66792 68545 68205 46530 53448 69144 36923 35735 27618 83774 98393 35871 99013 78839 10142 58291
7460 7
7904 50899 57650 74126 59672 27716 38039
9795 18
82816 40005 63213 20885 76529 21612 27957 51869 21198 17117 43506 66744 91990 41804 76716 47305 20434 65418
4451 14
76468 73767 90999 35019 9740 73365 82748 90828 68683 79238 44298 27989 86801 18960
8818 12
42040 94583 70211 39943 2506 95488 294 27965 86782 18827 36626 40659
