343
162 14
1107 1108 1109 1110 1111 1112 1113 1114 1115 1116 1117 1118 1119 1120
8081 14
42901 35500 8130 42902 25135 42903 42904 42905 40230 25569 42906 42907 42908 42909
3402 13
20963 12982 20964 20965 20966 20967 5075 20968 20969 20970 20971 20972 20973
5525 13
31803 24455 26417 31805 31806 31807 31808 31809 31810 31811 27552 31812 31813
6039 13
34227 11340 34229 34230 34231 34232 324 6900 7675 34233 34234 13964 32844
6550 13
36497 22576 36498 36499 36500 31269 26863 36501 26925 23004 36502 4253 23847
7734 13
41510 4284 41511 21571 41512 41513 41514 41515 16180 13385 21153 23756 41516
8540 13
44707 27996 39123 29596 44708 44709 44710 17452 17616 44711 2873 44712 44713
8830 13
45789 45790 13498 5840 43019 26770 45791 14503 11165 14569 45792 45793 45794
9781 13
49124 42972 45656 34600 40904 20362 2390 41280 12368 49125 49126 49127 49128
11518 13
54652 54653 54654 54655 3409 29267 28555 37327 4116 42470 9622 49635 23256
11786 13
55403 41586 38898 55404 6879 53505 46631 45837 12252 45560 55405 50813 26670
14888 13
62985 34680 62986 62987 2987 24038 62988 10200 62989 15476 53011 41186 39501
15139 13
63505 55492 17186 36767 42144 18367 54993 63507 23372 60435 63508 34650 63509
15709 13
64679 36182 32266 61853 64680 4368 64681 58185 24617 64682 64683 54329 50947
16352 13
65892 38425 60055 65893 85 42266 19964 22095 60660 65894 50653 65895 65896
16630 13
66406 14033 43306 52978 66407 47280 41261 30162 54969 9069 31423 39132 66408
17443 13
67678 2254 65012 46674 16321 22411 67679 67680 37498 2940 12011 37331 67681
17737 13
68156 13492 58808 48066 68157 27125 1210 56858 12236 15936 45813 68158 2883
17835 13
68305 66819 64579 60758 30014 41313 68306 61307 26338 68307 68308 68309 26016
18430 13
69169 56778 65555 69170 69171 19387 69172 56366 1253 33362 20391 54293 64232
20307 13
71555 17631 44035 59472 57912 55657 34508 27055 71556 63415 26437 71557 25403
20559 13
71832 65040 69135 71833 24812 67321 33724 53319 61994 22277 13373 5640 50504
20755 13
72065 58515 51468 43606 51593 20128 34547 63283 29312 55903 69662 64417 20365
20827 13
72140 72141 31625 57135 38364 47840 22680 51835 35508 2521 45814 69797 43064
21067 13
72407 41940 48689 23337 14782 11238 26551 47958 35866 66685 24345 46507 27184
22086 13
73478 42919 63466 9196 65963 38179 12431 25555 51352 51856 19821 51217 73479
22384 13
73755 49095 34026 69892 61808 43455 14151 70492 65871 42859 9375 53393 14462
22759 13
74104 47717 2149 60624 1097 21863 38156 56634 36255 49662 6883 69820 17529
23662 13
74833 42757 67881 74834 67882 71553 51526 122 23124 40144 53664 66180 5986
23907 13
75027 54503 17619 31917 51969 59996 73895 40573 45551 75028 31984 59058 43542
25430 13
76097 6896 34381 67865 72572 60817 880 49979 58031 71710 54597 53547 37079
26084 13
76509 58484 59510 24895 27660 524 9310 51532 38122 27227 61321 40036 38701
26141 13
76543 46925 72737 72851 50655 69697 5605 68304 13862 76544 51794 31544 64762
27372 13
77250 32307 1089 63129 63116 62627 22309 65744 16719 18527 75853 4391 74584
28646 13
77920 1921 74489 5314 9053 76921 7067 26937 9059 23817 23879 65364 60612
29848 13
78524 33352 72153 14247 37343 53832 76698 45576 70408 72732 75998 17260 58849
616 12
4132 4133 4134 4135 4136 4137 4138 4139 4140 4141 4142 4143
773 12
5156 5159 5160 5161 5162 5163 5164 5165 5166 4868 5167 5168
967 12
6434 6437 6438 6439 6440 6441 6442 6443 6444 6445 6446 6447
1031 12
6850 6853 6854 6855 6856 6857 6858 6859 6860 6861 2819 6862
1407 12
9253 9256 9257 9258 9259 9260 9261 9262 9263 9264 9265 9266
1412 12
9295 9296 9297 9298 9299 9300 9301 9302 9303 9304 9305 9306
1479 12
9703 9705 9706 9707 9708 9709 9710 9711 9712 9713 9714 9715
1495 12
9809 2572 6646 9811 9812 9813 9814 9815 9816 9817 9818 9819
1505 12
9870 9873 9874 9875 9876 9877 9878 9879 9696 6429 3473 9880
1792 12
11623 11624 11625 11626 11627 11628 11629 11630 11631 11632 11633 11634
1916 12
12382 12383 12099 12384 12385 8405 12386 12387 2540 2063 12388 4318
1949 12
12578 12581 12582 12583 12584 12585 1874 11779 12586 12587 12588 12589
2188 12
13994 13995 13996 13997 13998 13999 14000 14001 14002 14003 4478 14004
2275 12
14517 2903 14519 14520 14521 14522 14523 9548 14524 745 14525 14526
2289 12
14599 14602 8510 14603 14604 14605 14606 14607 14608 14194 14609 14610
2762 12
17380 17381 17382 17383 17384 17385 17386 17387 17388 17389 17390 17391
2848 12
17868 17869 17870 17871 17872 17873 17874 17875 4409 17876 17877 2683
3001 12
18734 18736 1734 18737 6592 18738 18739 18740 18741 10248 18742 18743
3199 12
19846 19849 4421 7129 19850 19851 19852 19853 19854 19855 17528 13212
3253 12
20143 1937 20145 20146 20147 20148 20149 1891 9885 20150 10262 20151
3294 12
20376 20377 3968 20378 20379 3700 20380 20381 20382 20383 16751 1390
3369 12
20780 20783 20784 20785 4585 20786 1749 20787 20788 20789 20790 20791
3616 12
22132 22133 22134 1897 22135 22136 22137 22138 22139 22140 22141 22142
3833 12
23296 23299 23300 23301 23302 197 23303 23304 23305 23306 23307 23308
3910 12
23708 6897 23709 2756 23710 12148 13626 23711 23712 23713 23714 23715
3932 12
23825 23826 23827 23828 23829 22467 23830 23831 23832 23833 23834 23835
3974 12
24043 24044 24045 24046 24047 24048 24049 9134 24050 24051 24052 12486
4179 12
25100 25101 25102 25103 25104 25105 25106 17573 25107 25108 25109 25110
4508 12
26811 26812 22102 26813 26069 26814 26815 23101 26816 26817 26818 26819
4529 12
26910 26912 26913 26914 26915 8150 26916 26917 24796 26918 26919 26920
4672 12
27652 23002 27653 20881 24735 18394 27654 27655 27656 27657 27658 27659
4856 12
28532 28533 5576 28534 25218 28535 1495 28536 28537 28538 28539 28540
4974 12
29117 29118 21596 2868 27492 29119 16832 29120 29121 29122 29123 29124
5078 12
29644 8390 6068 20736 15808 29645 9510 29646 29647 29648 29649 16735
5134 12
29930 20697 17365 29931 29932 29933 29934 29935 29936 7193 29937 13090
5292 12
30695 30696 30697 30698 30699 7883 30700 30701 30702 30703 30704 19924
5318 12
30824 30825 30826 30827 9187 16188 23344 30828 17242 30829 6903 30830
5415 12
31282 30834 24423 31285 2476 4324 3307 31286 31287 845 23783 31288
5762 12
32929 28180 32930 32931 32932 32933 32934 14545 7368 28744 20445 32935
5829 12
33245 33248 33249 30888 33250 27041 33251 33252 33253 33254 33255 33256
6081 12
34413 34415 34416 34417 34418 23793 33314 34419 34420 5545 17099 34421
6278 12
35279 33880 35280 1561 16253 35281 35282 35283 35284 35285 10438 35286
6521 12
36357 36360 36361 29618 20303 17564 36362 36363 1737 36364 36365 36366
6865 12
37895 37897 37898 37899 37900 37901 37902 37903 37904 37905 11781 37906
7489 12
40520 40522 38324 32312 40523 40524 40525 40526 40527 1584 40528 13534
7763 12
41632 28465 28189 41633 12373 41634 41635 41636 41637 29262 39253 20504
7797 12
41756 41759 15844 31584 41760 41761 32949 14900 8551 33089 41762 41763
8058 12
42822 40935 22781 39575 42823 42824 40239 42825 26326 30857 20816 42826
8146 12
43171 43172 43173 39985 43174 43175 3187 43176 22495 37813 25880 43177
8201 12
43381 43384 43385 18704 18071 43386 43387 43388 40214 19612 43389 43390
8561 12
44776 38390 1715 41472 44779 44780 44781 44782 44783 44784 44785 36854
8588 12
44882 35056 44620 44883 41682 25686 13507 33060 44884 44885 44886 44887
8679 12
45220 42072 45222 30550 8741 45223 45224 14140 45225 8882 42107 23725
9003 12
46430 46432 12353 46433 46434 32235 46435 46436 35217 4524 46437 46438
9073 12
46685 36240 19740 33913 38531 46493 46687 21578 46688 20877 40680 26442
9137 12
46906 35817 46908 5551 46909 46910 30216 16683 24071 46911 46912 17244
9141 12
46919 37319 45726 18420 31665 46922 38300 46923 18823 17352 33731 3336
9395 12
47808 47811 3120 47812 20982 28021 47797 18892 47813 47814 47815 16805
9422 12
47909 44327 47910 47911 37886 7305 47912 47913 47914 47915 36267 47916
9555 12
48363 9156 48364 48365 48366 13153 16705 48367 48368 47959 29584 23418
9604 12
48533 48534 48535 48536 10943 29619 41786 23940 2582 5931 48537 48538
9642 12
48665 15726 40436 40787 48666 16541 48667 48668 48669 14450 11838 48670
9713 12
48900 48902 18326 48903 4269 18718 48904 12846 24497 48905 38538 11851
9740 12
49003 40117 49004 45274 49005 49006 37811 49007 8467 16261 31547 216
9810 12
49223 49224 28675 49225 18885 11365 8678 7508 12232 1681 49226 49227
10048 12
50012 34613 50013 35558 31006 27161 50014 50015 12557 50016 49619 50017
10100 12
50183 50184 28624 9785 17454 13094 17329 4340 50185 50186 28308 50187
10158 12
50383 50384 50385 50386 8082 50387 27819 50388 50389 30051 50390 9499
10224 12
50594 30602 50595 11543 50596 31311 50597 3256 47302 49031 26518 2934
10452 12
51355 18569 39196 27546 51356 51357 39850 21679 29368 39536 18588 48054
10611 12
51878 29044 51880 3488 51881 1509 18532 22994 45612 38423 51882 51883
10615 12
51892 9082 51893 51894 23651 51895 51896 29560 51897 51898 51899 51900
10935 12
52894 15762 26456 4365 52896 6867 52897 52898 52899 23694 28630 7025
11033 12
53187 53189 38467 19522 23003 21225 32917 45849 53190 15777 48558 52733
11255 12
53872 5151 3912 53873 53874 52544 53875 53876 4878 14180 53877 53878
11339 12
54114 54117 24106 16022 1015 54118 54119 54120 50669 24472 17084 54121
11523 12
54662 1338 12619 54253 54664 54665 54666 46676 50457 46260 26471 54667
11703 12
55159 55161 31245 55162 55163 13556 55164 55165 34861 50935 55166 1653
11716 12
55197 5122 40316 55198 25011 8273 6086 55199 15674 38544 53047 55200
12064 12
56171 22509 1384 56172 56173 33167 53912 56174 25180 2682 21681 56175
12588 12
57557 29527 57558 48840 44485 34349 55846 57559 27614 57560 57561 57562
12689 12
57808 57809 37301 57810 31982 17683 57811 57812 57813 43469 27093 57814
13280 12
59285 17291 52626 41975 32794 45316 59286 49457 36200 44563 59287 4291
13413 12
59623 59624 14513 8027 44994 54359 59625 41163 39092 59626 13342 32047
13448 12
59712 51209 23629 59713 24591 18503 59033 35363 11747 215 17867 40089
13450 12
59714 25960 59715 59716 59717 38913 59718 17765 33496 37567 16202 59719
13683 12
60283 60284 60285 23061 48566 60286 9726 41009 57423 41087 39117 60287
13989 12
60974 36817 17686 45668 60976 35781 54426 41057 20552 24973 52679 60977
14110 12
61251 59789 35658 41458 61252 58810 61253 35351 4233 30630 61254 53656
14142 12
61322 54721 31441 11722 55878 61323 52129 58930 61324 15634 61325 18233
14240 12
61522 33606 61523 60972 61524 1743 61525 17990 56737 35874 61526 39738
14248 12
61542 61543 52263 28151 61544 31707 50059 37627 60364 61545 61546 61547
14353 12
61777 30565 15202 57488 61779 5814 61780 29690 55658 45763 41011 57781
14597 12
62343 40087 60503 9448 31716 62345 12525 46367 36284 11396 25571 22413
14607 12
62371 21389 15475 62372 16205 57675 12374 45035 8044 53392 62373 62374
14763 12
62713 58445 62714 57961 19505 9054 44271 14184 8861 59045 2315 62715
14865 12
62934 15130 44551 308 4803 28026 23693 62936 61089 58563 62937 16167
14934 12
63079 56216 26673 53819 60700 5867 63080 63081 1389 54876 24161 29737
14956 12
63132 63133 54578 34141 37107 47455 55615 48909 23624 63134 24797 4664
15238 12
63708 52480 63709 9277 63710 41485 61112 39433 63711 3355 63712 63713
15588 12
64438 18451 64439 11759 4653 64440 36205 64441 48298 55545 43084 64191
15723 12
64703 27566 60860 48111 64705 33299 44342 57819 45702 8552 64706 52336
15936 12
65098 61560 40051 31754 58247 50347 1100 44451 55549 25396 35360 65099
16535 12
66239 5285 31433 37560 20117 54164 58230 12706 34365 66240 66241 25067
16595 12
66340 60000 19857 11413 18351 7380 53781 23180 41660 66341 59842 66342
16625 12
66393 31004 56100 11952 52114 66394 50375 66395 22317 66396 56815 65275
16649 12
66434 66435 45493 61944 66436 66437 49661 63673 24274 56287 41784 22886
16694 12
66521 66522 66523 60027 61680 65822 309 53748 65429 43726 64925 49397
16697 12
66525 45708 65453 66527 22836 66528 27336 42804 36432 66529 56748 22352
16726 12
66579 18372 66580 40823 3040 907 13188 2406 66581 27163 3895 8927
16793 12
66681 1419 4748 66682 2972 26581 1225 20670 62272 66683 30648 18825
16956 12
66929 52096 27442 15004 66930 45167 27736 54760 17971 574 66931 38006
17008 12
67012 55671 67013 1742 35475 9672 28687 16618 62501 67014 67015 67016
17177 12
67290 59491 12163 50833 49144 64898 51030 36735 66808 46495 67291 1295
17291 12
67461 35562 67463 67464 12091 57546 16266 52458 55518 67465 51428 4471
17298 12
67474 30273 61901 66674 29590 16857 11514 28106 67475 39226 10993 42270
17323 12
67506 10541 17104 5649 33146 27794 49080 54971 39886 67508 49242 17603
17347 12
67546 45077 26794 65551 27925 67547 60549 67548 45166 67549 64346 6514
17392 12
67614 3954 15020 25399 46239 8061 59878 43513 50131 50763 37130 33664
17605 12
67940 63949 23815 26752 67610 45517 47710 67501 67942 67943 67944 32405
18106 12
68702 29392 47339 57703 29865 19613 54262 19717 23266 41565 32899 68703
18486 12
69242 20891 4681 66130 46732 40334 68295 69243 30629 35598 69244 792
18489 12
69245 39448 69246 131 1208 56181 61345 67179 69247 44301 40938 971
18654 12
69478 43463 66415 35513 49733 56325 34068 48631 50040 11198 5627 36260
18893 12
69783 38560 69785 69786 42753 21194 69787 49970 21121 51000 68394 13714
19133 12
70133 70134 49241 18303 10291 54108 9527 58554 61430 70135 24391 55413
19185 12
70209 3331 44579 70210 26731 30791 3764 70211 52852 7740 65413 61431
19246 12
70288 6219 18069 61783 43028 70289 53667 64564 12869 25008 60924 47478
19364 12
70413 28826 8546 58182 68268 70414 65198 20898 65393 18977 11563 54230
19502 12
70587 64700 59533 4598 53992 47005 70588 328 65568 54756 15106 64055
19938 12
71126 16894 32381 43970 41146 71127 33143 15032 48210 27887 30608 15446
20099 12
71312 32286 17146 64986 71313 67161 70494 31409 59330 46540 37302 48154
20100 12
71314 59100 20279 68670 71315 33465 71316 54643 12330 21386 68184 58877
20487 12
71755 47442 35437 71756 60441 30567 40293 23203 71757 51451 58214 53178
20608 12
71897 64387 71898 69643 58489 23726 19953 47072 26398 21555 34632 3805
20778 12
72095 70059 43593 58164 11202 50800 7681 28843 25460 68185 15552 60251
20854 12
72177 7893 59324 63896 72178 41618 72055 70613 56182 31073 14281 53728
20988 12
72317 34795 42765 47294 13710 29881 18672 30780 46329 60004 56576 8193
21295 12
72654 4320 7522 7908 63312 28109 3295 57417 72655 71828 14282 71472
21307 12
72664 67241 13248 26684 11085 72155 48982 17236 13954 43898 7480 70196
21376 12
72738 12283 57828 17092 72739 46971 35755 34925 41943 16579 37522 10987
21559 12
72940 55661 65577 72941 71344 28801 22425 41702 58616 20801 63304 14499
21563 12
72944 57271 63809 37250 62996 60037 47097 11859 31933 48674 33152 62655
21959 12
73344 73345 6712 73346 37242 63201 72964 54299 12521 4739 71000 37268
22006 12
73394 63651 10318 52686 23895 32707 68807 61836 59957 7232 228 13851
22090 12
73481 59836 62622 73482 73483 20593 7948 54397 18803 47283 55046 24611
22324 12
73711 54153 73562 58123 51594 72671 46462 57929 36994 70219 68011 47937
22656 12
74011 54352 74012 74013 55919 70452 44863 10737 54324 53018 47701 35375
22679 12
74028 13576 14779 4924 66671 49139 33710 66705 26385 22969 47613 7715
22715 12
74058 1614 48119 69263 18836 45761 16950 55064 54056 5546 63342 59685
22724 12
74065 74066 56467 56104 51719 15430 60139 2062 29080 30196 9516 57706
23020 12
74328 47663 11769 32726 72888 1386 25846 43536 59544 20309 22805 25305
23061 12
74363 66836 51258 59078 74364 64908 71296 62025 2700 14425 13052 34040
23086 12
74386 62646 4769 2113 31048 47169 40356 13526 61179 34238 62053 74387
23109 12
74401 74402 74403 20318 45811 61659 18222 19264 37441 72844 29172 39434
23510 12
74714 71726 37437 56235 39410 74219 68262 29860 7367 74715 63888 20068
23543 12
74740 16491 59927 34881 63942 71811 56480 21278 60869 21548 6705 74741
23610 12
74786 8337 1271 3175 55720 24458 34572 30769 62927 67997 54842 68163
24072 12
75146 30779 7599 43539 42447 41303 43776 75147 26088 23231 56053 45986
24601 12
75525 65687 4626 55843 69567 39755 28365 41902 35228 73021 43772 18019
24806 12
75666 60022 30773 36931 51616 45089 72453 61828 51376 66043 47801 12208
25451 12
76110 12749 41951 16817 32694 38462 32177 9961 25507 74649 47107 4741
25959 12
76432 37623 24614 49256 70500 36304 39412 76433 18508 3587 39716 35235
25982 12
76446 57393 73800 72324 45158 27495 16311 44278 41281 41770 39698 44209
26045 12
76485 21134 75910 55370 56713 52317 76486 1022 70375 30806 9597 5407
26210 12
76587 32591 17435 23786 67219 24332 5671 72044 21544 72997 12522 62907
26395 12
76694 72783 76695 31816 32042 7339 55425 53446 47314 32925 28385 70743
26583 12
76802 70189 22846 72064 24271 70548 33280 62743 54513 28023 69363 15321
26865 12
76965 63999 11854 65484 4044 38521 58376 64574 69023 3911 57575 53227
26984 12
77039 18884 30489 4619 52082 52791 11652 69642 68085 62517 32847 34573
27428 12
77282 33927 58679 25802 75541 20655 62805 75950 71494 66308 36775 47993
27812 12
77489 57280 73357 9652 59486 39728 57287 28507 67031 61477 26067 60535
27857 12
77512 68627 36144 37485 25336 73095 27315 51309 58523 50431 1348 71191
27925 12
77548 72609 67197 38899 69670 28388 6818 68322 57928 70725 34270 21629
28332 12
77759 26421 48237 58325 21822 38670 31214 56371 32502 27340 77177 3877
28412 12
77799 9384 31743 34072 45967 36946 69576 30563 28968 35868 64622 68091
28670 12
77933 45481 17466 43089 31918 58449 50981 66246 68380 14081 70791 52960
28813 12
78005 40005 39979 44388 36928 18871 20693 6315 69927 63641 28960 55646
28975 12
78086 74164 36851 67051 5099 34946 53286 22458 28131 28012 73302 39956
29098 12
78148 75382 9717 68472 67951 18110 21130 23659 69038 2715 44929 16761
29210 12
78204 9586 56091 63084 72898 70789 46539 17339 66229 68748 39901 55550
29412 12
78306 57754 33972 14337 33868 72249 26185 21131 47891 40674 50223 54059
29976 12
78588 53520 37962 71162 24401 16132 61530 71258 14540 22716 17471 19823
29982 12
78591 5914 61100 66081 44769 35487 36917 3125 8255 48029 43343 40262
6 11
42 43 44 45 46 47 48 49 50 51 52
135 11
916 920 921 922 923 924 925 926 927 928 929
194 11
1323 1324 1325 1326 1327 1328 1329 1330 1331 1332 1333
241 11
1633 1636 1637 1638 1639 1640 1641 1642 1643 1644 1645
267 11
1809 1812 1813 1814 1815 1816 1817 1818 1819 1820 1821
379 11
2557 2561 2562 2563 2564 2565 2566 2567 2568 2569 2570
438 11
2956 2957 2958 2959 2960 2961 2962 2963 2964 2965 2966
457 11
3077 3080 3081 3082 3083 3084 3085 3086 3087 3088 3089
460 11
3104 3105 3106 3107 3108 3109 3110 3111 3112 3113 3114
502 11
3382 3383 3384 3385 3386 3387 3388 3389 3390 3391 3392
517 11
3470 3474 3475 3476 3477 3478 3479 3480 3481 3482 3483
554 11
3723 3724 3725 3726 3727 3728 635 3729 3730 3731 3732
661 11
4425 4429 4430 4431 4432 4433 4434 4435 4436 4437 4438
682 11
4569 4570 4571 4572 4573 4574 4575 4576 4577 4578 4579
714 11
4787 4788 4789 4790 4791 4792 4793 4794 4795 4796 4797
818 11
5455 5456 5457 5458 5459 5460 5461 5462 5463 5464 5465
865 11
5759 2531 5763 5764 5765 5766 5767 5768 5769 5770 5771
866 11
5772 5773 5774 5775 5776 5777 5778 5779 5780 5781 3309
906 11
6041 6042 6043 6044 6045 6046 6047 6048 6049 6050 6051
928 11
6184 6185 6186 6187 6188 6189 6190 6191 6192 6193 6194
992 11
6607 6608 6609 6610 6611 6612 6613 6614 6615 6616 6617
1019 11
6775 6779 6780 6781 6782 6783 6784 6785 6786 6787 2288
1142 11
7574 7575 7576 7577 2685 7578 7579 7580 7581 7582 7583
1177 11
7789 7793 7794 7795 7796 7797 7798 7799 7800 7801 7802
1207 11
7981 625 7985 7986 7987 7988 7989 7990 7991 7992 7993
1226 11
8105 8106 8107 8108 8109 8110 8111 8112 8113 8114 8115
1254 11
8283 8284 8285 8286 8287 8288 8289 8290 8291 8292 8293
1321 11
8712 8715 8716 8717 8718 8719 8720 6436 8721 8722 8723
1366 11
9000 9001 9002 9003 9004 9005 4993 9006 9007 9008 9009
1441 11
9466 9470 9471 543 9472 9473 9474 9475 9476 9477 9478
1443 11
9479 2071 9482 9483 9484 9485 9486 9487 9488 9489 4074
1468 11
9641 9642 9643 9644 9645 9646 9647 9648 8710 9649 9650
1500 11
9842 9843 9844 9845 9846 9847 9848 9849 9850 9851 9852
1508 11
9893 9894 9895 9896 9897 5451 9898 9899 9900 9901 6032
1624 11
10593 10594 10595 10596 10597 10598 700 10599 10600 10601 10602
1652 11
10771 10772 10773 9206 10774 6681 10775 10776 10777 7155 10778
1675 11
10907 10910 10911 7195 10912 7036 10913 8256 10914 10915 10916
1686 11
10977 5569 10978 10979 10980 10981 10982 10983 10984 10985 8374
1727 11
11227 3252 10747 11229 11230 1449 11231 11232 11233 11234 11235
1766 11
11468 11469 11470 11471 11472 11473 11474 1866 11475 11476 11477
1772 11
11505 4876 11506 11507 11508 11509 11510 11511 11512 11513 2524
1806 11
11710 1364 9957 11711 11712 11713 11714 11439 11715 11716 11717
1845 11
11937 11941 11942 11943 11944 8824 11945 11946 11947 11948 7609
1850 11
11976 11977 11978 11979 11980 11981 11982 4197 11983 11984 11985
1913 11
12359 12361 12362 12363 12364 12365 12366 12367 9366 12369 12370
1937 11
12503 12506 12507 12508 12509 12510 12511 12512 12513 12514 12515
1961 11
12651 12654 12655 12656 12657 12658 3018 12659 12660 12661 12662
1966 11
12686 12687 6982 12688 12689 12690 12691 12692 12693 2408 12694
1978 11
12760 11827 12761 12762 12763 12764 12765 12766 12767 12768 12769
2121 11
13599 13603 13604 13605 13606 13607 13608 13609 13610 13611 13612
2175 11
13914 13917 13918 13919 13920 13921 1103 1104 13922 13923 13924
2195 11
14031 14034 14035 14036 14037 14038 14039 14040 14041 14042 14043
2299 11
14656 10918 14660 14661 14662 14663 10485 14664 14665 14666 14667
2316 11
14765 2707 14766 14767 14768 14769 14770 14771 14772 14773 14774
2335 11
14877 14880 14881 14882 14824 14883 12833 14884 14885 14886 14887
2356 11
15010 15011 15012 15013 15014 15015 15016 15017 15018 15019 8856
2373 11
15107 15110 15111 14051 9372 15112 15113 15114 15115 15116 15117
2472 11
15712 15713 15714 15715 940 15716 15717 15718 15719 15720 15721
2637 11
16657 16661 16662 16663 8633 1517 3101 2825 16664 16665 12054
2658 11
16779 16780 16781 16782 16783 16784 16785 16656 16786 10690 16787
2675 11
16871 16874 16875 16876 16877 16878 6539 16879 13558 16880 16881
2772 11
17440 17441 17442 17443 17444 17445 17446 17447 17448 17449 17450
2781 11
17486 17490 5237 17491 17492 17493 17494 17495 17496 17497 17498
2830 11
17766 17767 17768 13003 16445 17769 17770 17771 17772 17773 8485
2896 11
18135 18136 18137 18138 18139 18140 18141 5221 18142 18143 18144
2982 11
18628 18629 18630 18631 8589 18632 18633 18634 18635 18636 18637
3100 11
19295 19296 17918 19297 19298 7478 19299 11765 19300 19301 19302
3270 11
20241 11302 20242 20243 12756 4115 20244 20245 20246 20247 20248
3341 11
20620 20623 20624 104 20625 20626 20627 20628 20629 20630 20631
3424 11
21086 21087 21088 21089 21090 21091 21092 21093 21094 18733 21095
3427 11
21099 21103 21104 21105 21106 21107 21108 21109 1052 21110 21111
3454 11
21252 1788 21253 21254 21255 21256 2073 13650 15494 21257 21258
3470 11
21344 21345 21346 21347 21348 21349 21350 7198 10671 21351 21352
3505 11
21528 21531 21532 21533 21534 21535 21536 21537 21538 21539 21540
3514 11
21579 21580 21581 21582 21583 21584 21585 21586 21587 21588 19023
3593 11
21998 12176 22002 22003 22004 22005 22006 963 22007 14780 5217
3600 11
22043 22044 22045 22046 22047 7268 22048 22049 22050 22051 22052
3635 11
22228 22230 22231 22232 22233 22234 21226 22235 10341 22236 22237
3673 11
22432 22436 22437 22438 22439 10036 22440 22441 22442 22443 22444
3680 11
22478 9445 22479 5684 22480 22481 22482 22483 22484 22485 22486
3817 11
23218 23221 23222 2135 23223 23224 23225 413 6762 23226 23227
3851 11
23391 9337 23394 23395 20234 23396 23397 23398 23399 23400 23401
3946 11
23898 11933 23899 15401 23900 22759 23901 23902 23903 23904 23905
3992 11
24133 218 24134 19975 24135 24136 24137 15459 24138 24139 24140
4001 11
24176 24177 24178 24179 24180 7507 24181 24182 24183 24184 24185
4011 11
24231 24235 24236 24237 294 24238 14025 22253 24239 19942 24240
4037 11
24361 24362 24363 24364 24365 24366 24367 24368 24369 24370 10050
4072 11
24561 24562 24563 17826 20728 24564 24565 24566 24567 10697 24568
4124 11
24837 24838 23579 24839 4508 14178 24840 24841 24842 21300 3574
4164 11
25040 25041 15271 4286 25042 25043 2100 25044 25045 25046 3823
4169 11
25056 14963 25058 25059 25060 25061 25062 22988 22839 25063 22119
4241 11
25423 25427 13583 25428 25429 2312 8913 25430 25431 25432 25433
4263 11
25538 16460 25541 12607 21933 11263 25542 25543 25544 25545 25546
4293 11
25690 25693 25694 20654 25695 25442 25696 13707 25697 25698 10729
4298 11
25717 25718 25719 21325 6084 14670 25720 25721 25722 25723 25724
4350 11
25981 25982 18001 15891 1049 25983 25984 25985 25986 25987 18955
4397 11
26236 26239 26240 16654 4422 26241 26242 26243 26244 26245 26246
4535 11
26938 26941 9325 22348 25579 23081 26942 26943 23429 26944 26945
4659 11
27574 27577 27578 27579 27580 27581 1726 27582 27583 27584 27585
4691 11
27742 27744 626 27745 27746 27747 27748 27749 27750 27751 27752
4730 11
27928 2930 27929 16962 27930 27931 13243 19886 27932 27933 27934
4775 11
28136 515 15436 28137 6686 28138 28139 28140 7643 28141 28142
4805 11
28277 28281 28282 28283 28284 28285 28286 28287 4063 28288 28289
4823 11
28369 28372 21078 28373 13110 28374 28375 28376 28377 28378 28379
4833 11
28422 6060 28424 21641 20440 22451 17169 15882 3735 28425 10642
4881 11
28649 28650 28651 28652 28653 28654 28655 28656 20945 28657 9036
4911 11
28800 8987 28802 28803 28804 28805 28806 28807 28808 28809 28810
4917 11
28832 28833 28834 28835 10363 28836 28837 21649 28838 28839 28840
5039 11
29432 29436 29437 6478 29438 29439 29440 29441 29442 29443 29444
5076 11
29634 15999 29635 29636 27050 29637 27293 29638 29639 26175 29640
5081 11
29652 28269 22933 29656 29657 28253 25405 29658 11974 29659 29660
5137 11
29939 8929 22817 26589 29943 29944 13396 29945 29946 29947 18323
5168 11
30095 30096 14347 30097 30098 11785 30099 14279 30100 6910 2893
5178 11
30138 30139 30140 30141 30142 30143 30144 13292 5283 30145 30146
5228 11
30374 30375 30376 30377 22498 30378 30379 30380 19415 3886 30381
5282 11
30650 30651 12429 30652 30653 2284 30249 381 18617 30654 30655
5322 11
30843 14238 4591 8391 27727 30844 7120 30845 26384 30846 30847
5394 11
31193 31194 27700 31195 31196 17924 16344 31197 9086 31198 31199
5402 11
31230 31231 31232 29744 31233 12977 22096 31234 31235 31236 14563
5417 11
31289 31293 31294 31295 24004 31296 15184 27159 27904 31297 31298
5456 11
31490 20581 31491 31492 31493 31494 31495 31496 31497 31498 31499
5502 11
31698 31699 31700 15977 31701 31702 31703 31704 31705 31706 13254
