5
27 97
17829 10782 17457 2849 4903 17599 11277 5833 14383 4972 12559 1799 17957 12887 15153 4883 8528 2414 17289 8485 11235 15309 15302 14979 4960 18313 4925 17325 12614 17603 13060 18763 4804 12738 10397 14905 12576 8493 17414 4971 13833 4843 8990 5292 11598 11225 12704 4872 9745 2912 12648 2562 1778 12692 17719 10339 8354 11711 18725 14990 14925 15561 15393 2163 15621 13580 8392 4754 15587 12737 14896 8387 17486 15491 4860 11756 17488 18403 32847 12317 2421 11248 18789 18774 12685 12601 2525 4959 14461 10268 1926 17444 18306 14897 2876 4815 11683
29 100
8515 3270 5136 6807 10273 12052 13974 5390 47557 8287 8064 5194 6809 5593 10719 11792 4431 10122 4074 8660 10392 6776 11835 7901 7410 6514 5036 5158 4913 5243 3177 8435 7911 3427 5477 4657 9926 3944 11293 4935 6491 9869 6485 3862 8582 9849 7844 4658 10257 4572 12079 8188 5371 11798 8028 10188 6613 4753 11858 10108 6475 6591 10594 12517 6586 10761 11295 3306 6635 8308 4198 12014 5341 6488 3328 4535 9420 10292 5204 3283 5195 8274 10990 4705 3335 6694 9932 11290 4998 6327 6663 8532 4707 10927 5244 6481 8253 10611 4481 10104
220 92
9668 2723 15911 17924 13396 9569 10738 16005 15631 16060 4498 14801 13880 10776 177 15925 14704 10683 16417 15541 11775 11645 12280 12279 13236 15984 16020 238 11678 14795 16368 13226 15187 13582 16407 9630 10804 14462 14720 9725 10072 12912 9921 11447 15546 10101 14501 11215 15108 10748 11693 12293 12855 3321 11418 15974 15926 16997 11240 10891 15893 16395 15850 16068 16033 3442 38874 10823 14464 13279 9421 15888 15876 16014 11428 16219 12064 16298 13195 15052 14458 15400 15445 16027 13377 14243 15891 12153 12274 11553 12916 11438
273 92
11717 1417 11472 900 2385 315 2448 2699 11184 901 11745 2387 5984 2428 418 9443 11322 741 11396 9843 6007 11105 10287 4089 10532 10872 4346 9422 5886 9771 10446 2361 10242 9606 3165 4364 892 797 5050 2449 853 5057 769 2396 3826 11086 2374 5685 10388 9830 10282 3772 11206 4541 40184 10747 10541 11704 11814 3331 3178 10053 2427 1142 9913 2842 4406 884 980 848 10759 10798 2380 10425 2398 5708 2356 469 23951 4409 4363 6147 9829 3152 10310 11741 2481 9509 1139 2359 58 9533
26 81
43811 34050 33614 27152 38416 31325 33686 25985 28251 31252 36664 34004 33368 28304 36928 36250 26713 36215 29661 33663 36122 25396 28615 28232 28301 30832 28283 31311 42631 26040 31109 34104 36328 34006 30866 33482 34186 30257 40278 26344 34179 33703 42605 42782 30686 28225 33324 27050 40679 37485 34008 34036 25075 37035 38837 43836 36897 34258 31067 42569 28276 25335 25568 27617 39596 48585 25925 28106 31066 31296 31159 34013 30836 33387 27323 39893 26711 28240 36554 33627 34023
