11
17 11
1400 2339 1101 788 1252 1293 496 970 2489 3253 686
81 15
1896 43 1448 1200 1360 1258 1007 1680 418 1205 1576 1308 16 1342 3188
4 5
1390 1782 1278 124 4962
71 10
2997 2999 2849 3004 2695 3022 2566 2995 4960 2781
89 5
347 1715 4489 838 1600
70 13
1370 2480 1321 101 2810 1119 1494 1361 37 264 564 1452 1480
32 14
4163 1240 2329 2101 925 2254 2146 1981 2023 911 1990 2506 2348 1989
51 12
42 85 2435 339 4025 450 571 401 385 86 695 474
8 11
1656 1648 1653 2203 1678 2917 1774 1733 1720 1659 1883
35 10
2268 127 1695 1979 1410 2332 400 1704 1771 3644
9 11
303 690 1353 1609 4972 905 1582 2014 1292 647 765
