27
1271 85
16206 36669 42242 46843 19687 16479 23176 15040 20823 23342 23696 46694 19647 45857 15399 46789 16171 20861 23142 12508 37765 23671 42256 23788 46255 36740 13361 23377 23708 23484 37897 23199 13455 45425 15868 19869 12742 15649 27419 44697 42802 16519 45870 42300 38124 14026 14314 36709 15925 45274 45170 19660 15329 36693 42203 20863 13831 22610 36738 20859 36807 37722 36708 45966 44370 45182 39936 12697 22991 36146 12771 23128 45486 13771 37756 13727 20843 17814 44393 19688 37372 15629 15625 15840 22827
357 97
5058 36290 3198 2967 9682 39514 41184 3100 11520 48054 36518 241 42152 36098 37177 1087 40028 42754 5513 45211 41343 40608 47868 1755 43720 42171 45824 3155 47952 1316 172 42299 42147 45164 5467 40923 5147 45477 9872 46068 47170 37039 40897 8131 36185 44095 43733 4199 11674 30 47564 43764 1228 43948 200 3015 36428 8795 39446 23090 45536 1253 5486 42118 1664 11300 44097 41222 5035 39668 41187 1709 9518 47658 70314 42143 39441 236 5162 5930 36100 4866 43645 490 1240 41216 3325 5561 6903 36140 40264 45422 36996 615 47636 5097 42155
1121 95
38318 69671 25506 25849 30986 34726 28614 30087 42019 29967 33283 38100 25764 9896 25328 35931 48059 25293 42350 30102 29379 47452 39041 28017 36258 26236 35601 47977 31716 28653 3016 28568 34101 36396 27138 34604 25484 31364 26316 35523 30325 32274 31833 25924 36541 25987 26027 41623 33235 30807 27385 3020 36156 41480 36460 47141 27961 26426 44877 38443 25513 35921 34062 37654 25758 29789 36392 33657 29880 8570 34783 44177 31020 34102 31212 36148 28652 31427 34667 39815 27833 36925 25682 30955 39201 28629 34249 32024 28471 36641 25192 27518 35961 44344 24111
577 89
27885 2872 32454 31175 34288 72816 27148 11126 35338 28663 29355 33306 27994 28897 35678 30602 29860 29569 34194 30837 2071 11334 8393 27893 30440 30899 616 33025 32508 28384 31286 30568 28045 30095 35079 10925 17001 30338 27105 30265 2968 28814 8037 1880 28036 32558 34007 8205 30644 24781 34943 36050 30150 29416 2917 689 28888 32632 30748 36785 30697 27654 6116 31192 28866 2980 30318 36049 35390 28887 32471 1979 32529 27142 30347 35238 27871 31177 30753 573 32507 28293 30082 4603 28917 30888 28707 31166 30369
598 93
52488 29195 9975 8245 9227 28729 15534 38065 42719 42491 29244 24089 27016 42767 8781 40970 39049 44013 28584 9370 42509 28720 10558 12845 12278 7800 36920 28926 15459 9783 23203 17450 24837 29023 18627 37774 39442 25077 39536 39381 8697 8533 24545 9337 7651 10516 17066 12423 39336 17055 43670 14722 43703 15657 44367 40036 16124 23607 24984 42248 26378 44111 29482 37912 31830 8982 14681 9507 29061 9843 26325 12297 17252 9954 14970 9279 39409 6171 42539 40564 26367 40068 44891 25141 19249 26454 9143 43700 20707 43259 42489 12274 47797
1146 90
32361 35758 7937 6794 9617 27354 8017 35425 28081 32406 38804 7629 6106 33903 7926 39748 92866 27494 6559 6466 37400 8415 28502 6147 6100 39022 6186 6543 8881 42712 6182 28414 8206 41465 8291 48086 46421 39447 8907 6679 6231 6439 47832 39402 43952 37526 7899 26387 6086 39035 6468 38433 6082 36187 8890 42222 47912 6024 26344 7710 39245 39228 8363 32336 8894 6075 35515 7689 34458 38581 28241 42209 27579 22585 8337 48079 6064 45543 7833 8112 6157 6545 6095 7956 40187 37864 6472 39391 8658 8496
1349 90
35208 16594 31975 7261 8829 14295 17500 18003 31998 23573 31770 24170 34545 10666 7443 26840 24349 31706 24369 34874 21462 24281 9820 13537 8595 14429 25935 20495 11571 26655 23422 31707 21655 27131 35393 29704 24308 6507 24801 7464 10401 32066 18336 31691 23690 10674 14846 27461 21467 27406 10195 29849 32064 32082 28435 24305 28163 33477 32056 24675 15136 27886 34889 22346 29632 35016 32020 13679 21451 31984 15314 9178 14400 14335 14318 32059 76262 32898 7479 34808 28724 15105 16119 9514 10246 29676 13730 34956 34949 33325
885 96
3117 11713 35625 14947 45693 16218 3236 8162 4986 33712 41082 46517 29679 19104 35133 41214 40864 4252 46065 40610 39812 9100 35288 39949 35222 24501 39466 17909 40692 3058 4892 47821 39940 40655 18405 32900 7287 15396 41889 31243 5380 3061 24934 14962 16305 45894 29141 31513 40931 30272 13553 40715 11944 4805 10475 29219 13542 15126 40890 21914 41192 15007 33459 29554 19649 46242 41167 83732 7727 45495 3066 29165 19567 41202 33267 22052 41188 41230 15902 41264 24995 14232 23282 3011 15757 40877 34325 40219 3175 9508 11312 25098 41059 18818 31267 30863
1970 96
33843 3266 31842 38049 5429 9309 9373 31719 31302 3582 10798 4965 38404 37275 31661 10771 34043 10645 9368 9388 5738 43652 3323 5729 3583 3454 36638 9401 10810 11122 23831 11616 35330 4985 34665 3588 5559 4976 44266 4925 5004 36204 3350 32809 31063 34527 5697 3279 38375 35949 5232 30980 31802 9504 548 10613 31720 4468 31167 30577 3393 42154 9689 11236 11216 30885 2226 38590 34058 38261 5972 11181 31870 9315 30606 31685 31018 30983 9397 31763 37017 11117 3305 3680 5146 3398 31672 5753 73648 32085 5075 46954 11107 5148 4951 10375
136 91
26572 32527 30416 28226 28043 28237 25370 30963 29568 24679 29330 27827 26883 25340 93427 27835 29527 29530 29581 29422 28133 28012 33697 29574 28188 24126 25474 24702 28485 25919 29378 29553 29373 28472 34767 28050 24681 28107 28156 28179 29426 29354 29469 29550 29488 29497 28441 25386 24678 28219 28463 29343 28556 25567 29570 25851 29397 29540 29489 28427 28276 26360 28131 29352 28109 28082 28027 25358 28419 25901 29339 27143 29454 25861 37935 29604 27397 28129 28549 28246 29565 29585 28044 29329 24455 33006 29701 25951 28225 29383 29443
1923 94
6830 12140 21343 6795 32736 1454 24090 25074 31040 20912 19588 14128 6671 28992 22404 26624 22921 12835 26617 16085 29481 6373 26558 2123 28216 27902 19798 15208 8308 29393 29816 6773 47618 12756 20233 1299 22748 28337 24163 31089 27256 29548 7311 6306 12504 6287 17973 6371 21585 24271 13663 29016 24657 27197 27150 12602 13690 28648 16390 28604 27132 26688 30904 19131 29645 26582 30891 24887 6945 1974 12079 26664 29008 899 2156 25452 28442 6211 26630 1121 22933 4445 27171 19905 29211 66598 22773 29406 31199 22950 27792 18245 13786 27319
477 88
13912 6113 4542 14534 20410 11002 4708 21597 20170 13254 21904 14337 13755 13310 20805 6978 10542 7001 5135 4740 13261 4948 13680 5082 4754 21509 15016 11130 4839 18104 4774 20015 20169 7200 7372 6519 10868 21909 17367 21080 11539 5828 7394 11124 21902 4779 4819 6667 4993 21704 20192 13106 12853 4518 5214 23434 13097 21940 4799 12223 8010 6335 21700 14955 6499 20750 14995 20693 81953 21927 20155 22243 13231 13616 21262 6509 5953 10962 15009 10718 14937 5099 7165 18967 22148 4704 4638 41194
887 85
28242 9210 36737 38167 326 3088 6453 3493 27501 5884 45790 47025 35168 6280 34276 9524 28464 9118 8424 38254 46370 3800 3133 29722 4304 47656 28483 2259 34247 9637 9522 9232 28491 34298 83251 37284 6279 425 3102 7114 9019 2326 33573 8386 9126 46644 38361 9528 34157 33901 4309 29646 28447 37200 11565 2276 34373 33169 34078 6384 40467 10298 46716 29462 33984 9550 8644 28023 4292 2795 3630 8358 3402 3575 27415 27946 46463 4311 4277 2541 39328 46324 710 18972 36334
1771 97
18164 41737 6301 39628 14817 7238 38753 21627 18258 59798 9125 39605 18168 6020 9536 22140 38883 8063 9520 38194 12082 40200 37066 12148 17035 15010 8000 42049 6213 21223 6265 37485 38758 38105 18890 41646 39524 9496 38771 12062 21564 36968 12044 39221 39062 41751 9516 38889 18229 37440 39151 12033 41323 9500 9180 9473 13881 37471 7908 9323 21297 8537 41380 8039 8011 9693 12076 37562 8065 46942 11530 38914 18431 12035 8052 18404 21066 38755 39353 42027 39753 8056 9213 8064 21656 7991 13876 10026 23644 18196 12269 39527 22483 18200 37565 38781 36851
261 87
17927 5500 15240 5583 12607 37031 46271 27398 27196 5472 27490 47754 18173 42599 42254 44630 4566 27360 46839 3312 31022 27155 31009 36966 46061 20922 13799 14268 29011 5975 46069 20313 25838 44650 44888 46884 27530 46963 13347 46132 5925 33675 15350 27489 15222 27500 42218 4716 5881 27234 27080 28014 6181 27795 27571 45107 27441 3763 40941 27252 16375 46701 46851 27578 44134 3817 5573 30291 46974 27158 5464 20163 27472 27361 64298 5885 27459 47151 14996 27464 32683 42416 3891 13032 5226 3834 43572
18 97
5369 5358 5000 5323 5781 4684 4112 5709 3821 4931 12003 3991 5359 3962 3904 50320 5845 4835 1037 3292 4612 4756 5013 5497 5023 5397 5311 4929 5752 4671 4058 5706 4755 4614 5059 2848 3778 3532 5016 4066 3983 5826 5908 4841 3349 4893 3948 5560 5794 3766 4636 450 5653 4094 3938 4121 5590 2087 5197 5591 3935 3250 4791 5720 4096 5457 25253 14359 3294 2014 5010 3951 3958 4620 5974 1741 4694 956 4054 4056 4808 3843 4935 1702 4640 5692 4085 3243 4945 4002 3769 5875 4099 5878 3856 5784 5347
1017 84
39403 19772 36402 41205 36254 40810 1339 40873 46181 38681 36710 36195 18361 38611 1796 19590 40828 41637 38116 19882 19707 12375 36714 36735 36262 39294 36272 20222 18191 21537 38307 19918 2564 18353 40815 38593 40619 37438 38190 37439 608 2481 39396 57 37490 39057 2890 41006 38615 41578 19689 18247 539 39374 41587 36201 41551 40834 18695 38027 169 38048 37333 42080 19553 41550 40645 18194 37493 6888 39155 19893 40632 39413 216 41699 37586 37322 60028 36453 41570 18343 18142 39205
1693 89
39915 27535 27404 27304 39942 27448 47047 25391 28372 24442 27433 25558 45813 24700 29348 29060 37744 29217 28253 42798 27265 25247 27531 28771 28398 29659 44683 27271 40071 29264 27351 29340 29168 34227 40977 24562 25403 27637 27449 27285 40441 24404 29661 28770 28905 24329 24151 46763 27418 45879 29764 37604 45311 38887 27907 27272 28825 37332 29460 38588 27446 74999 42031 47944 45786 28784 29369 37382 27813 24074 46720 40662 29362 27294 26788 27896 38273 38568 46785 28250 29660 25034 42160 25081 39661 37418 41795 28991 28723
1702 93
12418 17073 6762 6865 9856 17698 17863 3176 20685 10098 9402 20409 9442 7546 8543 26671 6822 7477 22837 14345 10055 57196 17378 3761 9871 12440 6398 9535 10011 13228 4669 15492 10200 6857 23505 19604 13029 19738 18475 8906 5039 17961 15606 17242 8139 15371 4629 9791 8426 9788 18071 15462 19505 12226 20351 18340 14547 3509 8312 2403 6851 15265 22523 9414 18197 17260 13940 7066 17717 20589 7530 4895 1246 12131 3108 22329 12126 9796 8937 16074 9854 8397 8165 4916 8908 14351 9724 21005 4142 12187 9364 6491 12490
1071 89
13551 37938 38142 38218 36701 39728 31488 31450 27470 35055 37036 34053 28580 36538 36125 42081 31914 36026 38097 41798 35368 35106 30832 37230 34231 31401 41739 35979 37995 82234 39111 31419 37835 37612 33791 33286 38284 38262 41965 27414 40482 40408 38193 37911 33899 39910 41792 30942 34802 35402 39401 31289 35303 39769 37752 37736 30902 40238 31525 39320 40091 40257 33257 39115 35344 37939 38277 31548 33288 34786 38288 41557 31253 31030 39242 35554 40314 36247 34721 31541 36530 34794 36556 39232 37975 31496 37968 31265 41701
1990 79
1509 34466 26755 41827 8403 4386 24904 24161 2805 4700 30236 4447 30307 13072 14575 12913 22285 30293 13260 26938 4850 14006 13169 6603 7009 26673 997 26323 8429 27868 11548 189 24912 8012 4119 12594 28466 8759 4953 33273 27221 29707 33281 25714 26274 25051 7131 30391 3718 25586 27877 1434 8561 32118 1098 34780 15808 8602 27905 35464 32715 27659 8372 1683 13662 7 32440 14140 7205 1601 14290 33807 4330 12735 72616 5977 25735 30930 12147
377 86
16609 6305 6743 6731 25632 47335 664 8299 32442 21944 38203 46668 34674 33887 1533 35020 32357 37711 45226 80365 4236 45354 13065 47739 284 4261 30315 13645 4371 27033 22466 1997 701 19262 2103 32583 11826 25771 20694 4298 39556 17044 20033 38085 38054 32907 39509 6817 36043 42654 23069 1746 1842 11812 7188 46060 45080 3247 25601 3260 27458 29386 3361 27768 10923 19112 33128 1618 37145 34610 4 1462 37815 11139 28393 35772 21504 3383 11805 39350 40149 3280 3545 21623 10851 1573
857 90
32853 37601 5106 21576 32743 18523 27926 20960 9366 19177 37901 18291 10434 10303 28319 30636 39909 8279 18412 19002 40357 37020 40704 19968 40982 46818 32826 8307 32316 8485 32627 22304 19941 8554 4234 8375 9027 44750 28303 8461 22125 8758 42637 30445 38106 42791 20305 35903 19932 33044 29175 89572 21759 19062 37469 831 4089 31514 30234 20583 28042 46264 36357 20460 2771 41530 38188 40242 30058 18655 23618 10389 28912 9040 19548 28212 21793 42735 39906 8630 45954 30224 18753 40014 29950 10363 203 11819 9054 48010
146 97
28635 40599 34152 16706 43400 43415 21768 40347 27403 42973 36507 43384 40329 59060 17555 22609 31241 17888 24818 23131 22685 16614 21276 43998 13240 21004 30243 15158 43247 37377 17020 31220 40380 38130 44045 30266 16605 17872 31280 31281 17656 19559 44655 15605 16083 17299 39408 34419 39454 17115 16326 44304 17322 37566 31633 27219 37615 22282 20971 20071 43603 31283 17303 37224 37904 15637 39683 26908 16280 29078 17107 19625 33564 45027 43266 16569 37232 37518 21124 15224 17957 37673 16536 15607 40423 16062 34146 41603 15564 15658 43329 31327 16885 15363 17874 37741 31234
98 97
7623 11304 9577 16796 1783 2475 235 945 12323 2471 10676 477 402 5415 7198 773 2284 1466 22912 8192 14601 12324 9503 1801 1846 10257 18748 273 11524 9990 12330 497 7595 1225 9987 262 6583 9917 10052 1693 9782 22911 9074 717 8715 20193 12393 1328 6309 13633 23235 1551 11992 2408 2450 38636 1784 1285 2663 7669 19146 150 2376 12462 2866 1106 1747 789 11895 2720 1250 10107 14638 14102 14481 7692 754 14097 1723 54993 9588 504 1300 13557 1705 7592 7181 1854 11435 6091 2732 2483 12359 2388 6016 6143 11998
969 89
19038 4492 23952 12650 18978 19501 4101 14423 14438 12547 6696 6680 11060 40151 5608 12445 6632 14413 12568 6497 19479 11104 6748 18058 12740 18970 2323 14167 4482 12656 7719 18814 3517 23139 12597 6689 14617 18380 12676 12549 21739 6163 6628 5182 19468 22439 12682 22143 15129 12603 22604 3462 4470 18853 6548 4790 6619 86882 3384 3420 19480 14120 12760 19394 6614 4668 19110 14806 18854 19487 6184 3936 14523 12570 3430 12765 19725 12739 12584 19123 6078 23080 4388 4485 13937 9135 22517 14382 23871
97 81
36830 34450 17203 13540 15213 14822 14160 14163 14326 15097 37508 38803 38244 33605 31599 33041 36354 31606 14342 35067 32582 16409 17949 13988 15356 14047 38096 14275 15163 32388 17279 37885 17982 17924 23174 37255 17837 16559 31753 15347 14281 33873 32373 17856 33647 15247 38212 41946 33569 14114 14809 37083 16669 15161 33596 14833 17862 36246 16347 15839 33590 38072 14274 15794 17672 36685 14818 32519 33565 32346 31615 14390 15355 33470 13763 13632 31634 31586 81069 13621 38614
