34
1919 269
55311 63697 11173 61653 74418 45312 30360 6886 34819 24428 46553 60623 22050 65960 75800 50969 47302 42201 12678 77863 81351 30720 75938 82960 65630 28549 57952 34560 77899 48104 53703 81283 481 18065 54336 61185 83645 22805 32375 49815 50133 61858 50507 19102 981 50425 22039 30829 65481 5071 65059 48144 28838 5463 29149 25477 40883 52930 69836 53041 66830 9669 35145 19930 64139 36092 4901 40677 81021 66203 34865 22773 44540 67200 74438 14155 64635 31996 11302 83230 78260 9849 50578 9104 58722 12238 24385 16739 82286 71291 72880 77645 75650 78344 34398 23692 4892 80838 41075 49614 45883 37089 70027 73243 2 44118 22806 72995 82659 6662 69138 76557 743 77202 3224 76981 49667 32514 42757 74887 79222 25586 74654 75787 16600 39503 36549 83084 14698 45992 4274 81212 54139 61008 893 73110 34165 39003 39614 41033 18764 50854 2532 43006 29198 7435 50508 23001 14538 44609 53676 38964 61208 51162 24652 26471 70439 11684 24989 7883 83739 12667 71507 18816 81842 49650 41329 23021 11025 28195 65503 79262 29852 58832 67141 2741 9848 27429 40993 20883 44170 40717 24492 50254 69482 69349 39670 32588 2016 52435 37698 42870 11835 17902 14228 13425 1437 48173 17575 28095 52186 6396 29783 64110 54312 69760 24425 28219 40611 1286 84235 31597 11573 71716 70781 17534 42450 43939 66023 70786 63502 82403 3358 60811 57118 37986 25454 47209 26172 55879 43889 39065 57808 44740 80297 19942 53348 68765 46611 82909 75783 80427 63555 3548 50709 77677 62603 18819 60569 78013 44258 40656 72189 9707 62567 70246 34233 56356 44249 61233 20648 697 11496 10090 20819 82778 12522 33841 18817
1790 46
59749 23661 8419 32360 77741 29623 34202 61983 66395 38555 80417 47358 73597 40331 42232 14122 49460 47303 83412 12617 12439 13014 19155 44853 15790 40150 32704 31231 31438 63618 30431 8717 84259 50693 47449 72445 14054 19132 64797 58422 67185 71693 74310 37842 23144 24390
1222 46
73646 83124 9510 16603 66430 82587 51414 36608 72782 16677 32536 56959 69916 36446 35337 38262 84142 45315 79145 55980 13221 77077 61813 3846 52639 41264 22579 49847 31905 11004 24866 58354 40981 83143 14595 17328 41831 23252 32018 32188 15582 76237 65747 27831 41799 34206
2947 45
26276 25671 9155 64972 83804 64767 77729 4053 62154 60096 70627 7421 19767 18881 79837 23090 49171 64193 23639 1337 64321 18491 20374 63123 49414 45082 58048 81295 78549 16433 21612 24530 30270 44126 33964 27774 66411 10388 72920 56093 51432 49889 60208 75486 7247
2759 45
71681 73919 37667 73546 31019 27872 19507 61885 71165 76645 53259 63189 71498 62670 33985 14683 64953 19095 33711 44275 7336 72572 40939 35286 28207 51543 22780 60050 84101 49550 80653 23532 22440 57813 76131 681 12532 19317 14263 1835 10704 26375 51250 4743 41644
1272 46
4131 53368 41610 60357 48330 39956 17299 63650 79217 42431 23084 67000 9761 46241 7044 28023 38820 51620 16387 23496 43651 63633 66966 54293 36827 48815 62336 71454 26856 38665 60844 46725 82008 71115 58538 58005 45736 75250 74062 13257 13169 68913 35028 18839 38115 9699
359 46
31400 57000 67804 20668 8463 33617 14150 64497 14689 57293 60074 20481 24946 32371 15625 23862 5171 65704 1649 65160 44460 10490 57766 1429 46189 72923 30206 13652 55048 70285 75494 43208 39255 5372 67718 38036 76671 18344 333 78212 34010 58149 76575 66866 8310 58143
2107 45
54152 47666 69192 4837 81790 10991 13997 72957 69409 32219 27390 54652 56582 72167 62751 26099 40578 34186 23462 22509 68092 82863 51052 68431 57342 79511 38403 29265 37692 80385 6052 34990 78651 52540 52617 43415 24747 78785 201 4115 64498 71936 36216 9589 37621
245 46
26371 18559 48125 29984 15952 39689 45439 63590 27010 2061 41387 34388 45978 35276 50308 60875 32382 60426 11847 20664 66479 10967 57208 54979 27603 62033 27657 8349 45155 7612 34342 38134 41444 47951 18976 76140 38606 12840 54868 82969 54786 14344 59155 29993 48896 71411
1241 46
18486 72352 70694 27172 81711 44602 13686 11213 37625 18801 40281 79835 7995 32402 77254 42375 54677 48030 9365 14335 55772 57054 20720 50266 5433 34774 63977 51851 10915 41020 79865 7986 74 83154 80708 63201 69039 10710 34009 56229 24106 32395 6726 31686 35942 67105
1084 46
30294 31480 35077 75839 26985 46694 74775 56470 30759 16053 28864 82871 60044 15115 18145 24889 36857 14425 12112 8152 84015 70603 41359 76439 51347 52528 25307 54581 32302 56213 30140 12254 51806 30883 13730 55984 35906 30032 65738 82946 19566 2137 21077 17259 32631 64872
472 46
20640 27935 22318 23149 15445 36010 41508 59736 65373 41045 23319 47914 29857 55033 17537 46812 61494 66496 65988 4355 41790 47419 468 43306 2178 77853 7463 9199 22807 4881 53504 39403 27339 40042 69965 73826 42425 58127 24364 14492 76560 708 28145 75998 40910 81131
1912 45
38823 84208 65463 68196 30810 54722 19935 63320 11476 15320 55413 81884 39042 56224 60400 42111 26596 77104 7373 75599 39431 19487 58171 56317 19675 20595 74499 5924 54903 28418 76992 19412 29045 55554 49763 76125 57597 73713 52234 43197 53574 21275 40239 29067 59027
1643 46
58959 3966 72634 43125 70813 81159 31755 75575 18009 58208 6576 71759 53993 79634 60212 17037 78254 80157 1903 66831 49336 55813 76200 35804 81966 62258 73813 42185 83399 64447 46318 21243 40104 17924 18618 35718 11677 43451 10503 53142 54323 52870 74806 20091 78021 22574
593 46
61028 83738 48659 80211 12929 77229 12793 44487 1849 23916 23307 5373 42470 64806 10559 81188 78974 55124 72891 46222 68335 46074 5806 83015 19465 48455 77878 20717 11478 5508 26551 28278 79275 46741 15589 17250 13396 44752 57164 41755 74478 83059 23397 35836 23374 53833
3021 45
35426 13353 11922 61483 17517 13036 68514 6871 62225 16789 14459 54773 68269 52110 21911 6856 70064 8461 27510 63680 5085 70510 4388 42416 64900 27351 18943 59891 48839 69484 19577 41327 67397 50892 54450 69375 29442 70242 65873 43103 35699 43841 56066 66816 31144
238 46
26392 51422 56437 61270 69333 76892 61558 75317 52073 18675 72391 58154 58716 11561 47114 21746 22651 29659 24986 8482 53206 48539 26796 5565 48184 25078 1675 76623 81024 10990 46193 28677 50333 41540 24301 1493 79539 75161 78440 13294 33831 44187 10951 60460 57465 31253
1392 46
29959 68383 1956 49141 37395 59876 32712 71096 40972 34555 46040 28922 69790 20586 27447 59505 21671 36818 65421 66016 41422 31830 72033 53477 15914 77638 16001 42798 6437 74203 64475 53608 80622 515 59396 82718 4023 33524 64081 83507 11793 71747 84294 11632 40646 78973
2126 45
54262 49402 11732 31568 84254 18739 68675 72507 36264 53392 82866 59326 45220 72087 10096 25478 62188 66735 80229 68735 66368 71926 67104 80841 47586 77257 15781 24177 1719 25863 60056 32796 82058 47023 2867 13793 21762 81316 35631 23454 16545 60416 34005 9660 58805
1519 45
43281 23535 53647 36628 81649 24755 10180 69743 60167 64008 51859 62084 36452 29127 14527 52389 21859 222 72107 71263 55085 7081 32594 11487 24059 10194 68515 17896 46518 7186 79760 48079 447 65994 78629 61062 45989 75218 12583 83513 19 74673 32217 12344 11440
1097 46
44902 74211 37114 18473 33778 54797 30159 59061 48836 74480 43190 73534 67332 65841 29898 5732 20405 32118 4650 5885 23159 71160 3996 83587 22861 25046 19836 41490 66024 60812 75025 33409 24013 4566 82154 83471 54510 60827 73745 61110 59150 35371 26432 16747 13056 44382
1520 45
70092 77421 47297 22239 5293 13412 6540 82833 15016 68606 43780 20718 43238 48867 50887 60156 35122 11820 35727 42424 48087 10966 31362 2369 47206 28926 26308 24546 50856 8680 44468 46879 47157 41826 66642 30640 58988 60709 53563 80810 1697 16920 32639 68659 7101
895 46
58261 81907 68886 46886 62649 15613 75943 75471 32769 34117 28160 49675 74129 57207 24869 62503 32845 72607 38368 52494 73674 61986 68746 33567 51920 80970 39835 74753 11710 56559 9191 52164 48291 77374 35167 69676 82623 34374 62235 61505 13640 37317 24473 67117 21751 72018
1094 46
6910 60954 37165 7187 16205 57440 56209 56401 35193 34645 74101 46861 79387 49923 44958 6218 68707 12396 25410 26478 18180 62168 71497 19455 18598 37277 65692 5596 40982 3005 47075 41290 27431 30752 3184 851 35610 35989 43184 16785 403 7823 10234 74380 47825 59085
1541 46
60297 70303 65429 64503 28363 68980 60862 80792 37934 81617 4885 37933 66167 9936 57468 77367 21165 21108 60692 4150 75439 64622 71293 20832 54820 72211 11191 27982 21501 10233 39400 70423 28607 69393 39547 81237 33996 46589 49446 1450 60288 175 732 5397 7588 70525
217 46
53521 2839 70202 50087 21297 32636 11588 31990 73035 16405 49135 41316 70383 36829 82051 74761 58557 82472 51424 16420 54245 42090 46875 61738 83421 11916 16496 7494 49185 38726 54768 9783 79631 54784 54465 66431 72059 23402 43791 22369 7675 20309 2234 14423 49512 72440
338 46
11148 69159 20957 57183 51349 20408 83313 74509 36386 5943 39914 44697 8122 13270 42219 3325 8719 46773 21527 6988 81785 24800 83675 62855 73827 52131 49989 49918 59629 17633 23543 71762 23620 70838 8067 63233 42279 52092 9483 30954 84086 14158 40936 2208 51956 60034
1242 45
53065 15036 64548 6195 25257 35369 22502 43221 70102 46390 1636 81883 57019 71986 68758 50889 27300 78677 38671 14990 10724 31452 27511 79810 70856 6043 58818 49260 83766 24810 53989 30809 52889 71349 67650 38061 21592 82534 67838 35827 18151 30190 50559 57829 63239
1440 46
54174 82872 83742 45379 12485 12241 45667 10387 38798 1815 73730 48579 45571 52513 39107 55365 10107 5311 61799 31308 27859 57831 38123 59951 61324 26679 23320 78131 2085 5395 45476 42528 78739 70973 46466 20636 14721 44885 12775 21906 73548 76242 28700 58728 64478 52123
818 45
8386 35538 39126 61052 2958 47227 27920 80980 7766 74840 78251 24335 75346 16269 4084 35106 27850 59161 43464 1978 39418 47888 7430 2351 22130 75528 43119 83652 180 79819 36243 17137 60121 56989 41481 61823 36821 38976 11049 12404 71446 6021 60043 58289 6633
1378 46
21468 5858 11886 53162 62965 52510 83180 78920 15431 38872 3279 47892 36839 34658 79657 23091 28522 31420 21631 26507 41605 75623 42854 46789 12423 51295 35279 67763 995 22088 13756 53595 20508 66140 4153 14256 78499 82985 30737 53189 7270 57297 2734 26386 50357 17634
897 45
61990 59441 14197 44352 16840 10944 4819 54785 19299 51018 56565 79360 67915 62803 76798 67744 75561 78398 48048 14096 38176 63361 83280 7832 15683 1088 69296 11044 50475 21588 9325 78555 75259 63546 49626 12220 79148 67586 34875 8560 40475 50619 83577 54053 8495
1558 46
8375 24934 67303 18004 65822 40771 14829 37354 32224 49491 22709 24388 82793 75732 34775 9529 61610 69968 46274 39315 68001 43531 18709 76582 33693 60942 70114 19986 32435 18630 51754 48945 14517 51004 43384 83565 15672 22840 63153 14384 65598 4301 31425 28124 57844 24414
1133 45
25020 32214 75399 53995 7959 25126 32503 74948 27348 54628 8740 2579 42785 39405 42601 29210 38400 80890 3856 65565 32383 82797 437 78923 24636 60850 19556 15674 79633 30312 29890 15626 47256 43237 77003 23298 82806 16255 55873 39897 32642 8302 40986 67034 28358
