38
4874 119
20346 74878 95424 62431 37468 93885 34027 37108 12705 29118 87696 21382 31265 15208 63357 92459 72894 83911 64073 76030 70497 27361 71509 76203 15466 71951 26238 86385 2601 96355 62613 13006 22418 21507 64164 23212 46639 19532 16373 82177 91345 80272 10356 73199 53766 16521 43287 53379 5105 89543 23342 64334 46751 63419 18012 61213 84658 49936 54482 88340 91016 87663 71098 53951 78443 70168 37063 76875 87455 71661 28158 85361 43380 14542 58559 59328 42512 9041 99862 73989 22345 72127 89850 67313 68111 31816 12059 2309 79710 9500 94809 92769 94168 18801 34584 85729 46663 36510 31946 24064 91254 23737 37144 65329 72521 67300 1594 74045 6606 74911 68098 49184 19507 97592 83260 60922 46484 1992 11999
565 104
34011 61877 54780 68383 1141 93263 98365 94913 79420 91896 54041 83788 32998 22913 9226 61068 14555 65563 62055 78056 40460 41326 12227 66761 28208 25022 73932 27984 80439 48568 34691 90161 90272 96989 86065 3896 72304 82057 59337 1875 54602 37820 61460 17175 2879 92260 8234 57241 43936 34998 18421 16591 72313 15784 72469 62928 12075 35852 12942 44006 38910 9798 65388 73711 78439 28587 47096 29301 85383 45634 14801 36191 18280 50670 65459 92555 66085 43440 31226 64069 38261 45582 6583 69018 89795 60464 29766 22923 64256 18909 28550 96492 9765 40165 19500 12371 83027 95369 28401 32001 38677 1905 4486 94620
2698 97
21620 49961 68729 37299 41035 34432 98562 68630 72625 42674 34492 65147 20181 92351 34898 64662 94338 33600 43664 58096 74909 7681 29358 45614 22023 92252 12834 94845 75342 10986 8028 42733 9710 17261 85423 22643 22165 99167 36007 36511 35955 76192 90965 74981 98629 29900 11060 3082 76936 67174 55861 23327 14130 20795 71404 42649 39074 43501 71892 92566 98861 51299 5529 84402 21219 71938 92038 95463 83421 62192 37184 59545 15223 35341 73178 9724 12012 86856 13064 82999 65923 53135 73037 52045 24260 22085 49604 92527 77008 58563 21040 76851 54351 25289 61252 14732 29165
3888 68
12418 70805 43691 97328 57605 77853 14356 12453 26371 85071 17610 91140 21173 98817 34662 16084 2843 17830 72238 58235 50267 69808 28621 20107 27775 89017 92811 65974 40419 65586 11226 53088 89193 9677 38880 90880 7546 86700 10010 15018 96640 30392 76276 80299 29 93359 49164 87742 70909 67442 50456 42889 62617 87536 95759 11881 35786 3199 11654 81678 93584 66455 60969 26800 20679 20430 68949 61402
3707 69
91264 78106 48611 40190 44360 83548 5955 32573 92235 67984 36540 17402 18762 56680 69289 98153 13156 98417 78711 44743 16651 95153 39270 3446 70199 88677 54464 33504 63081 38912 14946 99507 76825 55692 58362 50073 43777 85842 69934 12402 94404 92816 14277 39687 50306 97816 42154 48661 9457 68242 90188 31617 9623 24486 303 88628 31800 9140 52955 29535 20855 48007 43679 9505 21307 76629 99934 82797 7413
2657 62
8907 95464 28098 28129 75586 16213 93284 95163 7778 73094 14953 12235 11925 81179 43369 98407 99299 63692 68546 86177 39497 75048 69183 11929 12709 78719 79196 34580 6333 10851 71494 24 68460 311 31592 96478 3713 17645 65986 40737 2795 35827 85559 61670 67303 95812 15141 42877 6930 86352 40742 43914 94440 41543 78797 43474 66197 72728 53726 91037 53023 12138
2777 54
14012 19903 84584 66848 16327 35710 10371 43624 23868 68381 73174 87130 32972 3828 53768 82679 48925 83977 52651 9983 13426 50121 76538 67980 56870 92825 80051 33248 75664 7486 68925 83533 44137 90318 6173 33915 32601 95314 81550 7574 52094 30358 73516 25255 53214 88226 66891 83360 65402 76556 20909 85700 88262 80347
4078 53
16293 91120 66972 31017 36267 63063 9476 2389 56118 71296 68063 38026 77103 42504 93731 98758 38786 36556 95779 34484 44933 76114 7632 31728 35702 70178 71649 68711 60590 28011 45896 8669 95025 80246 1102 90345 475 531 78628 82163 63976 45660 21500 45668 67571 52163 68246 28449 82212 42424 14407 47196 24425
4186 34
7530 96251 23891 71816 3564 81118 55330 84847 98960 49572 96267 42799 62052 12301 51244 42907 15874 58647 96097 37463 59074 14294 91690 63075 21244 21036 52920 28061 55509 39559 25522 10899 44059 62240
1089 30
79770 42573 54181 18335 74365 59011 8461 75208 90470 69094 59339 75249 63199 75532 59897 41904 90449 23659 23433 66290 30902 50541 76397 11457 65548 7290 49984 72503 71146 81358
4303 32
54292 82463 70184 92635 6697 90210 27762 24619 61269 44988 95723 58493 91776 84616 36864 39588 32993 80910 48112 24893 21101 52009 39278 82408 19648 6807 37211 19896 20890 77711 12695 6967
5712 26
86204 88680 98390 34485 88295 67439 35690 77179 45572 88489 36221 5170 31419 17079 46023 27085 63622 29554 47168 36891 49589 73874 10578 22818 45820 74470
21 19
82498 86492 27518 29685 81044 2525 22119 99902 18398 40465 75565 7181 3499 95406 51978 8465 59857 77721 24811
5923 18
44512 25571 87023 2965 45687 69290 28922 3884 43234 69344 99722 44867 76516 84582 37606 56750 80532 66811
2508 17
64043 88760 25694 10308 5555 49578 40706 59585 8405 60485 29651 32721 7288 74182 5621 34727 85029
131 14
533 8638 20374 34033 69807 4807 85301 9803 24846 78676 22743 35821 40370 22077
3563 10
24352 70869 4448 26726 10377 98230 17750 96557 20322 62456
3273 12
23146 63633 20716 52148 54853 79953 24267 44471 15434 65204 4418 69523
2425 10
97936 32471 13762 64244 63555 89826 37101 5159 18360 41427
2749 12
74188 37175 89162 7909 4659 93649 24974 68543 7368 70369 39274 44802
1457 3
67486 94306 4275
4656 10
14070 56954 82052 3503 33905 65235 15390 59052 42287 40909
3655 7
56009 70416 65083 25649 96276 59081 601
4593 2
19535 50270
2825 6
31896 80762 18113 7459 22381 13009
2908 5
28479 38803 57450 13440 26309
3319 4
82114 90862 1470 23768
1078 3
29879 60001 40367
563 2
6074 67835
6134 4
45400 43125 93459 13663
1057 4
27472 5400 9650 52278
6009 2
18541 18083
2629 1
86279
3931 1
76150
5458 1
7599
154 2
62683 60486
2320 1
18102
2512 1
1660
