10
481 271
7690 49881 29767 28926 14005 40521 47070 62534 50788 39226 59005 54540 71491 86904 69172 68631 14094 92391 45422 92954 56726 34461 63839 62327 71151 96098 41344 79387 35963 12344 30096 68901 70038 36839 79850 25697 21103 95023 45656 30329 16530 83522 38804 82104 22843 25380 63211 61170 3912 25743 25205 81452 60991 7874 68609 48330 52878 40097 4013 76463 47892 85672 46274 78401 45064 24550 76595 6090 92837 99258 61198 24946 79161 56714 78683 85017 33506 59651 29993 19463 36636 76598 78182 61834 23029 98539 68063 52151 13117 860 82265 86734 94475 64497 62584 70754 14627 23008 77577 49679 40204 31636 62156 66585 87831 89638 30019 83174 96989 7265 40045 54876 52836 75608 14296 9105 30427 61983 5561 70529 41152 82878 47996 298 90843 47731 92946 33657 82704 69725 16565 83046 69117 71313 87994 20934 80011 72601 78307 48781 73294 43276 80209 16997 42736 47933 77854 14099 26717 28962 43615 22643 54132 85806 60052 32844 7705 96050 90685 50067 510 12222 28612 3642 14748 25122 85445 71644 30246 89458 50824 35018 97956 76736 2530 48743 16988 37121 79567 50071 86994 69133 67450 52045 74333 11255 7312 21850 29283 13990 85887 84954 53604 85490 3995 20633 22891 81383 48566 9557 92832 3053 91373 58715 73887 68683 88591 80779 58905 16892 45507 67048 43089 20337 58464 92110 29033 5689 14728 58452 20113 35422 64515 87374 10272 54669 55312 26256 98974 36920 28305 93499 19499 28617 3415 25811 43138 27556 67488 90757 88717 24765 9259 70932 76599 37915 88053 98478 74251 98363 20632 14681 41308 82111 75941 69740 43368 16496 79000 80088 71005 503 1599 65201 40635 1739 39666 21277 88937 53221 8187
2841 107
91806 50366 91086 17618 37150 20868 65507 16397 54347 25009 8518 77067 83235 88857 44002 10490 48400 68648 8928 9159 21792 9864 80680 51011 36568 55071 92618 8135 7833 98661 75081 22754 20127 14717 31354 59533 7395 29344 40046 62773 80633 93255 39796 90069 5387 53989 28379 69880 82231 31726 41072 14088 39329 93833 51987 97332 33888 23432 61201 42799 47800 55330 17227 80293 12591 67244 24150 88181 86164 33961 157 48428 59479 33299 23315 86075 74808 85714 46383 61157 83648 22158 20759 42522 75409 28185 24185 74287 95383 66281 77975 97975 85346 21719 68587 42272 88445 93133 52823 85528 54247 16897 87074 73362 17111 37601 96038
389 49
33197 86445 50544 44258 43957 72624 95414 95447 62826 59238 23855 47111 91331 74531 60901 7488 76970 65148 12703 20850 81820 34844 23341 443 972 61777 4185 15360 21280 46569 79222 80605 54619 36906 13756 27015 19759 60022 90662 92696 76550 46905 33812 59693 32765 19168 68864 73177 85985
1622 20
21591 74146 94461 56040 79215 1296 74911 89802 35850 67826 99140 40495 82259 83331 80704 57484 77377 64740 65660 42077
3136 10
35749 45573 17184 35363 98482 22415 96713 3961 86716 99027
1409 2
82802 86609
77 3
37613 56418 33947
532 1
65685
111 1
60514
734 1
32927
