32
335 142
65026 90125 24097 20543 88666 98426 97161 31724 15075 88444 86653 60399 44236 94346 93717 49098 43880 81670 13336 27031 7095 69104 16133 56649 79161 52135 95143 85001 43251 57140 39710 29660 51968 68041 36565 9271 82860 36701 97698 93730 27131 58775 15950 90627 94654 69034 91918 74652 68782 54717 22040 26191 54764 15251 58368 99904 81181 93038 81213 81430 64031 38714 7444 43641 23290 59448 7987 71741 19717 72344 31222 39444 53216 77889 30091 63083 8585 15430 80417 30326 13055 99666 91493 82853 15399 57784 55543 72300 42603 97864 10267 30313 29738 77744 50187 1197 76444 63654 93519 83056 15307 45237 57414 62715 49746 92116 88500 65132 33697 6454 921 67582 90975 54894 94723 61030 64414 13014 53258 73899 38011 81634 99298 35189 74884 75332 67356 78504 61815 32053 8076 30486 60238 90613 61545 13954 191 48849 40184 91395 65814 85450
4340 115
61976 38815 89062 49943 4237 71383 63102 56938 45060 83750 70816 13405 70096 39364 26181 78176 19238 12493 42736 61565 88648 52062 28537 75940 33004 37895 98014 70707 82993 88125 43528 72962 54020 82813 13461 36600 5558 16847 601 69246 27939 52879 93515 43930 79617 38894 6052 25897 96466 56447 78779 63393 60073 22991 57944 78500 42055 46628 63240 19206 15363 3668 65582 85160 96570 62770 61299 9060 7445 12875 56660 88493 92197 76525 55416 98443 52623 51812 68819 66132 20071 28946 70839 92249 7265 44675 24524 80792 42896 79500 48254 84276 70747 28446 58799 13617 23713 56692 57513 4167 53546 991 70210 74588 47737 51735 65069 37609 39658 11040 4414 50018 41422 33235 50148
4318 100
39038 6863 33524 35882 77946 37224 70833 32363 23461 93881 1466 72733 57477 77325 54768 45040 59445 47307 82745 74733 91545 13698 26509 53127 78770 87693 96765 77535 76642 19351 81109 11197 93826 89838 84549 22950 62287 47798 5601 77583 36751 44485 43902 40914 27290 24647 60273 88308 1398 26414 9086 30931 54964 19329 17651 62796 71259 57228 71786 35027 38384 83197 40559 52192 31354 57896 24710 45150 93164 36012 51517 16033 53233 47653 81787 6688 82774 69720 51515 60322 78045 80845 74198 22030 18359 64664 52177 10654 9368 94854 51628 74541 4622 69694 19536 59602 87317 21801 57185 54781
6315 80
38782 33972 66764 73250 2581 97921 71347 2111 56634 84067 79818 41882 83158 12614 59841 72183 77922 67890 39748 17677 64967 26002 65712 12565 90448 63307 84646 93722 76797 95835 33238 74380 97001 83235 91788 65996 2084 34142 81294 13815 77446 54712 93313 17060 69743 16990 92119 97321 30857 35248 65752 95717 66118 68084 4202 82657 56438 51929 75695 75008 35067 70064 73584 21941 86026 96969 88535 91734 60183 6265 11931 51982 40479 83179 66105 31358 10387 27371 53060 59819
548 68
15653 31340 58838 75498 33790 68870 51637 29460 64835 72649 13008 80916 60372 4697 86367 49023 48627 47206 83092 83063 11027 95518 98127 89456 42657 90084 63790 13128 15457 27853 38232 97154 74598 93446 20110 24232 34640 70269 36458 1037 35393 36653 43527 11599 65151 98153 28324 72010 94086 23465 39193 31312 96483 4957 62943 86537 41625 57263 92709 85241 23313 5705 80661 30232 58651 89833 18545 56700
5476 49
49534 2277 17549 17010 3602 82965 63414 54833 77542 4546 54612 4133 43974 29269 97892 65111 87528 76912 39894 33150 40082 94258 64934 48556 37413 59110 99086 7977 41408 98097 45934 2886 72533 11794 32097 77906 11473 33832 68047 92740 853 34021 81864 70845 82247 61748 26922 62293 92898
5289 34
18108 73607 14025 80672 94993 5335 32158 15455 48845 63598 9719 87505 67567 1559 31359 52240 55362 79844 73513 12040 55183 35052 61233 64339 87930 86934 14477 32266 79155 78062 36293 99322 38095 35425
4865 39
29195 25322 71550 53072 24019 77090 63960 82594 1312 38321 67496 57294 51855 60385 47451 10155 33874 77925 55876 11803 19582 82827 21254 96477 19447 26390 71265 83190 33434 79567 78489 72629 90694 41337 9524 51705 93712 53661 67056
4440 28
50520 30669 23317 21155 42469 66977 74638 33241 61231 78874 96862 97761 45012 84062 17829 85417 52646 41008 45398 89840 77332 35931 15267 30550 4990 86218 10135 38763
6741 24
61186 16014 68840 9906 75618 75623 81316 44530 68705 8160 72676 362 6500 67209 8855 66454 27607 35066 65003 2785 24926 54577 79363 16468
4395 24
27639 74188 33267 67494 89888 33001 53765 34198 11400 93381 46837 73561 54057 16844 29809 15327 78552 1260 46809 29848 28353 9544 70767 11891
1317 21
94544 89473 39799 17181 96949 29532 97237 37073 48717 86932 78983 46442 19793 1642 67295 89669 66957 41754 4152 17343 88028
6795 12
65513 24572 45510 47061 38020 31296 41372 68285 62451 11854 65219 26069
4680 10
86532 4571 37553 33605 27539 89997 57560 19914 11166 62950
3740 11
78522 70987 57021 76623 61902 80116 19319 64651 85524 76589 9841
3850 7
48375 46712 41568 13326 34675 16838 5498
2804 10
86562 69927 54596 34152 92838 54469 46135 29159 51828 76606
2925 3
41285 20745 55629
2836 4
2551 52165 74645 6268
6986 4
54482 97123 12793 47449
3759 5
40140 94664 69625 98945 19448
1323 2
32368 36913
2807 1
54006
5218 1
52283
5806 2
16527 60529
6611 2
70637 99080
3669 2
66226 58603
6234 1
78150
2967 1
84213
2022 2
49670 60148
5272 1
26607
2636 1
94623
