36
1615 149
37177 26101 87947 35167 8101 79860 19543 77951 5011 78886 47903 3395 52763 84572 13870 6740 96083 27892 3838 1868 43869 44466 78163 853 68992 65424 28348 54556 92157 58698 31077 75828 8831 31391 39232 17340 53148 82415 12014 65653 11992 88507 29270 48397 87089 71325 41495 72304 54693 92373 45162 37158 20680 44985 84279 15673 5837 4585 49713 67638 1311 56748 73462 65011 16602 46533 94687 92797 88938 63596 86744 85472 43515 89259 25480 51500 93024 24163 28925 44830 92018 4466 77533 94874 87015 96665 91659 81148 24484 39114 87049 86889 35852 93891 99562 97223 56421 55233 46723 66377 96106 61948 33116 18010 76081 84845 20452 12998 99234 61358 91133 78859 14963 40686 63617 18185 71279 94643 68338 80630 88038 2110 9105 88011 98610 91441 97640 52186 55690 83793 64996 85068 78585 19761 77984 34348 11330 98007 28401 52378 19672 17971 95206 20629 9793 28100 8753 75905 60386
4155 121
8379 78202 13882 95350 15145 2731 29247 10234 44789 30246 18744 4911 46200 2499 51771 19498 12378 15460 62269 74821 94727 39466 87308 11621 34826 74838 21562 48137 9451 36255 45270 64899 85067 85401 78068 11874 88261 58158 61767 92008 4102 41089 28274 98518 30862 30013 7514 74501 67408 53090 84675 5898 14754 12505 16547 65106 83819 14477 69420 1023 94864 74981 93316 99313 86663 14834 89142 15753 73699 41202 9872 42802 34440 85300 21687 40250 22620 6561 9594 6840 49064 43704 12664 95984 12823 99871 68621 24297 86750 13127 60149 78856 75807 98932 44715 83230 78964 24459 20512 28899 65638 63837 3151 9557 30637 75996 72528 28342 18400 42564 91515 87486 33181 73916 52654 1001 86385 53859 38843 56763 8173
4395 97
79704 23522 86636 89077 66886 38637 81001 76750 80792 50947 82984 25966 63058 10429 13814 47860 10275 30640 99610 64912 87866 21047 39163 49794 87572 87285 35973 85101 63583 22641 65910 87778 38741 20267 27026 4833 39728 28131 44110 52468 57929 21341 21509 93360 28550 11005 38997 33878 82066 17453 15305 81715 36486 36269 34379 66144 30571 40062 17058 99773 61875 88811 17075 43832 26457 30680 15998 26984 58052 66784 27911 42423 7983 6094 7064 73629 70241 88729 9513 67948 58704 34242 20059 43634 88403 44533 96580 10974 70084 97894 31500 17875 58049 56111 82129 87352 2011
1582 85
60259 44090 56860 2397 28188 22946 25004 27205 26538 30800 32759 59701 8135 98883 38320 76283 92138 535 98135 92691 64758 86581 27619 39069 75160 80993 95216 95516 20366 34060 20157 9558 45199 99497 54955 56517 78062 77405 36681 75606 48022 13059 94128 34116 49756 2129 27285 30341 21418 86492 51648 49145 70471 47220 18422 34689 63580 51209 12430 58571 32509 47148 76331 17185 96967 20405 25293 19976 35238 61440 49023 27470 92546 13535 62256 41285 9046 54943 70723 68497 26872 36653 79895 66557 421
352 72
64462 81884 62534 85637 42060 34214 54796 28689 3441 23287 54695 49862 39638 40375 80250 23265 53738 65411 32773 3430 70523 77040 5 65398 54206 48178 2174 35092 62901 45515 32765 11854 89144 50546 40318 12750 4199 82991 58453 21399 23548 54205 20646 76455 83464 25857 16829 863 23457 4539 99133 48095 27568 52339 87442 63320 73626 37150 90567 20876 83148 98462 51658 44118 77876 34460 98181 80098 62704 4493 22448 63864
316 66
82653 73858 5360 95069 892 47803 906 12081 59949 18362 9160 32299 61201 77523 7542 42059 90217 69652 53256 21461 27376 21041 40207 12701 62973 3219 5965 87391 78767 53153 47481 84853 6151 40501 64588 13334 60252 9108 46237 16136 36483 75838 40927 41200 8066 15565 25331 27069 8047 1823 16359 33707 33679 5031 63987 56439 80527 85291 53131 90896 47260 28937 30731 64839 48805 79028
3568 49
52583 39516 26832 66219 88376 33560 94780 24081 34506 92103 44230 55157 23495 54459 40803 64873 95947 9168 97583 63666 46669 54439 3824 51628 52638 61813 94796 48004 29034 43781 84130 76009 30462 65895 5188 84595 85879 29163 64778 70077 59873 32422 59674 25349 98878 22397 66833 12127 1790
6236 49
7493 89304 670 29158 60482 37739 37024 13174 43348 47580 88497 16294 98233 48580 18866 88094 20161 70098 14812 42845 29758 39963 2496 30747 48133 16594 77601 16179 88245 94871 46832 64507 18181 14255 87104 48406 53258 14456 86296 82351 63128 71517 71205 86718 82528 70998 3290 76114 70135
360 36
33774 3628 33874 49754 69005 87622 62606 64350 73839 20765 71488 74162 97162 15801 99640 33536 92057 96203 32867 41773 57387 52434 47142 31706 394 20149 24452 12977 76856 6669 90883 217 10118 51327 63196 43774
3650 35
15738 87306 11941 16672 51656 41915 20399 46668 9715 21313 29257 60766 79970 52361 9208 10341 25854 99888 53958 21197 83025 23341 36319 64140 63092 1995 27926 14048 56154 8196 55552 87983 78112 32076 38995
410 26
3381 49311 56313 87184 25128 57301 40636 33381 60941 9896 53628 50902 52531 4722 56574 83592 50006 16798 69493 24197 19870 14875 85410 75954 64357 14406
1646 20
17054 71829 14191 38896 8284 58403 51195 76872 43834 40941 21212 70926 48311 9729 36790 96839 48409 15888 4309 52408
695 16
94123 30628 98204 23028 33927 71093 35308 51050 69680 95150 61135 3779 50332 72922 66822 22978
5410 22
62124 90676 14029 82072 76835 16784 16955 49973 88980 72579 77863 18403 81468 51123 47654 58843 10398 50487 49545 88747 23226 71637
804 13
25186 26279 75161 68627 45909 50580 31810 89043 22485 66531 85020 7589 3242
5272 10
40757 66969 2137 71385 5465 77487 7939 22721 90636 59602
921 12
33305 85128 63993 10215 99891 62874 66537 39034 82790 91295 38231 59065
632 12
81837 97904 96873 23294 71503 65116 81716 8669 44598 45164 4839 9631
5491 12
47926 8610 40036 18342 13306 68986 71592 50860 58962 8077 42664 84523
5008 4
52935 72420 75026 60032
1809 5
90812 2728 61502 86511 23261
5716 5
27329 52706 84102 72897 81339
4824 3
44311 27129 80420
2038 3
42772 47773 60588
3608 4
75438 89635 36694 88326
2680 1
13487
4956 1
88541
2721 1
10243
6705 3
95377 98933 12248
2609 1
36168
5502 1
8537
2639 2
79672 78821
323 2
70100 95695
2985 1
10893
353 1
91765
3365 1
54207
