8
3468 139
63668 24464 55938 36645 64350 15451 77771 67795 61077 82670 20498 65065 14567 39580 39565 41693 838 77950 27344 55091 37331 52582 47135 18021 53365 12561 14004 7302 82314 50159 57040 56546 16308 69988 48258 43910 80496 5224 36420 49309 5854 1992 57377 41446 23644 72304 62107 88255 4560 3181 55191 64774 18375 20122 45940 78301 40560 43780 74219 17677 53429 23775 6727 86361 53915 55982 38709 45889 69999 7219 60939 50884 46408 16278 68779 31441 19079 43709 20363 26235 4424 42825 30910 79196 8625 23868 14118 26666 36721 46224 45770 72447 5090 76380 40744 4064 187 53733 82120 48528 58649 57297 6749 50877 65655 132 16081 85477 15445 46070 44927 23563 58655 31128 34684 57453 54498 25072 66683 71491 8951 22358 48126 45388 5025 49779 18774 62141 49458 36620 22339 28333 43676 34738 52978 77784 29232 28394 2050
3096 62
31332 70524 27271 48847 46296 74120 60500 82069 70614 23038 34455 12011 47106 74762 32392 35657 54451 30636 23080 53459 64309 41612 86636 85111 26472 10015 31048 75185 38440 16886 60847 24893 80301 56752 49302 39585 24847 55254 6409 55211 26249 19260 25564 64293 52785 80785 62428 26347 39560 19773 35426 16181 77407 29572 66333 66473 74409 30008 31589 48737 44081 20185
1525 40
33363 32297 82839 71159 57460 25051 86854 16426 69118 76046 65882 41664 46423 2174 14840 47896 74190 37886 27082 15936 13987 31090 6524 67589 57995 37968 41126 77607 36267 83965 28794 61736 10084 9408 5635 63966 41616 38032 34377 65798
611 28
72437 83616 42897 3270 57551 39534 40250 6008 32412 702 19521 23484 50850 39059 88003 52560 20552 62722 54355 63550 58389 23979 265 25000 36555 42254 33150 68003
4018 9
67155 36132 84743 28765 44851 71035 3098 18982 87514
663 7
17347 84811 74471 16488 86948 24441 59113
6525 6
30869 23948 67474 18007 18231 68107
1720 1
40985
