98
3056 9
81913 19218 18344 79545 3760 5362 71153 51717 67619
1719 9
5283 73813 59317 18179 1359 31129 89309 4906 76478
2253 9
21283 76555 49909 60964 67477 71236 31595 45139 16391
4700 9
92842 57165 9867 92029 75430 11004 6817 55003 57031
11105 8
66770 57516 45660 6130 73191 17905 32139 6267
3221 6
58077 711 24633 6366 59721 60583
1664 8
8059 60018 19703 88063 47971 6667 63052 9874
872 8
65540 50810 68063 40519 60234 62111 30131 27139
775 8
73557 72894 59485 36797 36900 69495 74115 90098
1475 9
4827 82387 69352 15382 14507 86642 12728 83471 3580
11013 5
80289 47088 62843 80453 40026
4916 7
23031 34370 7172 44652 48964 63377 5545
2266 9
14981 73946 16741 58115 74875 8241 65093 17720 4099
4445 8
73101 30050 66557 25852 8825 81597 60690 33536
13614 7
12750 84909 25947 66744 74227 81796 23622
5248 6
16064 5091 40089 74652 22245 79178
12784 5
11657 57085 12386 38104 25795
9368 6
36440 53418 76169 15607 58487 80446
8702 8
5349 5048 79691 53246 86434 60934 89670 22273
63 7
76352 16802 90888 57234 36368 53404 72103
2860 6
95182 55138 54956 3349 61773 86430
15110 5
96030 10981 32583 32882 66630
2355 7
37634 7851 69444 15056 38059 25678 95346
3269 7
49787 94998 20986 22180 24381 58226 63757
8053 6
89816 16776 11826 4614 50869 94233
4435 7
68908 46451 39966 5222 6904 50356 37693
9505 6
91657 8085 32903 28057 2277 66941
3062 8
26107 35250 78936 43294 40632 11950 32737 78680
714 5
70187 32141 77879 84211 74530
3863 7
84974 45723 42327 47616 93460 77391 4667
771 4
59423 94013 51813 22951
6144 6
69621 39853 14536 87018 71758 13595
3180 6
66109 55986 2666 37445 91574 18039
1673 8
59591 92117 71159 25760 27028 50024 22326 94175
3480 7
5297 23483 84385 20886 12955 63658 61958
178 4
17788 93222 25466 59188
694 5
69786 22200 79049 34148 88935
3559 7
51155 46137 41795 90421 52623 39975 31787
6065 4
37955 66131 92761 29383
4077 6
76839 71386 16431 76764 56232 87726
5865 4
55528 54542 49156 66580
4861 4
2781 69698 58205 73018
2716 5
58322 49261 81646 85662 92984
2991 5
19597 25649 36512 78199 41359
2608 3
75327 21921 59312
8103 4
53354 82178 81067 23637
11710 5
19986 85047 66004 5934 7606
5408 4
13334 6512 27348 31716
7504 3
48797 75035 28809
14052 4
74625 62801 86171 5490
13688 4
10287 79816 19804 30983
1406 4
78205 78990 672 34240
1970 4
35471 39593 68011 66276
2408 5
10817 78562 74286 64547 36857
540 5
40780 89417 13290 41250 47640
1892 4
38282 22281 8624 7585
4331 6
7641 9339 31330 53744 37948 25089
603 2
19816 5240
2962 5
12954 7282 48553 19993 7683
9512 5
9067 47169 51932 39710 78101
589 3
12437 49172 73847
4190 4
29568 55593 63264 28633
12888 4
20699 43262 2500 13579
12952 2
65708 79744
1330 4
5251 80554 75356 77246
786 7
11407 54595 30026 45530 76487 31403 81121
4993 3
44744 70640 73452
2478 4
23193 15746 53235 8526
751 5
29666 86667 64567 63551 56712
2272 2
31897 35918
2451 6
84665 50321 3774 46136 45367 26245
1675 4
69342 28342 14122 82255
4202 4
28710 6935 19394 16011
10731 3
34349 6548 69808
6714 3
58399 43547 19905
1658 7
41030 67050 71272 60095 65811 73628 44561
14339 2
78601 24987
2872 5
89528 25122 64207 16053 49106
15158 3
64049 42092 29044
7516 4
13150 69450 68645 21649
5185 4
76353 90026 50420 56245
3342 4
52851 49624 31676 12313
7968 1
74781
1963 3
16743 33018 87444
428 2
770 16465
1739 5
8482 27004 96094 25860 20771
3335 4
4047 45404 17313 29485
4458 5
87189 29031 19921 33842 27122
461 2
36244 45414
1871 3
18632 96065 727
1899 1
82486
928 2
76940 86357
951 2
33616 70351
839 4
27597 55595 8022 29976
2157 2
50238 73342
12008 3
64188 53211 2113
130 2
5497 89610
4909 4
90614 3986 46383 63588
