92
3485 17
26780 67449 58339 41565 6123 7504 91653 57541 85719 68602 4970 18298 74619 47899 42642 42340 27275
778 17
82049 36224 96214 9418 82426 67621 10496 90524 64356 24711 19792 68471 49084 47101 14613 55276 12543
2402 17
73284 15862 93275 37307 73247 4929 55236 8898 49577 78492 1908 32227 63179 47036 58793 78254 77019
3472 14
85774 38876 1241 48959 16100 11521 75281 51168 43042 38137 77170 16673 49742 32068
3926 9
63094 92792 10729 57128 78272 90776 34921 33401 45420
4040 12
36795 89887 28660 31464 67836 54318 26492 49387 57539 37045 42914 91098
5242 11
42466 95890 23002 39597 3645 15481 80622 49072 85707 2529 52375
3770 11
75177 20150 10687 56523 86928 27380 99786 56684 75312 61424 97632
1847 10
11657 76749 59008 33508 5250 49975 20383 32168 1355 11417
1008 15
73191 57669 20058 88213 12037 31347 84248 90248 26546 97027 28631 94566 46271 20093 96741
831 13
50393 74136 45982 89309 89726 20514 72563 31490 47761 64069 6006 26283 11423
2376 7
83147 46883 36773 49162 86910 93711 95760
4710 7
11878 75996 59334 32929 77871 26429 15465
115 8
24188 67467 73350 91001 59460 36957 99732 82897
2052 8
48568 34836 40510 32446 51557 58991 95973 73568
2036 10
76878 62876 82987 99447 20647 45897 77847 3342 90198 85702
258 10
71721 27177 61084 41887 46019 26009 42389 3659 60799 2973
2131 5
56667 1619 52984 44846 2934
1755 7
78163 12318 29235 98884 29557 23307 49856
2684 8
18241 94636 60201 79268 85615 77373 91034 53817
5568 8
80200 51534 47423 94034 38710 71604 57738 31847
4316 5
54430 42173 65980 46811 47438
4390 4
15984 87137 39199 88547
1207 5
42684 53102 18615 45231 79261
4956 6
19193 44363 58945 11059 72985 24909
4724 4
85595 56024 72386 3614
4347 3
33898 34705 41468
4431 2
5954 92556
3293 2
97750 40693
360 1
27087
1973 4
94426 13948 68768 72642
4314 4
42037 4702 11462 30922
574 6
38719 25712 20782 65448 79095 92680
5388 1
58244
2815 4
44415 72299 75749 52987
4843 1
75032
943 5
54615 99481 94076 2502 14440
2984 1
26629
1237 4
36034 17906 99605 82148
3638 4
17834 56710 95628 24465
1710 2
31676 673
749 4
28526 649 70449 94235
1525 2
55247 50491
2750 1
75562
1338 2
70292 36682
2909 3
37773 79710 67958
1887 5
39349 89431 69916 66884 6427
843 1
66558
3492 1
53772
5108 2
99593 76308
5303 2
60808 72368
3352 1
10129
1765 1
69935
4583 1
6304
3394 2
41904 71310
2155 3
87790 74706 36919
2313 3
72974 51698 32925
1306 1
89327
3771 2
90703 36363
402 2
37000 54848
1342 1
91831
770 1
71413
4301 1
76296
719 3
8584 35093 52779
762 2
26549 73493
3187 1
94029
3325 2
99180 35869
1145 1
70738
3115 2
97360 24647
635 1
20076
1329 1
88376
5488 1
23100
474 1
12971
3496 2
87007 66740
1505 1
82082
27 2
64401 13657
5309 1
65638
1802 1
3693
4727 1
26169
1834 1
33097
1196 2
72819 3412
1184 2
10524 86334
1257 1
9625
1945 1
54653
4593 1
63337
591 1
6769
2290 1
69527
2309 1
64299
1358 1
61078
1093 1
140
4185 1
55048
1039 1
25426
