140
6479 8
4095 38883 26541 15767 8480 43361 93135 41935
6746 8
25199 17818 91967 76244 4805 22531 22281 75944
16715 7
9825 22519 91385 33848 46577 48511 49184
449 7
36547 53716 14482 14948 48909 29399 73297
6673 7
19500 56310 52342 3410 69574 34990 75162
7893 8
73612 31635 65978 70629 6081 38925 69515 50029
14123 6
8568 27380 34174 35283 8446 37194
1204 8
33873 70939 13658 20556 39460 62292 46368 45404
8961 8
6833 46468 16168 20477 69779 27375 71026 4441
5568 8
89235 57918 72846 76379 9906 65292 54568 89393
2794 7
51609 32040 53467 74642 28930 26709 33333
2528 7
44333 69990 23133 16885 52147 58187 7819
20915 5
78578 15627 68754 66705 74032
6898 7
29685 76896 53509 75304 61876 52583 86362
3031 6
76925 2209 62019 83013 70739 32284
17219 5
3334 30818 77762 55181 2355
5357 8
57789 4397 11931 48520 12538 50272 5491 87509
19314 5
92109 72342 39745 31853 20884
604 8
25922 48838 82428 73315 16080 23535 49204 82929
7957 6
51065 26950 39646 62352 72670 55279
9349 6
21345 45339 27217 87570 49435 59759
11093 4
33606 76074 34922 62944
20116 6
21752 36803 53550 16162 1274 14831
4292 5
89342 54775 92658 54247 36984
7927 8
87187 19661 57842 14832 5536 40092 62102 86837
8458 7
81933 60813 71657 25872 41407 88663 65908
583 4
26437 12030 18164 82654
7783 6
29757 38886 43151 53180 40657 71868
11538 2
59440 90428
17670 4
91257 26558 46483 88360
15380 4
20707 34027 33725 14818
4097 7
90413 91073 76987 33620 24823 6916 40439
8214 3
87688 19156 12154
1411 4
1312 65863 46623 30050
17685 5
62775 79552 61167 46065 26018
611 4
50944 18671 26670 38839
2115 6
75725 22855 11473 49062 24799 76440
16424 4
1765 83476 14863 90297
7909 4
34664 24109 10963 32728
2696 7
5575 27106 70815 1692 17336 18215 12358
3 2
20317 59246
9135 2
38189 46735
8333 6
47289 8295 26503 74662 47668 737
4569 5
9013 91663 84631 89260 90804
7559 7
32348 72294 63612 82757 72939 56049 74540
17287 3
57676 47755 33593
4543 3
73802 10597 36626
7686 4
85805 56665 40633 85903
476 6
84477 9224 44386 19008 75600 74745
13928 6
4125 77156 5847 38898 59262 80765
6243 7
70587 37445 41375 60699 90810 21060 77966
636 6
85596 70515 50779 74841 8833 12924
1798 5
33918 70233 65074 68918 58478
7326 3
81802 21347 34882
2314 5
43465 53886 69099 83200 50822
9870 4
2606 43131 83600 25885
8359 2
28321 92865
5092 6
53946 60671 46265 7432 49625 15417
9018 6
44498 17486 47307 46341 78084 58385
4924 5
69157 1927 21621 61547 3200
8292 7
48614 73803 53329 68335 63238 15962 63683
8873 5
21664 79927 10923 31400 78970
4303 3
80989 14899 6489
6152 5
65402 62191 50897 58666 91548
12110 3
9470 10645 12675
8782 5
29731 76565 7002 93396 23234
13305 5
4769 81234 71451 52281 35154
6994 4
7697 84635 57795 29771
3867 4
70138 75327 86000 79144
19652 2
14615 49495
10711 3
42468 51898 9876
1237 4
84888 13890 70419 76512
3565 5
37462 9594 28790 80172 85539
3990 2
35851 40468
6016 4
74243 84959 87987 83407
8136 5
25609 562 53098 11292 14688
7182 2
49088 21940
18432 5
44358 22252 12641 42248 9928
10415 5
45811 49220 46628 30512 17940
3490 4
547 18548 8121 60912
5100 5
46078 77548 15617 72837 47868
2199 5
37641 90064 5225 20800 28985
3406 3
53930 19019 74568
5108 4
43000 29338 38072 87204
17688 3
5297 44303 65525
635 3
22950 44446 78265
462 5
7192 93610 65298 34150 71210
786 3
14923 4043 67246
3855 5
91481 6288 47718 28587 59962
7725 2
37575 49957
5141 2
78978 53308
3704 2
88994 37642
5011 4
64520 11715 91111 22656
9080 2
86412 5193
19867 3
63519 60088 26703
2800 4
84675 69200 68858 49600
15323 1
41585
2815 3
76982 60228 2281
7295 1
51827
12421 5
21013 45252 40813 14408 44959
2053 1
12342
3526 2
10749 17774
7945 4
20066 27813 48347 43853
7256 3
43582 41027 29831
2929 1
82886
2489 3
34132 5393 24203
4472 2
8721 47577
18680 2
35388 41964
8574 1
82968
5448 4
39144 12438 15591 36976
6072 2
16178 36077
4820 4
78436 64889 50143 31703
5116 3
77171 71954 67867
2196 2
81540 50685
3292 4
80894 55603 52429 76846
8763 4
37380 33485 49493 83300
6006 3
72617 45249 53738
4426 2
33548 41447
1085 1
51081
2476 2
18577 85488
8011 2
18161 17465
2989 3
31059 80068 40307
3791 4
91715 13297 4018 59122
6813 3
43932 92126 82506
891 2
80497 9582
6426 3
88930 93060 36456
4694 3
38937 58062 70978
1792 2
41076 54619
3385 2
74191 78467
1819 2
24030 720
14193 3
66214 9280 61141
4016 1
31532
12926 2
70575 21462
21859 3
38486 69948 51299
13591 1
40274
15847 2
23638 48197
14001 2
57084 72352
548 1
17493
2431 2
66977 76697
661 1
49742
