133
12548 14
77041 72414 81669 54125 12435 46385 20611 35978 73063 28153 52525 92646 17849 63865
5195 14
22089 26766 57711 42173 72764 50378 22111 1950 52193 43350 27317 41771 75013 79970
884 15
76151 36602 51730 13780 80797 18036 6052 94308 46397 40207 91509 9935 59155 17915 24498
4864 13
61115 59694 81352 4778 14960 91007 33786 74762 4573 6508 91696 33849 33304
2735 14
82847 15749 3499 37766 43425 46344 81889 46192 36877 307 90806 19186 87288 23303
22030 13
34758 57127 34627 34546 42121 79644 33664 94203 43412 62508 69191 59554 12850
1563 12
45577 84908 32770 49720 23131 64320 67888 11612 44625 10728 51175 27149
3572 12
87210 51467 74902 8958 92906 81474 42025 71717 6150 64592 35573 51003
13706 7
91061 4224 10167 55316 73552 86791 35473
5934 11
71678 1525 29142 46815 49108 56649 20665 90998 58349 22574 10284
15642 4
2874 94629 92815 70709
1552 8
59175 79376 6143 12771 69448 92119 64013 90036
335 10
92571 93443 16453 11712 56188 37805 40901 55018 18119 11902
2315 8
85947 70757 8328 80207 19805 81118 78314 15189
11062 10
12268 26925 60142 5342 36 52246 57378 12485 21522 43420
13476 7
35208 70280 9164 22281 90118 35983 64178
4703 7
51609 37002 16513 38795 79364 15304 31478
4620 12
39757 76138 37397 61243 11196 10670 87526 15768 84569 69672 30193 27125
13475 6
1643 58218 22563 65236 17249 75801
1880 7
16291 68718 53658 88955 20518 42120 20306
11915 5
87630 40366 63335 50162 77988
2775 9
73201 54451 35315 53805 36102 40948 59964 89356 76252
16769 10
2753 68627 81099 88187 19344 15474 40130 55017 62800 13257
4001 9
41002 81242 34081 67944 64895 85957 7601 19042 18600
2536 6
22824 52452 49929 26974 60400 22119
2651 8
62270 93402 37386 4074 35127 54465 26644 71311
4731 5
34056 3797 61571 7214 41922
13342 3
52814 26806 13735
24126 5
48192 86071 75877 74230 10511
5814 5
56380 17470 88043 74159 12180
3749 8
94661 33009 61085 72142 75263 71310 59197 42876
523 3
40040 4344 56196
7474 1
19579
8673 3
32555 69516 18373
16790 3
48342 40150 53359
5450 5
92737 81174 28382 13945 22864
2076 3
9434 71560 52217
7105 3
65809 58876 13944
22240 4
63690 18386 4721 6823
20735 6
33058 60337 57022 87392 15159 41926
1294 4
67893 92894 41535 37292
114 3
48246 65188 83847
115 2
53076 65306
853 7
91710 6457 25857 61882 67151 54684 94004
23731 1
42897
1894 2
92328 28123
22869 4
28338 8173 79831 29491
20356 1
82391
4846 2
5893 77634
6057 4
6590 23790 82267 53274
8885 3
59586 59896 81200
3910 5
68147 53898 74369 60539 44756
4952 2
83104 68442
20544 4
63422 57439 60589 68243
1385 3
14218 18364 70292
24205 2
10425 59339
4382 1
21561
5742 5
57169 57613 11062 79154 76976
2788 2
79371 38188
517 5
51774 23146 64826 26400 52776
126 1
73121
1827 3
94544 57612 1656
20750 3
42417 992 6515
8134 1
19854
4789 2
30854 38996
7517 2
14566 88415
1069 2
56799 83879
9713 1
61505
6364 1
2249
4934 3
25745 82920 10700
5921 3
22677 85613 93990
338 1
40651
22874 1
79494
21111 1
25434
4648 3
87523 12907 53056
2936 1
39570
7568 3
34438 42152 26714
10535 3
52017 82282 17805
2557 3
47150 68228 3749
5042 1
45015
1952 1
60823
18224 1
84252
6110 3
11872 44844 18301
2142 2
49214 89778
23764 2
91430 28884
9969 1
27512
3629 1
76882
5956 1
26487
16240 2
13554 80331
2990 1
71726
4451 1
61610
605 3
28831 68738 27853
919 1
35771
5487 1
191
1508 1
65890
82 2
14454 13329
1843 2
57600 17147
11807 1
63662
4602 1
39225
3819 1
91076
18965 1
35057
23093 1
69490
21552 1
62942
1104 1
69868
23666 1
36308
2432 1
69741
3988 1
47443
1561 1
77490
6242 1
71291
2792 1
65947
1876 1
14792
3899 1
37462
1831 1
77871
4182 1
89651
1762 1
35283
24948 1
60520
2989 2
17557 12343
4032 1
26315
3077 1
29416
1742 1
22902
11419 1
37819
11460 1
50398
3029 1
3772
11806 2
54546 89612
5749 1
13591
2837 1
12478
3465 1
39820
328 1
34374
18352 1
63401
4024 1
70173
9120 1
2671
8333 1
35331
4589 1
27600
