167
2193 229
23647 26829 6438 20729 23831 9809 6344 22112 5340 1945 4615 1419 15615 10752 25080 20395 251 9008 18236 25014 14872 18554 5099 14622 19884 6977 26860 8185 10614 9050 11291 18618 22307 13060 7775 11644 5262 8009 5409 24478 17217 26590 4980 10574 7902 13467 4630 20271 21144 16277 23556 15481 18671 12113 19455 472 13279 25154 3469 15901 5570 26110 9947 6716 25690 25248 6807 20013 4849 2999 10957 7563 18230 14593 17769 2453 10661 21281 6093 1496 10298 923 10528 3395 26351 22474 11215 17312 12630 21857 22229 13082 8135 8833 4280 20460 5844 23858 20354 19633 27223 17219 15427 17943 23412 5699 14439 25189 17916 18685 20016 6723 23194 13805 2300 1018 25640 27260 25386 6436 9102 502 24224 8558 23554 15589 2738 19999 21241 8416 5605 9547 27851 24118 11760 12916 3296 14498 10622 27500 17 12421 4931 3430 15173 23265 18521 1325 2893 17799 19599 13953 8333 7051 11132 5550 10368 22870 17796 10585 13682 5397 23552 5649 17939 9697 9774 7847 26124 1687 22329 22598 1297 9028 18542 23005 26339 22348 2988 26603 11769 9690 12939 16901 1680 6617 125 18724 18312 9049 2413 13121 16771 2103 17130 5695 26427 8730 6773 21940 18604 2264 23186 23102 23069 4555 11847 17866 15025 4872 24533 26574 2189 7330 18142 17211 21444 26644 16550 7225 26694 16466 25684 24161 14958 16594 15091 12043 9515
2253 148
22198 15102 17994 27718 26934 8288 8280 5469 3988 18247 13068 934 3110 1403 17038 16957 7953 10103 9498 14859 4185 10782 788 23006 20079 24755 19984 26066 6898 953 2069 16916 4489 8739 15884 8432 18223 9095 24022 18330 22168 4437 20548 25005 10495 9380 27233 3067 2615 15325 8854 14951 3265 9046 23214 20676 16101 11920 25544 11216 16476 2705 7738 17330 4325 2166 25091 19416 7894 4923 8375 15453 26126 5863 25155 9375 21842 25064 2104 13584 8691 18347 13108 21377 571 1232 26951 21545 23073 5232 9043 7705 25867 1902 11873 10184 23526 17034 25015 26077 13330 8233 47 5749 7309 4862 11651 10133 16094 1610 15944 4790 8754 6656 2131 23250 15136 3140 11492 20896 13364 23228 695 10100 8284 24186 18512 24235 9428 3692 21001 26490 8014 11392 18511 473 5879 10951 14341 8620 6983 366 4574 23655 21139 13554 16149 2531
2892 149
24715 13159 11725 5762 22515 20611 12280 18221 5944 26552 6780 26970 18677 16909 27659 26035 21865 3289 12829 12900 22367 1929 6759 5829 6632 25174 5951 19414 8551 12481 3254 14644 15836 25390 102 21663 14883 23573 5164 23717 26633 9581 10186 22165 12938 7031 24724 9873 27149 19147 26322 12746 26754 14119 11701 23321 22985 8734 20705 25353 23643 12200 6201 6547 17555 16309 7399 6022 7968 23503 543 22816 17800 2621 26287 25869 21760 5342 14042 14868 9354 10552 18689 20974 26364 11210 27257 27208 9586 16868 23338 20751 11812 27724 15934 26766 7893 14815 22125 10608 4050 1565 181 17060 14093 13895 175 13837 8229 15265 12985 18049 27383 1671 12655 19453 18957 24283 19081 17842 15756 17310 18580 12486 9116 7497 16608 11517 14153 14268 21080 6079 19667 13241 25728 17705 5116 1288 5873 20855 19606 227 21177 8701 9216 12336 14528 9992 22396
3962 147
1891 2125 24086 9641 6366 8469 8554 10045 1914 16462 3427 10144 21161 20808 13165 10055 11245 15084 27555 21725 10363 8244 14810 18533 8502 26788 13132 8769 21870 23293 11727 1459 3102 14707 15831 24003 3721 26771 4267 2097 13942 7701 19562 21895 25027 7133 27795 20031 12882 15310 23783 26018 18282 2292 21809 15891 6475 13623 4168 6087 20277 20038 8712 8307 6991 2036 19125 21743 23987 22654 22145 25678 26807 12641 60 8515 6485 23812 4516 21936 8641 16268 2793 23705 11069 27727 26611 23912 9678 27377 25147 19908 806 1690 26810 4683 19061 1574 13422 1731 23328 11057 27301 9945 777 7837 15425 5358 1990 797 22614 26081 10305 25984 25107 26243 19143 25595 17035 165 3820 24493 13670 24641 24596 8755 2653 5186 22706 13553 27407 19454 11597 22451 6069 13178 27808 17294 20755 26499 15376 996 7060 26821 25902 22997 7162
2066 147
6564 25083 17496 13736 12969 8364 8402 3627 2254 27634 3225 5629 2462 575 26772 7353 14344 11857 8060 5362 20531 13861 26228 21824 12744 27645 21478 25339 20019 6049 8376 26 25715 23121 9959 3715 15259 27072 13996 21513 2815 809 23039 11453 9331 566 17750 24292 25144 8501 16169 10380 8544 2071 13283 15110 1079 9119 12793 17783 3054 9167 5823 22489 22302 19912 6758 6530 9045 6180 9740 18756 24678 1728 132 3492 12444 5856 17253 25709 23231 23159 3136 8704 25582 25961 8148 19411 12334 15712 23848 24245 14283 10268 359 10102 11751 12032 2658 23652 21353 13214 748 5407 5728 16776 24625 18520 8429 7645 10449 3948 16627 11363 18825 1626 7110 13361 8178 2939 12279 5448 12445 23537 8947 587 7978 18838 16178 20320 19617 16647 27227 16960 22806 4075 7596 21079 19086 8460 6751 13329 6732 1640 12471 18162 18877
3790 145
25748 15693 26836 10834 18126 13651 10543 8856 15324 5969 22031 17611 24931 13254 22613 16225 27213 9477 23685 5188 22794 12109 9039 8477 14831 14487 27798 13336 1095 13808 22676 2488 7550 27398 5562 6597 8631 5270 1606 5867 671 11544 18558 26442 10803 26513 12117 11167 1071 4276 17601 19615 7970 13393 1898 20708 17737 15691 17682 8852 14047 4461 3972 9869 16780 1969 5881 21350 6810 6939 5953 22454 18420 14509 10110 27599 1699 4655 27657 21802 23714 11571 24634 12478 23097 22252 27390 20464 24658 12994 9277 23550 24500 1997 17678 84 7368 512 21898 15418 9207 24936 13628 6193 10621 25979 11067 8019 15872 1608 2022 25405 15623 26017 16979 183 15049 22787 9543 6839 20781 13898 19841 16504 26220 11183 25351 12061 5740 15869 3997 24436 1751 13029 18389 13834 17435 17522 27132 6906 4103 3514 26881 15137 12252
3118 145
9084 14347 19494 11907 15814 23772 22166 23906 23936 26805 6842 19962 23547 12631 15224 17340 8817 10910 25453 7376 16057 15037 12745 2620 24831 19114 22857 10387 568 3373 25615 22041 7239 31 25092 9839 16213 20873 20458 14242 19696 25105 10079 7079 21109 16257 4645 4960 8760 3532 20924 20386 15053 38 22757 6244 8474 11120 12958 17484 24070 4744 10229 17200 25860 3563 26410 11570 22358 7896 24707 6705 17238 5341 3524 5145 16845 16611 1335 19952 8013 16395 27662 25654 25564 26282 18557 407 21622 14063 4678 15599 3314 14470 24425 2316 18246 8383 12794 18144 14302 11457 9007 10196 10075 17879 20210 18210 27142 9974 24830 1849 9861 25072 5845 16337 5584 209 15666 23893 17814 16830 2626 20964 7595 3183 23114 3954 23365 1005 12107 22282 18393 17607 6073 18612 11702 26148 23722 684 5937 3693 1192 3844 364
3229 143
27697 4293 12400 3263 13789 13110 20058 10538 17806 16661 7408 18008 1792 20375 25161 12202 7767 22643 1059 12814 2655 243 9818 5759 9139 939 14052 12561 24256 2717 11957 26587 15064 13654 3236 22246 24396 17065 17709 2725 7305 13215 12763 7601 3454 15637 16001 17755 6798 7494 6322 26360 22394 21519 11306 14195 15152 730 27467 16386 2641 13065 3644 4108 13150 16615 2272 16374 6571 24178 9126 14025 18023 23381 8553 12367 14199 74 24653 17808 6454 2769 11549 1814 24646 3213 18518 2443 6996 10437 21544 1765 6986 20579 22675 11542 5547 9784 27730 9902 27478 11501 13643 7649 27579 9966 24357 3876 24600 12155 6640 23622 22310 12028 12232 8784 27775 22377 13412 24783 26132 6355 23800 25110 1851 10213 5798 11909 12076 2298 8718 17882 19205 13389 23058 6689 133 22668 2313 26381 18200 21425 20940
3776 140
13063 3702 25168 27004 23450 20117 24809 14365 7565 21299 17756 23040 5528 13811 70 6729 572 24363 14156 21269 15761 7557 14394 3769 688 15095 20507 7891 9681 14273 5367 17562 8059 3801 24264 24733 3501 9993 12674 10935 8714 17031 21534 11723 15332 13901 19684 18295 5222 14328 26510 13447 5932 8686 25734 19766 7983 16590 12065 12319 19349 2550 13172 14088 11344 23470 5732 8300 2489 9977 15301 23138 12108 23350 18959 13899 7432 906 19224 18459 25831 23737 2633 2230 25642 17288 5747 10553 5645 5114 21533 5760 23606 22001 8582 3344 12285 17205 10143 5576 7676 6687 22280 6429 23639 22095 2989 12204 26551 9796 1365 10251 17589 11848 14094 4451 7363 8452 11778 18409 11032 16433 23461 7724 13022 23664 27382 12195 8073 13114 4028 19121 14990 1947 2081 16436 14956 280 5563 10718
2617 147
27495 6389 6511 18232 4399 907 17355 17204 2142 11543 1786 14197 17615 16279 20498 2853 10972 25421 16895 14950 7529 10899 14691 26213 4206 19566 18125 26580 4511 24248 547 24688 628 6354 19065 8348 4114 11116 14401 8302 2493 6471 23453 25911 22227 8211 7344 1506 18101 21798 26404 19990 17191 12394 18538 14392 8074 13974 9259 6969 6667 14991 5511 1571 21461 8758 24468 1546 12437 22138 12568 11637 21997 156 23680 22040 24466 21048 4474 12485 19613 27050 21309 17043 21160 13239 24291 3727 23042 21070 1012 13735 6691 19648 9905 27470 15474 15791 21950 6925 12000 10106 26463 15771 271 25348 20047 1743 24432 17747 2894 7403 2661 2592 2401 7292 16851 24865 21277 16497 21067 18051 25991 4089 18599 9965 9235 15518 1462 16132 10358 21766 19164 22332 13332 25760 3981 18430 18193 1988 21971 4907 18578 4233 10439 3218 15242
4310 144
5313 15389 610 1803 23034 9725 11205 22737 525 10354 16408 15449 17261 23570 12460 19265 19254 14597 12248 25062 18328 24173 9055 19989 25082 7749 10897 23837 13264 5805 6045 9004 17090 23739 10205 2122 5458 23847 1717 21934 23599 20441 16121 27312 25356 3554 722 25398 17623 21803 7447 2881 12792 13711 18417 11641 9033 18879 2246 7982 25821 7271 24570 14852 26112 22431 24508 24136 8543 7433 26594 27559 26022 10584 7144 8142 22153 15281 2491 22799 22082 21515 26342 15083 8425 18861 10479 558 16731 22226 969 27624 21517 23644 14519 27181 15514 24474 5791 1366 3015 16823 13794 13327 11233 20606 13695 17707 17188 26652 21863 25987 18110 16058 21105 7158 22908 27180 12354 13080 12102 22323 11440 5781 492 19657 4042 13210 11838 10391 11431 25616 7823 23088 24683 36 4623 19144 5438 25613 6281 11451 22255 5041
456 142
27364 11729 7672 24312 9933 27345 23479 15300 13686 58 5038 25202 20099 23356 3451 20300 16523 15240 16480 3916 3241 8504 21511 18651 5811 2049 2107 4286 25242 25672 21417 22724 13820 11297 892 20482 18743 305 26121 26991 7202 5334 2480 22907 11787 3633 21117 25801 9713 5632 26973 16670 25925 8708 11375 16373 10975 17548 11598 17260 17768 13754 8377 5683 12406 5136 26697 8993 20941 5137 11942 8366 6698 13368 17207 4965 20744 235 1409 1483 10797 249 21548 860 6702 8841 13885 19327 25725 8153 21562 7061 6052 16183 7244 11913 13890 24327 6312 9917 5915 6176 3673 19173 21902 3238 19381 1899 9635 23759 13956 8237 19827 12151 9012 16662 25200 740 5493 2191 3737 13690 5743 20053 6559 15358 7560 17440 10849 7328 17871 23978 10517 10962 5101 11162 8369 8342 10521 17257 15644 24056
584 139
13019 6551 1551 15383 26992 24014 7872 11796 1615 23047 10313 22980 14201 5991 8803 6161 3458 16411 18610 25322 18443 2609 20288 23154 10758 8900 5995 18100 25137 490 10254 20752 4016 6235 12922 25212 9345 1415 8624 8785 764 8790 22692 11650 10467 27156 12647 14055 317 18660 18545 2849 3944 14384 3298 22914 13436 6661 12245 25007 17165 11024 20003 6867 9214 18639 5135 8050 6634 18555 9753 2284 1478 4826 22875 19837 12355 14559 14714 24966 11079 6001 10237 18686 24430 17466 3764 4299 19833 25606 289 11934 21920 12320 307 14458 19815 2692 18354 5729 12966 21980 2318 26535 17752 23553 18920 25113 18471 2706 17418 5851 4559 11129 1097 12464 27452 23440 577 17901 12778 25599 27695 4895 12741 11786 5788 13506 14680 26964 1212 2017 22154 21262 9206 24085 4610 6391 8606
3910 141
21787 6026 20344 713 15676 19729 24892 25501 7380 25423 4993 8062 17494 20204 5442 1937 18763 3684 7583 18648 911 6903 12343 340 5834 5797 8759 26275 24405 20684 8205 8435 24757 15090 22966 26464 16943 4583 15744 13326 14527 23513 2927 9717 14631 3521 5864 16569 4979 10894 2506 16513 23499 21078 8386 16742 19903 6000 22902 10619 10123 6526 23642 9067 21623 21359 8644 24689 25912 1064 22204 13598 3531 27761 10751 1114 27679 24418 17488 446 8394 475 6401 21268 4435 17953 23784 20495 21962 8622 7966 8456 14931 7279 18855 8279 25431 7371 15895 21888 24744 8991 15309 19000 24858 17853 15355 20966 23851 26150 19972 20071 24557 596 11805 17101 12959 9088 20476 2832 22164 6534 8940 26531 19563 19662 21776 10977 15785 4115 21955 4279 15717 2947 21855 23750 5291 8851 2349 2961 13213
2693 138
20825 5333 23668 1150 21393 22720 8840 4255 12455 9418 6285 6048 14444 21914 14616 1645 1141 14218 21957 10616 25000 5539 2053 321 8035 17828 6770 11484 12861 18150 9582 8522 8449 10165 16833 16361 14510 26802 22718 6503 19855 24337 1432 12446 20882 6927 19762 17442 709 10159 18842 14592 14627 2031 20595 21942 18441 21283 12056 25380 21981 3947 8331 10403 9252 19372 16929 24096 14303 20614 11827 16146 10832 12265 10160 23868 5545 13277 4076 25056 19579 17438 24732 3057 15076 25923 10747 20384 9517 19311 4134 6406 27023 7187 9392 15640 16955 3843 12229 4823 20408 1641 1277 9986 5555 21051 15121 26083 6407 22312 927 1126 27770 21307 3958 26334 15178 8806 27254 19025 20720 20143 6311 26857 25841 12830 24585 5998 19097 15774 16248 15180 16567 27514 5460 22442 9731 3490
3176 131
3206 19103 21290 14413 14651 19981 10455 10349 14973 16226 17237 24676 2637 18399 19259 16245 18692 25008 16727 25795 10795 13371 24665 19795 23882 5319 14469 21977 6395 4543 22363 14722 10131 22805 24338 26655 26646 15855 108 25735 3797 9764 18605 14760 15115 18250 3814 14005 26617 2559 10200 16605 18202 6234 22722 23191 25921 19003 17679 26196 4857 10784 121 24099 4893 4844 16325 15382 10857 4924 25479 2129 25944 4130 23558 7580 3047 4865 23406 12075 17350 9665 21129 10005 26198 26774 3504 4750 14943 14395 22756 23898 14032 22445 3503 7014 21147 3570 20201 21660 6907 18936 11768 19286 4429 18087 9999 5713 7327 26181 3799 21818 16984 25267 6381 17957 14065 17471 13002 10810 14512 20944 1160 16649 6593 11307 23156 4726 25701 25326 4997
1002 138
1824 15312 17304 19979 14000 3588 22352 14168 15954 3360 14298 2659 24102 7515 8173 19165 1268 1688 20851 27712 21349 18641 10716 13978 21296 142 1991 16260 19963 12657 11328 467 24686 1244 2529 24401 15727 12359 12567 19880 21432 9344 15635 17529 27062 7588 16640 7189 19578 17395 20976 10765 4260 21677 4264 24608 7726 21587 1052 9631 5723 17521 24568 23340 6139 13160 25418 21837 25970 17358 5354 10598 27039 21042 8735 18482 9035 26276 19748 2144 16207 11012 27314 7543 18225 18490 3984 19129 12735 20264 2182 7696 26588 26922 3483 5423 18040 2102 25447 19352 18837 2823 6509 17235 9629 7182 5803 2921 15298 8317 26892 18527 21988 1446 10562 5424 15432 1692 20927 23162 5800 17477 9554 8605 7427 20594 12588 1194 20604 26105 19639 9636 16327 11284 24698 5717 13498 18912
1961 136
27815 10162 24197 24216 25997 14535 26638 7598 10138 17014 3429 12439 8885 17802 15014 3939 19938 25029 13860 23693 17568 2631 3331 22956 26011 26985 710 24406 17282 18467 7317 20737 12238 6651 4952 21828 23998 7404 895 25626 6172 20066 6460 449 11424 21304 12187 1304 7806 3246 25039 1006 7388 23305 22281 18758 13545 24231 15735 2430 27019 21291 15051 7931 27464 15270 822 8051 12764 1544 20095 4250 25894 13726 23398 3986 1405 2395 15890 22007 14720 5971 7069 15 3999 27069 27517 23515 21993 1002 4554 19156 27346 16759 2685 7390 9250 745 21877 20392 7157 1854 24759 2975 24024 26493 26636 1745 2091 16045 27450 7445 4552 16625 6569 15966 17332 25956 21536 18251 3792 6208 21701 22744 2117 18274 14372 19931 26290 2582 5269 4258 11459 19708 10565 16893
3931 133
8523 6027 67 3190 20647 378 14960 23195 21813 3755 15948 2405 26738 20723 4458 7311 24942 12632 20137 15688 3126 21373 22738 4864 16578 8953 18352 17779 25331 19354 10630 7410 9658 5641 16339 14146 26950 11910 2900 3149 21618 14397 14563 4285 20076 20707 12530 24574 5957 15433 21401 19531 6243 15357 16154 4950 8248 20771 20348 25596 2303 16531 27313 9313 9327 26883 25919 5776 21225 3319 11377 18876 11653 22618 6623 871 11268 26583 2266 732 12073 19389 25100 3219 11639 2926 5646 2964 7151 19528 24731 24462 15558 22836 26116 19991 4343 13625 27214 665 23287 27056 6962 19359 14742 26114 10466 3376 26681 9460 9926 7372 8853 27593 4290 26234 14715 23367 19802 3138 15853 7977 20907 3387 21186 26523 15272 9846 19028 10003 6362 12805 4505
2467 136
18138 6636 323 14131 553 22873 16346 27392 24206 24168 6165 22545 18190 23314 3536 24528 15755 19303 18552 5109 5400 8733 22061 6765 17818 14370 27719 13671 26679 9142 240 16956 6481 19703 17821 18146 24000 10529 11066 22429 6232 26514 13958 24382 25040 13129 1020 9721 19511 21768 20885 26775 1881 21590 18061 1539 26300 9479 10281 16085 26610 10016 12800 20688 19289 11257 4118 25524 10430 15503 27237 14478 17699 6764 5425 4842 25890 7990 2566 4649 11969 26461 19487 12654 24089 9437 7001 19331 22520 23830 26539 22196 25019 14655 20554 11374 1638 25724 13543 17132 22279 8465 14143 23022 648 16976 19588 12569 14245 15213 22964 941 21912 13048 14850 16524 1 18616 9920 2008 13870 19826 15328 1237 26289 17475 435 13275 1648 21054 4387 9355 18504 9865 4922 25488
1762 132
4648 16164 3712 17171 720 25318 15207 5393 12537 27658 8324 11604 3932 12513 12176 13734 9824 20131 15587 8652 27723 506 27784 5289 26489 8654 10415 8499 6653 4170 13776 13504 1730 18704 5037 3375 7293 8298 3260 22839 23256 12497 1193 12298 22859 3890 951 63 16844 13594 9149 7898 17947 22968 12284 19020 7633 19801 14087 20574 2118 6701 25355 13629 7105 21948 14942 22187 20486 22609 16425 19569 22250 14647 20785 10169 11919 13003 20229 24975 27465 4256 9552 24706 9932 13597 2334 9052 10335 7706 24202 24562 24808 403 12487 12360 13198 26044 9253 8015 25828 5895 10396 15902 9138 4291 22878 14276 19593 17830 9531 11051 23659 816 15120 6433 13649 18 25655 14586 1121 22684 9710 8026 17635 11408 24944 22796 18577 5078 17594 23877
692 136
18650 15817 17613 22906 7121 17574 22776 14905 18309 21538 25846 5332 10510 8118 4408 11251 9312 1353 13823 4972 5450 11452 6219 10377 21676 1837 1704 27694 19346 6263 16828 23520 11413 24996 16414 7429 2669 6943 9618 12310 8507 18669 15674 9202 16789 2908 8082 21756 14101 18531 10183 544 8048 11179 3975 10617 8349 3080 9539 21583 8779 6641 3053 18098 2076 23752 10699 7679 14609 6947 3617 27771 9412 3459 15607 24818 3650 7054 26200 23068 138 27206 4626 4004 11555 5325 21270 25990 13374 23755 23895 2100 10124 4337 26460 10773 16396 25967 18222 17899 9777 23590 11309 11724 27097 22393 27839 12226 1296 27170 19512 26357 19502 3105 21758 26223 2448 23492 18440 25211 220 20849 25638 24565 19803 2593 11683 928 11655 8129 8430 23675 22290 17725 13232 7092
1878 130
11734 11658 19438 4347 25250 14126 4402 705 89 27421 19983 12258 24669 6529 4867 16236 4123 6914 2459 5949 12030 18360 6271 16174 8860 21998 13589 22634 21846 25003 13290 18107 5028 10303 17196 15385 21016 18069 10460 10886 13969 4418 10655 23257 4087 24106 5307 26472 27007 9471 25514 14009 18718 5566 5219 1188 14793 5772 19851 937 7128 13440 4380 4222 18270 19688 27279 12892 2451 16459 7753 26207 11305 26109 5618 4071 22761 25101 23153 25756 7813 21447 189 16409 12435 2130 18455 2208 17937 10575 326 2535 26672 5468 20208 483 16980 23649 4406 3205 20219 265 13454 3033 16190 6070 26801 2608 12149 18483 2785 3874 2753 16157 17677 22091 27711 20316 27195 17660 23766 6816 24036 23510 20284 20373 10073 1976 22373 13304
3740 129
8128 14253 23539 26111 24672 6499 10201 11198 13599 16724 14560 23462 18784 19433 2337 5017 5204 21891 4853 22038 16004 2391 25438 14633 3804 25716 25120 569 26444 3407 22775 24044 16109 23201 15936 14250 17862 7769 7533 16434 22339 19839 12465 24902 21658 20878 17924 6272 3781 7508 11560 3399 10265 23854 27025 5401 7904 22591 15185 3129 15815 16229 9311 7725 26272 15974 16044 4394 25342 24734 22231 25908 14308 22071 27446 22089 92 21148 21471 12809 14940 10156 27011 12263 21584 8548 13841 19363 12961 17925 23971 20613 20093 4641 8668 16739 7127 19666 4558 8337 16180 76 15360 21452 10561 15439 3805 12031 25635 21049 7210 27008 26800 15603 14935 15664 6233 15210 840 13176 9329 1958 1474 3044 4068 17770 19067 12046 4939
704 133
6740 24578 3079 1509 8903 17981 14225 1320 13316 3635 8665 7829 7757 8472 18329 16367 7628 25920 20888 5963 21528 25042 19405 22284 4157 21094 1649 19542 23094 3422 18113 7409 1032 22131 15192 14214 12304 15963 8945 5236 21709 27205 20916 9198 16387 7521 7734 9781 10469 2503 18275 18505 20459 20646 3686 21781 1594 13299 6659 21331 19027 23935 23188 2719 26192 25802 23280 24771 14544 10681 18340 4738 24315 22513 9563 6458 459 22193 9946 678 8313 24208 11161 4150 26904 27479 9976 9326 18973 12625 12493 15945 19218 13865 10436 17136 21298 20850 3233 24458 19197 27388 16921 1944 25522 5681 4802 14963 11300 4661 26506 4612 23621 22501 16224 1739 26564 15168 15562 25732 12865 4805 12692 1015 2148 16026 11956 17498 23704 11355 27752 19638 3184
1555 135
3705 26601 27693 3552 17161 19730 3017 18314 1361 8855 8783 18803 1127 1736 20161 6768 15647 5567 3064 22825 4671 23254 5996 15021 8928 7693 26405 6345 18523 21669 26850 1370 24399 13028 8574 26942 4752 10700 20280 10969 2887 10135 19062 16570 7422 7512 6097 7261 21219 23542 17106 13146 11174 16646 1905 6733 10376 18529 22128 4029 17363 23260 25485 24900 18617 9089 23900 23220 20378 22052 20413 1656 11586 753 1573 16285 25581 14785 3031 26028 1982 14762 3675 4207 21057 5825 21315 3714 11923 18551 222 26983 26809 26395 20215 21235 22185 6120 594 16945 10000 4269 13489 23701 6576 12707 21956 8745 17622 24223 21104 22786 8621 15626 10912 1975 5677 4249 6424 7451 11822 25249 1278 1860 26659 4468 25221 26453 4684 20511 12545 24828 16658 11631 13174
304 134
12681 7765 22049 5841 9227 24164 24595 20622 11131 25863 23832 6942 24002 20659 10657 27832 19572 1558 6053 17872 25068 19732 19881 17021 26215 11858 370 24681 19680 2942 12834 26734 8157 12609 457 24372 2343 6074 1170 23439 14475 19459 17251 3308 10730 25292 10364 8815 20532 23583 1770 17506 14448 21278 11351 8222 3223 12556 6102 10451 2331 17933 2058 25525 21586 24877 69 9788 19584 178 17307 1630 14907 411 24701 17720 19208 6951 481 26952 1592 5615 2715 5165 17520 23609 22800 16733 5581 26843 1778 14329 19950 9557 13806 26533 11164 14817 24882 24863 15409 27647 1201 7272 18776 26969 2090 8814 14789 10689 16680 24006 17086 7979 25470 4453 9867 23629 17073 10862 9972 26491 2347 27247 27218 25158 13209 13619 20240 24100 617 22745 20186 22233
2231 127
11294 25385 20072 2878 21570 2197 12803 5564 27570 19856 15491 26494 10182 26994 12163 6455 277 16985 469 1910 11726 13014 23099 23746 16904 27650 26795 1254 22085 25126 18627 612 22554 24507 6206 2214 10220 23988 9205 2800 2646 7619 12856 6261 18597 18220 18462 9775 10571 917 1650 15741 8112 5271 6417 18532 21213 25989 10272 19705 19757 27385 14196 9511 6379 6008 16657 19040 12442 16982 27729 20452 25745 25104 14568 13920 15017 22557 7948 13138 26627 16418 21026 1374 13043 22111 15793 9225 17588 12740 14957 7892 25673 5166 23431 10953 22976 1726 12874 7794 19452 8696 5047 16265 20582 8966 1921 463 14446 17791 8137 4532 23137 14128 2285 21657 6933 23354 11000 25490 27797 20481 12305 20523 12379 4522 13297
523 134
10459 15800 13054 7758 24963 20821 16596 21127 9161 9145 20817 9140 24011 12854 962 12604 19180 19398 21662 7213 8891 24901 2563 9598 11349 1262 1019 22698 10861 14737 772 13406 10478 5554 1622 14784 17673 13548 5180 22655 5806 3896 24453 15526 451 7338 22586 21673 3056 13221 6504 16171 26391 16837 19142 18432 25528 11263 27632 2314 11207 22710 25816 8272 4013 4262 11146 19094 20309 3545 13693 20180 4266 11665 5428 15639 5308 25686 27396 17267 8870 13322 22713 12551 1481 22536 15507 20266 5651 25075 18495 3123 3648 25153 22130 22392 26615 5529 23105 8403 17721 24791 26321 27649 6696 2019 24270 21403 1099 1493 4139 6260 12590 11226 12011 17765 9619 7469 23168 16817 5842 12378 3680 14838 16489 17349 15876 11843 23683 4740 17547 19659 14618 3485
219 129
11470 19462 19287 6035 22788 10185 26060 1576 3366 22177 22159 26682 20625 8097 9761 3873 15344 3505 4983 15886 5374 20144 4284 24440 6096 9308 18539 5242 24078 17748 26877 23654 14628 3084 9231 3918 7042 24505 5357 9622 13148 5223 12614 20483 21108 24307 27054 13705 26175 17103 27613 2536 6196 13976 5189 22270 23117 8705 12532 5142 25526 25873 1584 26984 20009 25916 8807 17279 2499 12927 3938 10096 20760 18283 24010 25880 6580 14481 23133 8486 26711 22144 3882 25401 15866 23085 9568 8612 2845 18463 25856 14904 11629 18442 4423 22472 21099 7967 10732 7457 2854 20120 23618 15186 5455 15583 13937 11508 17822 26172 13294 2766 10902 17880 8461 8332 12036 12586 24912 11719 15887 11872 20687 2422 5016 27187 15903 19031 8104
141 132
22277 10612 4072 24461 11916 13047 19340 2260 24277 13914 2199 16510 24242 6940 14865 16652 26747 9279 7152 21674 24332 27268 21929 15847 26025 7740 25465 12687 7296 14646 26004 23355 4358 14419 6670 15167 9367 10879 9988 17059 19139 8757 776 20915 14075 2922 13681 16238 21412 17760 638 3771 14456 3756 12500 21002 19832 9433 20231 10542 11785 10485 810 16708 10643 14017 18385 3258 24510 18469 21263 23363 13829 12602 11292 4954 1202 7513 14107 5947 5763 13416 10564 5676 6155 5290 11330 21596 7391 6164 5474 19490 25489 16196 5817 20157 19610 9720 9336 16859 13846 10943 5504 21314 22986 4246 6817 25368 10108 23695 27827 19281 5021 21196 3001 7449 7884 5933 11799 8299 17084 24369 23950 9061 7412 3825 21749 5887 7209 9770 6138 26620
645 126
4635 770 11209 3060 20246 2541 14595 10289 9633 4890 27068 1390 11442 21601 12366 9291 9358 25268 4673 23535 26232 14888 12198 4896 20928 1378 26778 4191 27754 13959 25973 9643 13338 5664 3274 21553 9457 8304 3817 23907 20163 17368 18907 8071 14603 18623 26331 27578 15131 21074 7849 27457 16977 13989 4657 27372 4487 8418 7035 14919 22689 23576 1057 21686 17723 504 5030 13939 19290 10069 18635 18306 6371 26216 6752 4061 23407 5385 17732 14473 9330 20982 14584 11112 4848 18725 21851 24652 18212 13103 17627 20493 901 10218 15346 25340 11439 25334 19029 23196 18798 1092 22915 9649 5790 13968 26804 22057 11379 7266 19904 27837 5617 7812 6992 2200 25865 14364 20263 3732 3621 18189 22051 5195 12600 21475
4034 119
13184 5001 23330 4124 9723 15127 25891 11246 11672 19835 3320 16139 19806 26917 5295 1714 8626 13832 2726 5059 4310 27628 6835 16714 22699 3333 7607 20803 3720 25376 9639 9303 1480 10318 15072 2132 26392 9013 20134 15621 19236 12365 14750 27530 25951 15549 1722 17964 20681 4501 5510 6821 4568 2190 18284 19554 11841 5869 2471 21201 24702 27415 8804 16256 5013 10888 19495 15399 17144 23689 11925 10992 11333 7739 4571 2233 10850 20057 5386 5018 27356 20790 23007 20710 20207 417 27375 24450 13940 7453 5556 16447 1246 4142 23794 18730 21089 19928 18999 536 5714 25451 21208 11610 1508 16519 8467 23100 10586 11583 8729 18044 7992 27826 10019 19780 10263 24948 10078
1110 122
8877 670 22832 15722 10821 24518 5110 4155 11172 155 21675 26354 8478 14360 8564 24441 3243 10423 15470 16735 728 22823 601 2850 18384 25580 17805 13664 15257 13367 19229 17239 12509 19916 21565 8943 6621 24721 20279 7148 21467 1949 8454 2321 27255 6643 1134 10568 24097 11602 1135 11060 19437 2673 16019 1163 11879 8603 9072 1041 27224 15416 19221 20741 17357 19024 13377 27046 11948 27330 14248 769 2240 9544 3593 19650 1737 25049 8117 6878 17672 4731 8415 23408 2348 27846 23905 25517 4517 20672 17592 14241 15315 11001 12660 11509 1741 14233 5537 13511 19336 1762 27656 5338 4724 11762 724 14118 25397 26841 18388 22259 4560 20598 17150 6465 24274 17476 13932 18653 11502 5052
2007 134
23581 12325 19736 26743 22098 8228 1732 14545 26092 27055 6288 22075 14849 25400 14313 15456 5382 1417 12605 7020 12711 24221 16160 18741 8231 6989 9131 19238 13321 5898 22306 11438 2309 27048 5091 7752 3544 9321 21212 24976 15419 8639 19247 5205 10743 14184 2095 14846 19728 18713 12629 7304 432 20081 7856 9129 26430 15388 16041 22747 24088 25053 2469 2789 3367 27591 10255 22459 5942 1799 9031 26417 26982 2935 16841 15258 22768 22861 14297 2464 23352 16280 2379 5005 12875 16786 707 11476 21045 23691 25992 1319 24385 21999 14393 9922 4295 24387 3509 20487 24768 26469 25696 18319 2363 14710 19313 17976 26928 12477 17069 27716 18839 4252 2177 11086 13473 17501 2846 20754 1521 3300 10756 11456 14077 18507 23738 13513 15752 8064 6216 10446 24295 304
4081 128
1290 10321 8189 16843 10483 15498 11591 19676 8932 21995 4520 11548 14163 14977 10945 1383 5274 14685 18357 27804 10680 26585 18403 24403 21710 3519 2384 20636 8935 5107 24583 27606 6972 1073 5276 16947 25393 11421 1473 22696 15404 23972 11100 24620 15359 26744 6004 5395 905 11638 1706 578 15392 12273 20766 10491 24938 11102 25159 16804 19530 25213 9767 27119 11993 12952 10248 25112 13744 3371 19305 11419 20374 2586 17299 12143 13196 8007 99 20691 10041 22244 11405 23557 17067 2243 7522 16757 21125 581 5112 10027 2269 11314 22721 24509 22709 993 6613 21681 2067 8525 15104 12739 15540 23920 4183 4133 4502 4677 13817 1416 8226 17482 20689 2044 13261 15595 2194 19264 25206 9584 10339 12696 14985 15052 17121 21793
776 122
24512 4986 8990 15999 15459 6127 6142 14632 26062 689 17072 20996 22018 8172 8091 11075 17743 3250 11312 24370 25428 26332 13954 13797 9956 439 19063 4403 10742 26586 20014 22753 6575 4715 25238 7030 23237 3041 4663 1826 1173 19278 13884 12603 8206 25624 11313 763 9929 11663 13018 23540 4644 2842 20932 25020 15661 7243 7008 22845 13666 4412 325 15284 18750 2119 7958 12474 11225 6295 15777 4144 16597 3347 10178 20704 27451 6779 13872 5156 7238 6555 15452 14389 16240 110 25505 3162 8075 3678 23850 7064 23551 22903 16932 24726 16423 22504 4457 22413 997 18255 19175 14971 7361 26720 19845 11391 22314 10603 23009 6028 6794 4345 12984 1890 14040 19039 10806 25165 539 27085
3563 129
27790 642 18492 8518 2765 11927 6177 27619 22486 20305 18717 17320 4065 6150 20685 15809 12423 2192 15061 16294 8356 12642 6302 16860 1199 5167 10046 16545 2018 14738 22826 25475 18701 27516 27248 20233 17860 21938 4858 1056 21354 25473 23509 8587 1755 5668 16451 11575 12459 25977 17158 23369 25492 26033 26384 11905 3608 5976 24859 3414 21984 23101 27042 11628 18613 26838 11865 15870 946 8451 10271 27642 10913 7878 6298 21250 10360 1625 25254 20580 13587 13341 3386 24563 20657 24716 23464 9677 16969 10395 9409 26840 3747 27779 15794 3380 659 23122 385 22060 15828 7254 2089 855 6560 22101 12170 5819 7025 5026 11320 24566 15466 27182 18481 27126 8384 3026 15670 16544 2139 18310 8707 7683 5124 711 19154 2323 13182
2027 123
5625 22447 19907 8889 1122 7866 172 20468 26669 7764 15709 10674 17004 4829 8441 20142 8428 15463 2730 8080 7534 14210 26555 11952 3415 2799 2195 27738 21810 23942 27148 2877 4742 19050 4771 16678 8888 23432 11897 20478 20859 3361 5281 15827 12872 3426 24906 20214 15577 24373 9897 17195 5415 3879 12889 10952 8116 1368 1381 17827 2879 27127 96 23244 3612 11744 22382 10328 10895 23716 9384 9820 22410 25800 10868 26874 11160 21866 6268 9263 19096 18024 11092 25633 2523 6402 18211 27303 27422 3474 26483 12925 12132 25061 8311 6523 8171 20227 4277 16244 5997 16936 18789 1900 16127 7094 1372 13684 3204 2232 11261 22703 975 23012 20935 20255 11904 24398 16906 27152 17044 11958 19689
3108 120
17741 16794 21150 14147 26089 10498 18176 21255 22389 17446 3401 26380 23989 21182 26476 7778 14803 16378 23029 5171 3455 11633 26773 20581 2442 23580 13812 2861 15594 13155 17298 11121 27238 2291 21085 7381 15239 27600 26561 17447 23044 8424 1186 365 7573 14855 27539 14864 12344 442 12260 14343 23628 25410 6418 14301 6440 23932 21792 17892 21258 9248 8271 17736 12078 1616 1329 82 24813 10651 7731 14961 12607 8844 24994 3957 2612 22182 2370 20306 1357 26913 23417 8948 13575 11750 16112 13717 6054 22425 16230 24551 4100 3182 25527 12261 15057 9339 16865 23708 24301 6239 5457 21137 7493 14947 4982 26280 1519 10563 18364 15818 11686 12254 11077 13009 10881 2226 10457 24321
2415 120
9481 20909 17185 21611 21232 17878 22606 1677 2578 17110 2474 2479 1107 1448 20418 6844 10518 13236 24869 22258 8617 13219 18431 12003 19037 24947 18475 8878 3624 6350 9258 13118 10411 4306 26665 6199 20779 18048 5657 24237 3977 12519 25664 23108 21750 9638 27661 18124 6445 13918 20377 18622 10392 4396 8495 19581 13668 6746 13046 4391 26608 18034 21370 10134 24881 20853 9015 19009 4509 926 2515 6328 2889 26832 2901 15908 26201 6373 615 4405 5660 18775 65 5324 1412 24741 15255 2979 8692 25993 14049 4208 4197 727 6669 565 9738 1572 7218 13650 4883 13569 18864 14834 9486 20289 21234 24190 22481 18327 4066 15111 26818 18781 14837 5514 23559 49 18086 21189
3046 112
18133 22450 4221 3339 4356 16852 9240 2367 23508 19472 16807 16046 11178 18594 25547 5152 13941 11169 19393 11171 7906 21966 12558 1744 24627 21774 5513 7941 25233 8138 7886 16750 18735 18546 24650 24524 6136 4482 10331 11043 3656 10295 18796 20550 2404 22952 12015 25665 4083 7530 16756 1981 22570 2868 20422 22065 5886 10547 13448 17227 7844 16741 5697 9260 6901 10921 16488 20650 9395 23603 3994 1681 3130 12262 5075 3878 26238 16438 19134 10627 15861 12560 19251 4949 11782 23555 27231 4361 15209 10597 26577 21199 27428 4146 17761 10480 5612 21342 19054 21696 8608 19458 24355 25815 703 9159 13869 26008 4129 24623 18657 15340
2697 121
18003 23497 22496 27158 5336 2502 15989 17888 27737 11885 27014 13770 12122 10838 25500 17079 8685 9758 4756 16564 25302 25826 24543 21911 26063 20784 13889 20656 19 1055 18271 7857 13237 20624 7879 27760 14746 23671 4712 7542 12462 25379 16082 19693 25444 7711 17846 11527 20242 20911 20292 13910 23411 13170 25328 10323 6864 21272 1517 21909 19630 27000 1408 789 8001 16838 13098 4507 12090 17444 7962 22360 26023 3143 9513 882 15835 18155 10533 17753 2882 15149 6893 27317 23281 1829 26341 6341 22508 11660 15616 1834 10793 1670 4912 1332 15920 342 2411 10776 24617 6300 17731 12770 1275 8131 5983 3114 27547 12419 26607 3928 19399 19601 22772 14258 16095 25298 6414 19550 1093
759 109
8819 3711 3718 20706 4282 14462 19376 21077 644 14029 20823 25088 24970 17270 16416 2378 12384 10898 1485 16120 1819 7462 17221 3358 5540 25630 2222 10038 14736 2686 5414 25054 20615 3923 24049 4519 1886 17189 4687 20787 13337 18248 23455 15170 1554 25555 5144 5046 14095 27740 4271 11479 3155 9322 2960 24234 15611 286 24026 2393 13530 9069 681 12645 24371 10235 8835 11963 1564 13948 20551 2278 9432 12033 5905 19515 14320 19085 11513 19167 794 20842 22632 22142 4057 23608 26503 14836 3195 19567 23169 11674 13720 21152 4434 6577 7822 22461 13919 4697 8329 15330 22682 10507 23681 6921 6453 16312 3071
1285 121
17550 17226 3580 13660 2326 5744 5872 8670 9236 19010 11104 19215 25940 8253 12572 27816 24166 23635 4241 17645 12748 23951 538 20317 14059 4351 14518 19471 13862 11766 26119 533 26799 5541 4536 19864 14425 998 15486 4881 19030 25259 4278 17351 10995 20283 6124 19404 15745 13662 14881 6688 1238 3832 10892 19436 14280 11497 21119 2763 19255 25004 2828 22216 16454 22833 15386 26616 18346 24031 8297 13449 3496 3953 4177 22923 20661 12701 17143 19430 26598 19706 25257 19961 8577 382 24159 24098 26875 27253 15552 21236 26828 5431 10917 24616 19787 972 21457 11929 14734 21718 12371 973 9299 12838 13388 254 24728 13500 17306 6117 18238 21 3577 13897 12392 1911 19481 14309 13311
4293 112
5509 6218 24866 27201 17030 24258 7145 21819 1738 8983 14726 2377 16305 18334 14792 13023 24471 3919 10336 26107 14876 26937 4480 27038 9057 10590 14721 5868 3517 11336 18089 1465 21372 167 6081 14500 17409 1559 11289 5061 17048 24380 24094 9450 25754 5610 10216 26108 13414 10208 22708 23690 26431 27041 336 17187 3594 4039 14411 5725 7825 24179 1590 1300 10497 26340 13909 8776 27835 25290 8130 17371 15113 23264 17703 18166 7972 930 7086 17456 11204 5294 22326 24802 3603 7774 25424 20756 25157 21195 8350 6348 2835 8119 23136 5779 13951 22197 20994 16066 18900 14454 26953 16376 9941 462 9274 3581 20068 12469 784 7119
802 118
6175 17243 13933 14892 13610 5252 26206 20362 23894 18849 4875 21975 2672 3836 5830 7934 17317 9533 10698 15650 6959 15698 12859 17891 5346 10206 26749 8512 6321 19607 7768 15797 7682 24594 355 20177 11780 25306 18729 19985 6335 18241 25875 1104 9217 7816 17276 6855 15937 27299 11135 24751 16071 3791 10844 9691 10682 26143 15964 27805 16192 24043 604 18846 9427 19901 12848 10242 22987 8085 14167 4205 19781 12274 16052 7156 17097 9238 21474 2570 6717 18057 27130 11465 2173 23142 353 20029 15067 2858 11170 22137 3966 13005 9219 16158 9556 19778 2172 26905 4367 1973 24735 17233 9034 18561 1343 22509 17113 6706 21021 6363 13850 11630 18296 13470 9497 3961
1735 106
6892 8043 931 4348 11568 17142 8183 6880 24377 14806 12529 7049 1500 1214 10611 9521 21167 12196 24965 16113 19183 187 3888 23782 5794 23132 1999 24116 25739 19750 16218 22934 24135 21488 7805 16334 26400 633 7561 21867 11084 5979 14772 22380 5961 14565 27721 26876 17398 23760 13073 5694 985 22300 24710 25434 18866 15202 5911 12066 24661 21066 27829 6020 27688 15987 24081 9319 11797 13245 21169 9817 8398 4653 7354 12309 1184 8892 24157 24284 20516 22917 19401 11545 23627 6221 20894 5603 19283 20062 19526 4188 12311 17659 26454 8741 19099 22076 20902 12193 2663 10276 5750 10884 821 829
345 116
2345 24366 1943 12577 3592 15228 14354 9490 27732 8744 23753 19735 23090 6315 21273 21366 24924 13857 8774 6876 19440 16967 26230 13677 16354 19671 24328 5642 22084 15387 14008 26909 2871 19153 16173 22240 6665 26147 14867 25772 6005 24799 7562 20195 19678 23578 759 13128 23313 819 25899 3970 17591 12484 21362 14334 380 13518 21653 3453 19338 12539 16899 6349 13460 9445 22543 8094 5727 13580 17216 24322 26144 7517 1917 16194 26505 1328 12150 17801 12973 14629 16726 205 1733 21697 2677 11070 16200 17137 18933 12136 2752 9005 12512 26415 11534 1397 23011 15450 5516 25710 27264 13006 3538 18084 26846 25001 23855 19538 14464 12978 22409 11599 3305 14213
3103 119
9815 1208 5221 2623 9017 16201 25289 12399 5272 1701 19056 16331 1522 18293 1882 12980 21424 17631 12622 21852 26418 25897 13644 22351 4995 23974 16186 2072 22925 14133 5197 4152 19853 24825 24981 24368 13532 3091 12523 23245 11234 18638 7838 21744 23185 25763 2146 15179 1967 19997 27806 22595 25066 5025 27678 190 26498 20442 24384 10210 2111 4378 21844 25406 25051 23390 23797 26459 23318 10830 18887 19351 15805 5888 489 19328 18935 3561 22113 27304 17906 6600 23602 21462 8177 25132 15326 5161 26419 42 4733 24142 15250 1754 188 20876 6472 15951 4112 10037 11685 25181 24105 20930 3578 11053 9244 25557 26388 13710 22681 2116 12374 1140 5765 22315 20865 27566 21989
2903 113
14989 24150 984 21514 7455 21246 23349 12396 24760 16323 9030 4800 25506 18109 16931 7504 15523 22596 14966 5622 3602 339 8649 3208 25095 5365 9025 13987 26312 10601 24980 436 15201 21345 22148 8024 7124 21193 8437 16655 9831 24130 2319 12138 6830 5877 14987 9915 19190 19996 1113 6353 27107 27143 2002 9074 16693 24187 4393 14114 14624 17926 12398 25463 17141 25231 17845 26872 27673 8656 17962 8781 2543 11994 9811 4578 27700 20978 20596 12213 12240 15260 25450 4023 11130 15329 7989 25532 15585 4472 4493 4694 8470 23736 330 25593 17024 17366 7178 23657 20506 15720 13636 2959 13071 6603 23930 17668 17333 19992 24066 7862 1482
1977 113
7475 17689 11758 3002 23364 17197 22905 25574 8887 6988 11293 4597 11342 16705 27141 24571 20776 17869 26245 5551 23944 19394 5248 1379 2487 18175 23376 24559 9480 18353 26906 18760 10919 7090 23996 9876 21009 9191 4762 26265 18992 12653 22755 20724 12684 13050 26541 20561 13053 5312 3968 2338 14215 16541 14832 13037 22807 17467 21032 12491 24139 1878 338 17573 27031 16364 22467 717 18154 17921 18446 23703 15985 12612 4179 25661 25011 9908 23943 16923 16351 4633 11474 16389 26823 18397 15904 18563 16874 7626 13195 2565 12824 2540 2221 7088 25360 18536 20612 22463 20294 21641 16683 7661 9261 30 26075 13409 16172 23329 10116 21893 1434
1788 113
6435 14582 19529 8086 12877 21762 21175 21036 24072 9707 24868 14002 9951 8613 15508 5134 11243 12271 16517 11606 16864 23788 18508 12490 11987 26061 15093 26988 24241 10166 10690 9728 3357 23826 25694 26479 22962 23810 5792 4920 22928 10500 21904 7337 5530 9510 3759 18930 11572 21841 21083 9642 23990 16111 27714 8426 731 5153 15440 23469 14673 14786 11389 15746 12589 22069 21816 19368 25799 9672 10959 24133 21017 19690 19694 7670 19927 6365 10668 22603 18398 5718 2951 24386 2830 13139 14030 1664 4499 17577 14336 10294 9565 26886 12522 11229 4764 7899 5193 2782 13067 25468 4705 10760 23670 1631 1125 8539 26497 10779 25439 3393 11238
1734 106
15469 13120 8045 18519 4339 15189 19260 26428 23004 2569 10152 17616 18461 20189 11794 16799 10931 2625 14282 13911 8890 7625 5467 15570 5045 12234 8345 21295 20346 5769 9024 16636 14285 21682 11398 22170 11889 8609 13768 24792 27185 26352 13343 12813 25375 26168 2486 12691 16812 13078 1470 1655 1598 7503 19828 7481 8925 14202 18350 3980 8637 7932 22770 9475 7721 847 24067 15414 327 26584 14700 1324 10386 16999 954 12040 17249 19080 15290 18070 19655 1341 4398 6761 24127 14886 13451 26194 20406 24553 2317 24995 8913 1076 26549 19320 13349 19276 22984 18323 25227 2575 10044 3865 17695 17194
2070 117
11143 23072 14441 9415 8340 7103 7471 13384 21454 26224 18118 22765 21551 6614 18526 24267 8600 16188 1471 22115 27128 9621 19646 25443 5688 5352 9786 13249 20165 1537 19825 22203 2136 27746 6741 19551 23279 3364 19049 3049 19160 10273 23315 15918 12957 13966 9952 12742 19933 9686 23881 5920 18702 19366 13359 15879 8151 6249 13826 26785 2750 22493 8163 6734 23498 4097 11688 20499 10724 8899 56 18975 7594 949 4581 2696 21469 9048 16235 2030 25288 6128 11906 4126 10877 18196 4465 24561 6888 13602 21839 17172 15961 6684 19773 3098 16103 1951 15468 14157 10737 15350 26567 6325 7770 11464 16427 6182 8831 27075 19489 21706 3637 9237 2969 14778 1472
2446 104
8902 4815 2946 13964 6950 10932 21374 20237 15303 16239 10516 10397 8463 3378 14295 2618 6646 1518 3794 9785 20987 23767 14467 16491 24849 17301 23769 8326 2242 25357 7349 9989 22439 4079 23843 14901 6207 548 13465 20926 9459 8702 24776 17904 27399 8872 4467 6269 3227 13076 15066 9668 3730 18245 10137 9505 13474 5466 14340 7444 13732 12769 27277 19734 27821 15010 4617 8458 24497 22982 16580 3610 11776 2580 377 1273 5526 4357 24767 22771 5871 13020 22283 23918 16342 9468 729 20534 817 13433 15509 6638 14288 10707 17099 2727 18216 25504 4620 27305 7868 15147 19263 19385
3142 99
16384 21916 12610 22495 20181 290 27125 8479 18343 6148 10060 6040 23921 9608 5492 6695 27416 16051 7771 23302 17153 26237 21382 23955 6343 23720 10327 5364 10596 20416 19273 9735 18014 6390 9837 18977 22764 10065 26500 17608 3861 22359 2302 19307 1652 8717 17932 23611 13689 16439 21136 5780 15126 12883 16811 13839 25702 25043 8095 5298 27789 8566 9776 21130 11157 14426 25714 11876 23394 24429 24188 24609 515 20563 12115 27112 13276 19102 970 25885 5260 5894 7402 12706 2352 4938 6066 23123 21944 13564 24019 25808 11528 17934 1356 21046 18687 13225 16322
2352 111
10573 26602 13238 24794 11981 7791 3249 3158 26871 4239 25133 11286 17643 6964 16543 11385 7369 5268 25407 15395 21960 4765 10238 20340 9963 3316 15197 8904 9414 27565 1667 12499 21574 21546 5586 13075 22308 1994 20999 19231 10839 995 24201 13728 12333 22072 5739 26837 9212 22854 6382 27571 1986 516 14699 21378 825 11565 18115 7037 234 8722 7662 17404 25245 22555 15464 5463 27800 23514 1051 26844 23239 20045 15379 5882 21158 157 14502 11444 5892 20191 13793 3840 9567 13407 7 10978 5522 5206 27115 16013 3309 15845 10604 25809 20357 11486 19304 484 20959 18165 10769 8923 11326 1533 26315 2110 11795 23584 12697
3562 109
10536 14383 19418 23845 5444 12659 15417 20192 4664 18303 17380 14658 3048 23046 23563 18041 23378 27556 20338 22378 9100 7438 21607 8725 14877 23043 21862 6231 4964 18680 13592 20449 10369 7253 5234 27066 2 2924 3125 11733 7040 1466 24499 10274 7365 3326 2809 18476 19595 14623 10694 25271 22847 20200 17667 11777 15125 22622 2933 13648 23980 11810 528 16073 309 10873 9800 8389 13563 19858 8190 5984 872 16302 14141 10314 13056 25892 19685 7799 19553 21606 17203 25311 11700 13803 24506 14873 18237 9383 1952 8422 12267 12554 23442 14090 12068 20934 19876 16551 2547 25109 21470 20670 14465 12386 13064 20226 14220
4282 110
11426 15122 18424 11718 13090 19476 21882 20073 13577 13167 508 10768 3369 21807 27486 19620 2899 7621 24326 21286 3103 7804 394 10147 10684 2759 26543 15396 15953 1394 10253 14091 5368 24410 22742 9730 19840 1086 16366 18630 20430 1185 2885 12971 8586 12416 21491 27109 20627 15502 22659 22108 1359 12802 8230 10983 20641 2805 25471 11574 19022 3420 6847 6557 5301 1228 21649 7875 12222 10600 6105 4631 14121 9726 20674 26733 22945 1604 16744 5459 11011 20908 24073 5214 12027 19870 14525 9144 21830 27002 6539 12048 17848 11097 14975 7247 15952 4456 1022 20703 19484 2551 26678 12671 4807 18994 19402 6795 20024 16040
3455 104
10087 22350 26526 14643 6778 640 3761 18967 25619 22526 285 18206 25115 16377 2237 8706 26298 7736 11352 16474 12157 24592 8199 10934 13016 25071 14020 1105 14776 2427 13399 21769 8186 3494 2836 5080 10017 20556 22294 15834 20169 21207 8955 8448 16800 27089 16968 5250 9692 12635 20806 3700 960 8031 6186 68 964 22996 20954 20728 23092 16055 15519 857 16675 13282 3614 10452 20236 6635 7817 26855 18611 1455 7316 16452 15343 2584 1922 10482 26945 12685 27663 14127 21498 23538 7773 13340 14305 1461 6887 16561 13185 9421 20355 21609 18742 22184 2185 24843 25291 14547 20789 15728
2899 118
5147 15184 13783 1179 16393 12480 1036 3651 12094 13495 27163 13855 7076 13042 3623 26903 6083 6047 18943 26710 20298 13099 9630 4265 13420 13458 12042 160 8836 26421 20880 17810 13769 10021 11747 26423 16208 14379 7456 24032 22739 24988 17583 12675 13975 24690 10615 16754 8643 14808 23008 12250 18371 22532 25731 26040 23922 19799 21639 6398 20749 25260 8381 4529 12786 2059 1639 16193 16076 8181 23010 26120 26943 8367 13646 20273 21442 8500 17017 20465 7205 2704 1774 8482 9872 6392 9218 12839 27067 25924 266 7935 13725 18273 13866 8202 6013 24084 15097 113 13579 21261 23071 17190 200 4810 14246 21245 20540 3964 25025 11896 16539 5259 8698 18710 25818 1137
1471 99
12405 5546 21385 2038 25455 16603 6215 9090 24985 2651 12646 11099 8916 26151 15234 12393 25046 21204 20022 4761 25775 4625 3191 19724 1457 19758 24725 5624 17897 6937 26869 4767 11441 14124 20786 10034 17960 5485 18809 5519 10606 27640 17614 7392 5989 24536 17662 3255 25364 22172 2490 13151 14423 2408 15732 15444 25461 2252 13013 12205 2683 22480 7714 19994 8847 20645 6171 15787 1271 17397 14294 1154 6369 12034 24940 18427 16398 26010 22981 3065 15544 18565 17969 12401 26954 11423 27425 14480 15867 1490 6786 18276 15622 19918 7555 12098 25783 27193 24260
1705 102
2034 7268 10245 23198 24738 6595 12866 45 18422 23648 154 14798 19057 21116 16147 2463 22867 16818 21217 14615 6648 24182 2179 3122 21386 2649 4603 4120 6434 20296 21604 19540 26508 3639 26819 7835 17016 9924 27341 3471 19821 21173 21455 23511 3925 12664 24129 16557 5653 10394 2014 11395 18661 23896 5098 27436 20203 2758 22434 5670 11437 21253 25183 18093 27812 18164 4969 27847 13487 11573 6815 17281 21073 16503 17396 25700 8054 19116 17313 20140 27337 1707 7032 11373 23888 6881 7039 6396 19570 15366 3024 5391 24746 16128 24039 3276 12752 4014 11446 19751 25858 2193
3364 94
27263 22589 9734 10851 1007 2028 24648 11147 10667 12950 24747 1436 23529 17041 9455 13362 6767 9018 12277 10914 2307 14102 6273 216 11303 15183 22769 14123 1934 6033 9173 13483 27249 25240 19342 23777 15916 15277 23028 20788 4243 5640 1090 5273 10416 22791 25125 26246 5318 17510 21524 26834 13402 17346 5890 14830 25255 18228 27702 10071 4735 6123 6006 25217 8720 21896 21693 386 20359 25983 5048 10277 12520 11775 16793 7100 15369 25966 10625 11299 12259 5282 10424 4365 23571 18793 14373 7793 21361 15400 4395 16766 19791 6092
1507 109
14640 10609 8184 27203 11163 13181 22869 7047 7282 3201 12594 25270 13541 1195 9705 8595 18464 17716 14688 16506 27631 9772 1016 5387 18954 18908 23925 10673 4870 7796 8667 7600 9267 19157 6671 26782 8395 14412 23227 22331 7589 9830 23663 1109 22220 3912 11798 21214 10692 26864 17285 2733 26522 26889 3959 4562 2731 25668 1068 19602 26987 10068 4215 21796 4760 15302 22384 4298 17959 9171 2702 27013 8561 6590 12168 17919 3875 14895 22080 10808 2113 19719 9704 3672 25426 7006 10284 20891 5637 19300 7556 19925 10207 9883 13929 8703 14665 8994 7355 25708 7319 21091 21529 8960 15633 26456 2997 27063 21436
736 107
22127 1612 20559 20673 2024 22695 14106 3767 2476 14529 22288 24393 14833 24932 8918 25214 18716 2328 24379 20925 19046 8602 19194 12673 11874 13323 7851 9744 4587 14598 3785 3793 2943 11668 11679 26330 6677 19520 5441 21392 18359 6019 14 16281 21705 19060 8646 3229 19291 4975 19425 7858 14182 27518 24673 16397 7874 2505 20397 4899 20575 6610 14145 24777 4340 24694 4905 5847 16684 20034 6857 5579 14043 23057 22397 4886 18794 13025 2749 23751 8063 23078 456 24639 6149 12306 24282 22733 18300 27686 13493 22516 9793 3687 10191 22034 18985 26863 4326 15608 19507 27251 15164 7221 25680 14162 13059
2570 104
20512 15938 23640 13830 23434 27306 10261 11689 754 10648 11834 23327 17453 11940 22953 7117 27113 8997 19184 24897 18263 6100 19945 19244 24128 22930 8780 18652 26190 8158 19738 1909 26826 104 22036 7129 22186 12440 10534 27842 5439 1548 18395 26164 12873 19162 17965 16824 12723 23698 18898 5958 14125 23218 5804 22398 15922 3641 18922 6203 20050 13609 21018 13186 991 22210 1174 12931 6137 6512 26409 24973 16604 22371 2416 1868 23593 13257 78 13571 21305 15719 14571 9522 21522 13683 7577 11139 10876 13675 26668 16168 1654 20955 27794 9763 18457 20813 27468 11063 25905 8909 8167 24986
254 105
21737 13503 19573 20593 2930 20308 21111 23565 5131 12451 27406 2084 11808 18450 26538 26209 18355 26058 15829 15506 12555 12053 6245 23801 2248 9185 25050 6766 8715 10686 17244 6080 22411 21102 10030 26056 22901 15252 27071 22572 20319 12025 23184 23140 959 9550 12492 23818 8247 6197 18345 7216 10708 27162 19517 19681 21029 3216 23795 16090 18637 3752 24971 22552 14575 23306 20404 9397 11624 5149 21959 27801 7183 22518 10560 27220 3969 21328 16892 17068 11763 18149 5179 3116 27093 15561 8213 21422 343 14759 8125 23380 14496 23468 18472 11894 5322 22161 25503 19026 12626 25888 6108 18666 24952
3833 105
26293 20151 12100 6493 27150 10841 4077 10580 13417 4701 10801 25478 16951 15628 12335 19940 19093 6554 27563 40 7440 6622 16033 7743 152 283 15296 17603 9366 16928 20126 8488 6002 11605 21573 27400 19539 23385 25136 20171 18454 26176 18391 16432 6428 11537 13756 17507 7476 7798 159 19998 25687 16591 19282 1676 20382 2546 26101 17746 18911 24222 13097 15448 26007 7463 14257 476 1143 4967 14936 9183 27183 9289 26701 16407 4640 18106 10635 17386 24502 22011 24285 10115 1387 16098 14813 8034 8278 19219 19964 12526 20293 13851 8258 2075 23255 15803 25446 10938 14900 6712 950 18474 15322
643 100
23985 13799 4613 13278 11620 12104 18017 15294 19257 19654 15542 904 20008 3244 17000 7191 7071 16760 7386 26037 14240 11646 27840 10823 22272 17531 6304 14929 9021 12617 22423 17942 4111 17692 17377 1243 6324 6926 2910 14814 8971 16083 675 13191 11173 14711 5666 5348 6347 24974 19919 3967 12135 2389 22539 19127 1440 17650 10506 18903 18525 5120 10778 27611 26589 26865 21338 25610 26259 22597 27488 2187 19522 15695 6935 3450 17784 24163 25163 9120 2613 15881 9302 6030 17231 4506 8010 6266 16842 26940 15767 16435 26382 17881 5706 15124 1709 7004 20410 3528
3377 114
8335 17870 1725 1540 12849 19590 6971 485 26043 122 11867 25769 22879 27059 24599 4627 13578 9998 13581 7362 1028 14011 15415 1255 22569 27349 15035 12709 14782 1025 2756 5737 1919 14675 7219 12656 15630 12724 19604 11409 11290 27562 5039 13709 2047 4840 12955 23742 19725 22386 7815 21484 7166 580 11902 27437 1710 4935 316 2312 17066 4315 11935 26019 6400 21770 10492 4248 6934 26034 310 1307 2161 23506 20366 17240 1306 15027 2455 20314 21864 19697 27355 18706 24109 7730 14461 5398 19464 27574 25836 22904 18761 22840 27513 140 8520 1272 8388 10028 22811 25774 24495 11895 12798 5831 5606 20330 4503 23726 5824 438 24214 26335
2637 100
6287 16181 5020 16159 5673 18675 20501 2831 5507 3976 12091 25848 16558 18435 21011 5903 21346 2385 3109 7301 25296 21222 5828 18174 19015 2220 23863 15000 24675 12974 3657 18436 24644 4549 4775 20890 24243 15458 24199 8967 21566 16289 9296 13263 27034 5217 14192 27690 22752 1810 5523 15413 721 11619 12795 4073 16182 17420 16410 5058 1511 25079 24629 12058 1291 14916 25804 21369 24822 9079 22243 11914 17676 9103 19379 17287 16441 25824 27177 11659 20479 23853 2492 4825 1084 674 11607 25457 17681 2806 17254 21715 24132 10623 23171 3605 4614 6714 27294 21479
3627 107
3432 13398 10523 1512 16740 13119 8615 6974 2771 18792 20875 13552 15381 15941 5185 2399 12332 20503 17094 10900 14649 15055 19677 15893 22809 1964 22344 912 10121 7387 9606 7985 19209 1425 11343 24167 15933 2619 2127 26554 8154 6297 22576 22994 25981 10766 15714 5671 1793 15808 1581 24451 7501 10026 23176 13456 24149 6936 11279 18769 22345 13468 19387 17735 5512 25262 26169 26399 22693 7236 2998 26020 24588 19988 13187 16720 26856 8614 23343 7585 8290 22862 8493 12940 11748 21667 18974 13792 4494 10012 13464 21294 1712 22381 5553 8980 20470 2617 11917 27521 3694 26827 27153 59 26408 13712 4001
3543 102
511 27219 14574 3063 17551 24412 16814 2424 11425 12528 14378 20995 7800 1139 1946 15211 3332 18882 25878 9388 10904 813 26434 17423 19924 25313 8675 14400 27572 12097 16328 22977 15605 5190 8295 21492 13673 6135 19225 18632 19391 10499 16520 6166 7651 2874 18732 15536 1312 14667 27334 23678 17019 23351 24526 12089 26859 12322 418 4894 13825 23781 14424 15736 8811 19571 16673 16206 21122 12201 5436 24989 12216 2545 3630 25466 7965 3179 8057 23866 1696 3872 15128 10319 4220 14134 25825 1388 23636 391 11792 18339 18515 19318 9637 20222 6090 3171 22037 6495 4034 3887
2450 94
26578 24854 27665 22848 3847 5712 2588 5208 17778 12962 23579 15196 9262 17715 23779 4063 686 23389 22683 19493 22189 17762 4441 26680 879 20923 208 9382 3506 17700 14076 24464 3368 8150 20349 9153 23269 10070 925 12982 6802 9109 24276 25608 14893 26118 15947 21076 2496 1847 22023 24170 20324 23975 399 5069 7578 17271 15759 26731 8716 9083 16949 4850 23761 23415 14516 26256 19913 20513 4662 19172 16412 7217 18673 26373 6760 9984 22588 3160 10890 24501 21629 23995 18260 3018 7137 3200 4808 3658 1463 3841 22611 20774
2659 107
17470 27100 14104 3913 16635 11664 8640 5447 2678 24381 24225 18827 27088 20505 16197 106 3802 8265 6763 22766 4244 870 13672 12239 5139 13100 1087 6456 5432 11563 23427 7860 2525 17001 14747 27267 21220 3855 361 24193 22844 20519 23379 1236 12077 23561 19957 20775 3758 11692 9766 14523 2011 5377 25486 24287 16681 4463 14533 4427 23792 19872 27510 2140 13144 25533 10639 19609 15155 19790 6856 16081 922 17347 23587 11696 15826 22119 23982 9352 11587 27389 20216 10083 4327 24189 4650 5055 11155 15251 5680 12683 7366 13001 1912 22533 7936 13896 13363 15031 11197 1413 10301 1684 13985 4476 18376
3692 101
21992 23001 26858 6156 24262 10188 6615 25874 7933 17208 14681 26899 7831 16282 17178 24887 27229 20740 15896 19682 13272 4759 19298 3005 2472 13477 21642 1142 10811 11488 21883 119 16583 10015 1046 8683 19145 18214 23968 22933 25352 14491 10176 12857 10456 7660 6364 9478 10320 10915 4400 2581 883 6985 4974 17894 6496 25070 26664 19006 26908 24479 19636 7963 17946 2029 22817 21843 21093 8380 17740 2509 1274 294 26197 27083 19820 18081 5536 23966 7559 26797 24589 19793 4430 26815 25601 15015 24913 6296 27629 7951 2864 24860 663 8053 6851 15521 3281 2277 16241
2397 95
3920 14010 12627 15601 19508 12947 23052 21630 5754 16060 12206 23728 12251 21068 4470 7961 24633 6860 22669 20339 24125 2124 6565 8360 11370 22406 17787 23673 14084 579 3012 5082 10703 7229 24331 19141 8727 23589 10501 26435 6415 24656 11716 6605 9671 15003 25656 22647 13992 8378 20895 12411 21532 17015 2273 147 18011 16092 5500 5300 1528 18437 7096 18473 392 1376 20905 1543 17210 14342 3936 22453 1476 8242 4032 1504 25441 7052 9885 6227 14363 20997 24720 6018 16125 22644 21836 17036 7012 15931 12806 26188 6744 23065 6782
4182 98
3097 23614 4524 20936 5034 24797 20356 16734 11699 16702 20945 9325 7964 16050 18444 3935 811 27449 6928 496 9215 8046 23268 10909 2601 1766 21656 62 21153 2420 21239 10473 3640 5517 1310 26154 15394 75 4666 18574 15436 10532 9070 27380 14701 18486 21884 4388 15139 21310 26443 12318 19477 4389 11999 18607 17794 19008 16813 10835 23778 2478 18074 21408 8748 19466 4313 19917 8648 18575 2664 25314 3965 23828 14490 12521 27212 14434 26845 21419 2351 7912 24545 18642 4164 21761 415 23116 25481 17119 7524 4702 25304 19120 12733 11304 25252 18705
3305 103
100 25164 22361 14209 24593 21878 9840 7761 26981 22313 9403 177 22838 24293 23170 13708 22760 1794 9417 1375 25652 6283 2597 7916 5105 14735 13957 27045 27664 16498 21090 23734 9377 4045 27017 24345 18182 7267 25228 27222 3231 2804 23915 9620 11036 21082 24131 26134 14851 10640 1144 13227 15832 10780 25402 10481 315 8267 4910 26642 18534 23383 2020 13716 16697 27796 26387 22460 27154 15047 26629 10173 6788 11283 12638 10463 14696 10961 5912 24438 14636 11788 10794 9113 2890 19768 16457 15625 5838 27592 17089 23240 5263 11520 21416 24606 13505 4095 13700 19483 658 7413 9476
764 94
1644 27504 24531 9023 15968 23682 8542 20715 10845 25395 9990 19361 26115 8956 4214 4820 14962 14026 19105 2992 20043 680 13331 8462 9448 13567 2606 5168 19344 11252 22855 21931 903 7134 15447 16784 11831 4498 26173 3282 15266 1169 19774 18851 15978 5910 16987 8567 15988 9022 27439 2803 11136 20023 22891 22887 7263 10057 27675 14913 5764 25741 21550 21691 10228 25904 18990 20239 10241 26407 26261 17883 16273 1000 22225 2202 4513 24238 16381 15268 2919 7527 6819 14619 26125 14606 8629 23749 19207 15531 11165 4546 2577 11970
2688 89
14158 10940 16276 4302 6326 4237 11323 13605 6459 26070 23326 20278 718 15195 248 19076 15473 18277 1863 16099 13540 18674 26368 19583 26521 2687 15212 14660 4606 5328 18261 3000 2364 5710 5950 3574 19403 2216 12160 24687 18079 12236 16299 9002 16275 8309 5381 18790 20663 7437 14433 21012 19818 21786 8406 14682 14766 21463 16402 499 17327 16637 19135 3735 3719 2671 22651 11559 12677 19377 5939 18893 16000 4718 7839 14018 9006 12403 15030 3828 26141 4270 8212 25138 5599 18021 1178 3900 23870
3981 94
6848 15706 14098 3491 13496 27484 10675 16105 19866 13315 5150 8159 6151 18971 5344 22078 20870 23572 8083 24145 22458 2495 4466 9108 19319 20135 11524 9165 12395 11636 11255 19720 6905 25658 15016 21881 7382 4777 12782 25427 6452 14799 21661 20586 19064 11804 4477 13240 8480 15420 22324 19861 19088 26157 10340 12710 22102 19956 8266 1505 16882 3456 21151 24615 7480 17325 23096 16917 12085 21825 324 18655 21853 9919 24894 5303 14974 22961 21334 5006 27289 14875 8336 3674 23864 21230 1567 17388 11959 16628 14896 21004 25482 19356
963 93
10348 3901 242 4101 20417 7149 15547 13925 23472 1066 11882 21597 23207 16755 20124 7569 19618 10613 16607 15263 4445 2234 2956 27090 20480 4889 16413 26135 3424 13529 4689 18804 725 11478 12808 23857 11241 1555 24063 866 14757 8029 1757 11078 21922 1342 448 9928 2165 26544 8915 12963 14967 22523 537 26361 9362 12294 194 5703 6820 1915 18712 22785 21159 4566 17911 16233 23808 17605 25832 24618 16106 6581 14353 8315 5964 26203 22010 585 6277 23743 25811 1560 22909 12705 13642 8164 18479 4236 13094 8068 6568
4129 93
27386 25307 16064 17133 8693 4420 25666 10620 24121 20709 16571 27553 17234 23819 27636 20565 18076 1833 13242 11093 5611 16195 233 6276 14187 4288 20345 1198 3584 21431 22993 10119 9115 2280 4624 4788 24550 18766 12167 23962 20021 26268 27813 13153 24439 5477 21543 7164 22734 4002 21339 6252 10679 5470 24758 10710 2602 21355 14767 27362 13231 15858 4442 8771 8800 22096 20797 24929 4817 18963 4774 2814 20680 26573 10105 18854 10905 19656 16287 14422 23183 24040 24353 6541 176 5329 10370 16042 19687 10050 21603 25847 15716
3279 99
3486 22872 3757 27833 6800 974 23765 25223 10472 26516 21746 26050 7632 2135 15900 19628 8214 16253 1960 15543 12716 6431 4341 13066 22950 13360 18983 16114 3800 820 11980 23346 16199 18915 22238 8008 9733 8688 23357 6854 16822 25676 19888 10202 24169 6487 13293 8699 18697 625 13519 15810 1027 17220 21731 4323 25495 5141 11687 2888 15565 18993 27270 3192 18052 8327 8924 14591 918 4156 8505 6738 7321 9862 23789 13874 27817 27243 17273 27272 21321 23037 7611 24841 8362 26524 4714 550 12871 6480 7192 14418 22664 17052 16141 7960 13655 8680 9213
319 102
26511 14530 26861 3061 7814 1547 12327 6918 609 27758 8810 21779 13807 27683 8882 526 3069 22947 10168 10930 18198 1348 20557 16525 86 23992 22457 8446 7141 3020 5543 3753 23757 19326 19410 1695 21613 17670 18010 13998 17508 9520 7193 14251 1295 26171 10278 14337 13887 21317 18016 24852 841 19634 7180 13751 11893 7655 17102 14823 7929 25634 12881 21507 27161 20312 11288 15148 16311 16291 20881 27003 3688 18406 4287 22062 12303 19465 8989 21764 18207 13092 647 22672 6579 11790 4700 18593 21970 25939 20128 13457 293 4876 18122 11901 14483 9451 17985 808 23456 26606
642 88
10647 9741 958 12715 24904 21932 2415 14672 2087 3754 2435 18039 3881 19082 26052 23197 18468 785 11877 1563 11180 10333 2159 299 15157 14166 15537 4354 1003 12864 22600 19869 9467 18913 5376 26091 14068 11194 3284 8407 19427 1021 26160 27151 16080 25907 19192 26742 11048 15588 7647 24486 10941 23151 13356 15492 20105 24290 12894 2293 2458 27463 8468 375 24266 26822 26757 302 13482 26470 9440 2867 13334 7277 23160 13738 17005 14703 16031 13062 22913 19560 4706 10225 8136 22802 3690 4537
500 88
16221 20692 12476 2925 1247 18773 8193 14543 9474 8952 16232 13924 712 11757 11842 20629 19364 10629 2151 8314 16767 12929 5954 9655 23454 27814 460 1152 27604 3933 15679 20743 27676 19831 10588 14588 16876 12182 5702 12361 22090 18960 9394 10508 16298 2818 9857 11044 10381 2561 23164 5658 22015 7142 25363 20861 10418 16672 6313 13408 5644 9909 7230 16854 21406 27121 6998 27757 9921 3744 22690 17713 13755 27609 8466 7737 8659 1963 9099 3137 23856 20903 26486 11202 12454 24158 25516 8664
4304 93
13280 7540 7921 20006 11852 11339 9694 15423 26001 9572 2958 22963 11380 27259 11820 11105 14520 1155 4675 4547 27288 22677 25622 6372 9491 15780 5862 13305 2268 46 16848 20510 25305 13357 16191 27160 14039 26729 19130 24052 19191 4187 5287 6573 3983 14513 5096 22866 12951 886 24015 26700 6346 20358 23423 9549 6388 8111 13035 12189 85 123 20450 1386 2811 12219 16796 23224 13211 4368 21991 23969 6256 12869 24748 21908 23106 880 25247 16428 4224 26519 7781 26239 15614 7777 21521 17578 10833 8436 2445 23487 15825
4286 100
23836 9333 4274 8353 7630 7802 8204 12649 19505 22383 11741 13122 7234 23501 15505 27458 7018 20159 7066 25536 13944 5339 5594 3270 5343 24521 8285 9351 4999 4561 24449 3381 11125 17309 1200 15471 20455 9868 7506 20361 17912 24577 9808 11318 25325 14085 8604 23859 1176 3088 5019 3404 16728 17341 4780 7099 27548 23803 12501 3779 12301 7160 11265 16559 17538 22464 16958 17657 5042 19382 10262 11538 12005 8077 18886 18030 1553 6834 21739 27703 18411 6274 10515 2682 6978 14031 17816 14777 18621 15877 21640 20521 5733 1811 26924 22801 3421 1444 24515 20952
1895 89
21539 4888 4919 21854 1758 2263 18628 627 11669 9546 24718 5582 10746 1694 23025 19523 501 12052 26847 19619 10247 4523 14988 19079 4436 20350 5620 15156 19834 14335 5636 12362 25381 27481 18843 6191 14007 7735 26257 6825 7763 26885 25771 1536 10014 24489 6112 23447 21872 2250 2698 12407 21059 16825 837 14506 23712 25069 8957 24959 7220 14704 6699 10775 10058 20588 26311 5053 27252 12148 17940 22492 9752 738 10098 2690 8998 17360 21712 9593 15103 18500 20793 8964 18322 25142 25391 18970 8995
3706 97
10763 7286 15457 13908 22273 4692 5974 8930 4469 12249 6849 9645 17028 16210 24798 12956 11271 15428 4588 25408 6692 14417 8370 1980 17792 21008 27204 22534 7940 5761 1535 3529 13509 6016 18209 10740 4643 15550 12611 6065 11939 24645 899 16926 11941 17513 4149 12057 3625 23038 3111 5200 13947 11705 26915 5199 27772 7411 22638 21689 11738 24013 5597 5247 16269 22372 17008 5874 5163 7093 6198 21684 13166 4611 26386 14733 11239 27122 14208 14120 24930 7636 14601 21264 303 27508 5535 7981 2446 3009 3821 6154 15108 17922 20063 11878 8483
1204 85
8687 25035 891 3166 15204 12941 274 3559 22525 22045 27581 10077 10967 20666 3434 24961 15773 27774 24953 19740 8243 4985 12377 10306 19580 20108 13611 17454 25974 8250 24704 25218 25903 948 21650 4930 27786 51 17331 27057 23616 20183 26948 5548 4335 1226 3161 16284 16348 16144 22804 14993 23960 6528 13246 16292 18056 9243 1221 19755 19128 6772 6412 24993 7901 16420 26683 4874 15393 7257 13980 15678 21223 4386 15524 3119 9454 17813 26730 6476 12591 21128 8343 22829 24431
385 103
5461 4835 7414 3234 2963 6490 5310 14314 19744 15235 9368 15620 7744 1784 6809 22522 23637 8087 12979 19223 16078 8487 19679 18453 9503 26540 1820 3413 15480 18894 2088 9356 11510 21134 13522 4018 23013 8323 14902 17473 17528 8494 14266 25768 11148 9860 21435 5793 16419 25535 16964 15085 19785 25653 26254 23465 8387 12114 22885 18235 14944 5015 12624 4110 8132 18400 27350 11461 19624 17952 3677 15703 19641 5814 8122 23519 2209 760 17683 25474 21086 12291 7341 20799 6023 19213 5992 5118 18341 6602 16250 6489 13267 8816 10270 12598 4 14486 25178 26684 21789 11654 2521
647 98
3824 11832 7419 19227 18745 11232 21941 10624 9666 21330 5181 16356 1735 27347 26426 8410 5453 7720 14551 26441 8719 11126 12158 12488 10847 23312 1941 5542 9847 13499 14239 22642 12257 25917 4868 3173 15029 8433 66 7920 3418 20603 18806 17935 2869 24426 22853 14014 13044 18291 4550 9961 14537 14791 21808 18006 26887 15299 21145 4978 19288 8987 18324 10484 22183 19428 27441 23221 27082 22900 2990 599 14291 23512 20110 24490 21953 4162 12662 15141 1920 7766 2560 18477 16691 13084 19390 13105 12357 4444 20800 22254 16695 3447 7644 21381 10949 23518
3419 92
7181 3036 15198 8863 27602 7215 16879 25241 2635 356 1637 7073 2591 9787 11175 6441 9502 24334 1702 25996 10772 10966 12376 844 26236 24324 18584 10831 6585 7415 2419 16365 524 237 6181 7657 19432 3059 22830 12385 11490 17691 21742 12648 8972 13116 8787 14553 20048 7692 357 11014 11365 24068 2936 11447 3419 22896 19420 10010 17040 2788 24611 13791 21280 11354 27065 13993 10342 26696 26932 11662 6832 15517 18448 1516 5233 20794 5955 388 8127 3325 16903 17316 8373 17163 12375 1780 26693 24905 11930 14770
3963 91
19486 4332 21142 24918 16494 25316 6492 18817 24567 20084 21123 16639 192 22321 9256 10158 22882 5320 15976 13345 20892 6882 26853 16883 842 27043 7021 13194 11813 19353 4385 20421 19976 6630 19635 26225 24134 6501 3100 10086 27781 2078 17509 5975 5907 19813 11722 22032 7971 27655 11329 19670 3178 21332 13546 22604 2356 15715 26170 19378 8820 12986 18820 5331 9685 24247 27677 44 3338 23036 12110 25558 13785 22020 8569 4736 7184 15522 11972 13765 9343 9826 7871 18253 1116 606 214 24820 16718 14256 2507
3167 81
13624 24805 21030 7339 24535 8382 2607 25332 6229 118 21503 21041 25330 19586 11103 11924 22276 11393 3579 1038 231 4346 226 26706 3585 17139 2436 4966 20111 1168 10461 25308 26768 10926 8597 8241 7785 8596 12762 360 2402 13788 2064 21994 16866 15673 26690 12214 20221 7510 18522 19237 256 26512 12225 13281 21112 19396 8777 3146 2141 17563 6409 12330 24028 1720 3194 10001 4228 5810 14189 24580 17490 14556 8625 1569 1582 2035 27585 24772 16819
1116 100
26310 7927 8879 3389 10393 24051 13591 12905 17071 13292 21379 22916 11627 22475 2456 24390 21581 6812 3448 26507 18178 7788 26525 15532 16005 17843 14580 16161 10551 12686 14925 27560 14694 22123 10721 14812 7098 9060 9891 21486 8108 18815 18818 3770 212 6473 3439 26313 14222 16237 17949 23033 5067 2475 21833 7843 15041 9210 15461 14479 22200 20838 10432 16343 21420 9555 2967 13183 16935 14346 7044 27335 5752 1657 8682 26260 2957 8322 1302 18746 14816 17989 9595 14552 23528 2180 25805 26355 1916 19482 17080 14173 393 19239 10234 3780 3253 26326 4383 19309
2338 93
19234 21320 5609 16493 15254 26976 25150 22686 25963 12017 16175 22215 26787 22666 12231 24671 4362 17018 11626 12643 1460 2138 11338 8921 1520 11449 21192 12402 15377 17481 13479 15586 24104 7002 25667 149 15475 23791 2198 26142 26492 18966 22732 26790 21668 9583 4753 14274 15142 6099 12504 13038 7460 25779 17596 13692 19822 20772 5238 9192 328 18091 9967 18365 9036 23035 15642 19491 9799 7576 13032 6958 25497 17062 9469 9156 21388 8920 26481 3306 16598 27622 9877 15181 15511 8630 1673 13380 6694 18094 25631 18055 14046
4199 88
11114 10994 26842 27343 16553 18952 8742 15946 16764 10607 4460 13443 10826 24647 25086 12133 21323 17126 20074 16422 11856 9978 16406 10846 8591 4098 10353 17984 6611 14012 27146 358 22462 22047 20400 25755 14203 13403 16896 8146 17054 1449 26451 18530 1395 24660 10928 8187 8496 25416 27476 22876 14998 11076 4510 12525 10194 8096 2184 26235 19715 4375 18194 11259 17877 989 12672 17549 10576 16231 20390 15150 10317 14110 17464 11892 15484 27749 2902 17780 15175 13429 27159 13301 24498 20466 26698 25076
2536 87
12880 18516 21700 10762 26129 1477 13077 10219 15833 20035 11625 22167 18363 805 26372 9755 18083 112 5771 25913 3081 6917 11017 18562 12092 4025 20973 546 24800 6236 18449 18691 1876 19809 4575 10310 9494 17329 8344 22678 18418 8549 26647 1223 18719 19073 18392 10088 3127 12019 15837 450 19306 1138 25866 27831 3489 7748 10407 21740 19270 3144 9757 13640 18027 26891 27191 2883 16369 18829 24812 25954 25519 3273 15965 19558 11505 24935 5655 15568 1872 13608 27710 9285 18157 19498 11200
1326 83
21644 21003 11756 20601 13476 17362 15830 13702 18058 17637 16017 1913 215 8065 5130 19838 14204 3894 13248 8908 5778 25237 24541 15819 24705 17387 13760 8724 25392 25587 17436 22893 3729 2903 22477 20184 4218 18931 13125 19914 18231 10960 6254 10007 17063 24004 3011 15799 23278 4350 3133 22625 15032 8598 16546 24244 13324 19146 10799 12634 12542 27825 9320 15177 8767 12553 7228 14539 20435 21101 8139 5796 25995 21632 10167 11918 14293 17078 4955 7083 311 6146 11253
3386 83
10685 15493 7452 1250 27310 20602 20168 11500 20651 2732 24891 13169 22636 14034 7393 22369 15246 15106 2642 1085 1534 22612 27583 10217 12668 19158 12690 18020 22726 10723 16370 9310 3823 15641 13021 18243 7260 24750 11217 582 23177 8134 2501 8933 15138 24752 4909 1430 3914 16666 12347 15354 19547 20178 18268 16483 24378 1603 22289 9265 27417 26967 18624 6629 1240 10264 24814 16820 17518 17425 24434 11298 733 9389 7883 26029 17323 19266 26484 20030 27236 20179 26202
1822 84
26059 229 12131 17264 22641 77 15910 1685 6520 8325 26918 15206 27114 1873 20396 10471 26725 21376 5741 20633 15045 24889 26553 14908 10308 24851 19468 23745 19977 246 20957 18132 636 5592 22679 8306 19935 6352 21772 6591 14928 27545 7107 12544 23126 18587 12850 22886 1879 6031 13680 4161 13576 3037 14358 12913 14368 26412 13943 13583 13561 21588 6088 18845 27044 24943 2333 20438 3330 19506 20840 1836 21284 12847 15465 13632 15740 21006 18850 7278 16442 1106 13550 24530
519 81
20249 1870 5079 24978 14577 17462 2400 4651 23507 14795 17354 4734 21585 4903 9850 26926 620 12538 18709 24123 26104 4301 8256 15969 23276 4082 21055 9042 12203 18978 8305 27819 22701 22912 14024 20018 4589 26927 17917 8444 6479 3569 2390 48 1609 20820 786 21200 24153 17649 267 25016 13570 13430 1317 2210 11712 16914 6750 18853 25695 19371 3691 15807 11512 22181 6405 23486 5022 26902 27052 5698 1661 454 20801 10350 9188 15659 20444 13365 10420
302 80
5265 24844 23320 13027 13104 1809 13704 430 12828 27053 27699 13459 17839 23158 16829 17032 7928 8355 17684 27186 21876 1211 27453 12799 9222 19929 24185 14848 14399 27736 7490 25943 13787 3868 12620 26517 26097 16383 6502 14994 13481 27384 8867 22485 15591 6410 22262 9224 22719 8975 17096 6675 3863 17213 9410 21399 24774 2447 19013 3086 2374 1258 15438 22299 5347 20451 14217 26830 7097 4153 5309 23721 1124 15758 20448 24520 1263 8392 15655 908
3500 72
18233 11530 2270 22192 17955 9832 26296 13674 2986 19830 18980 10550 9026 17480 26546 9937 5585 19235 12422 19069 9133 9051 7356 7333 19109 4863 18338 18917 2938 1689 26345 8942 21035 21775 8540 13856 21628 26761 9898 16077 27792 24717 13626 20109 24007 6357 5495 7717 14115 1767 16115 530 17776 6432 9442 14161 17389 23444 24424 8657 4963 22211 13854 18833 25273 19958 21458 18549 3164 27615 8 11327
624 87
4716 15513 7310 15824 11772 8845 18678 15008 4173 20858 552 15894 13537 27099 27432 7425 8824 26279 3646 21132 5899 26475 2350 12175 13069 7085 2996 26949 21907 18018 15598 16933 9436 6094 25794 10578 7222 11982 13745 15581 2638 22813 9232 0 9305 20473 17786 21226 2817 5239 27101 12276 17147 9597 24742 25449 3327 17343 15397 4035 20830 23744 17115 11611 27525 25827 18361 27295 21206 13366 14740 7153 23582 6608 9122 9670 7200 9324 2115 11612 5836 14933 7118 6999 17711 17209 3902
1123 82
27118 3128 11059 1048 20209 13347 10987 7335 2365 27371 2052 7489 3004 744 21610 1346 16211 139 3462 12946 3115 22519 12137 14080 5626 10852 11477 14969 25425 24367 318 13847 19310 3661 17844 3406 19367 845 15308 20197 4855 24537 25143 20463 4634 23080 19555 17381 11025 25469 25693 19805 4500 17704 11745 19704 4551 26241 18073 11224 929 23441 10971 957 12699 27745 16470 10390 20136 9251 7700 24402 27807 23956 19133 27296 3370 22484 1024 5521 8491 2675
3335 67
10357 5406 23093 20436 8320 24360 23645 9943 6116 15527 14474 2134 23002 24261 1442 22219 3445 27531 27420 12008 14261 902 10557 14315 17375 9605 2217 19217 877 17804 6550 23592 15757 150 2473 8545 3848 22400 22932 18412 16518 26527 10490 16324 8052 9390 7395 8081 5127 18547 14459 1956 10 26515 2674 20010 14318 18748 9347 16310 25096 23521 6515 18696 25777 9283 27096
580 82
23272 2376 24414 22780 13572 16777 22778 14112 14514 966 27197 5207 8671 11192 9463 16732 26102 17300 21763 15979 23823 611 8896 17841 19011 2085 3322 25703 2332 25598 14955 1662 15495 3262 6607 19246 24075 18571 23909 27442 7950 12095 2504 9548 24949 14822 20693 14524 13637 15738 22616 6644 19847 24259 15733 2670 25551 27379 25982 27809 22291 12438 16492 25239 6952 12223 12009 13658 24692 1499 12194 13848 6132 27438 7067 9123 11749 10942 6213 14554 9579 22958
3397 74
16887 13882 14001 23077 21347 23223 20568 27646 4827 17714 1407 24836 22633 15690 17586 3465 13145 23707 282 21735 5602 21357 21043 27144 2746 259 22028 2101 22959 10837 13004 16816 434 27298 5490 16 22927 15857 2106 21020 6278 12907 20783 25191 17652 16059 5311 25565 22401 23397 6757 18180 24870 9828 19698 15039 9858 22286 3870 1769 17561 10443 22798 26291 8869 24294 3188 20834 264 13180 9190 5349 4885 26685
2930 76
23829 11998 13269 4292 10212 18050 11341 6668 20866 19042 25578 8679 26096 21734 4320 25440 10031 25176 19776 21301 23536 14103 5452 8662 24016 14057 16375 16911 12680 20628 5686 25938 7240 6169 22594 22619 18891 17579 5198 13722 507 24354 20761 27480 16405 25215 20735 17807 13634 17364 8536 4495 27834 7470 18888 26999 8368 20730 4317 8161 26728 13288 11806 20097 5635 6106 26314 23388 16002 27265 15009 17256 3698 20655 10822 20920
1913 72
24358 19745 14137 3858 14639 16934 18934 3567 9075 9699 15569 7436 19055 5799 2907 4814 2121 24383 4251 16688 21605 15264 26878 21115 17729 13877 27321 13733 8805 18819 8513 1045 734 7830 4041 771 22608 9064 18499 18835 25167 9571 24362 11181 12388 5940 17654 8240 24786 6932 26560 2542 26548 13835 11347 9844 14472 6884 13203 14811 14319 23879 2798 17728 1502 16606 6915 4464 25193 534 10545 13410
1205 85
24850 19434 5108 9177 10402 26760 11732 24727 23059 13163 26759 919 11844 20182 5245 1484 7199 12902 22999 4852 11372 320 19915 25354 27354 3148 19323 15292 25309 8661 3557 21233 4012 15592 5473 26299 1467 16634 25720 12508 13559 6578 16709 8084 27164 10222 26474 2120 24253 34 27612 4488 24885 8886 4175 25584 6725 14290 23619 24246 4209 23904 18205 1421 26079 14858 21569 4758 17903 7897 6131 26867 4898 16826 14771 10659 19295 24456 3573 6157 11481 12197 2484 15862 2039
828 79
1206 14271 4056 7084 7329 26302 4166 17154 6320 8143 1790 14679 18707 27538 3518 17530 23594 18956 19737 6674 25749 1326 3951 17629 8583 25941 4512 11220 14142 19658 6076 20067 8538 4281 2460 19159 16710 26796 9592 6084 17630 10011 27178 26429 9499 626 15553 21633 18072 24910 6987 26251 21724 4154 5083 18910 23885 4608 25947 24457 20584 25057 15267 12208 4541 24391 22919 18728 15190 7518 3175 1017 26348 8475 1734 24546 3956 17047 1807
3181 79
690 9870 14504 2239 11622 694 2353 13124 10013 619 4424 24810 15334 19712 25928 18752 14278 27376 5418 24941 9419 13202 19862 2355 7323 23914 10211 12997 22662 11 873 21782 5488 18415 8234 16271 14064 2953 17742 22016 26835 1299 5787 13539 4421 17647 12732 4171 20170 3989 9085 10683 16862 11731 14587 5435 14884 21751 9009 26027 16249 3170 25116 8894 3226 9980 23344 11739 13842 11515 6909 19343 3042 11535 2015 2571 605 9348 900
2018 69
18857 1658 6762 17081 16023 54 20403 10519 16426 4784 24835 14227 17383 4897 25378 10127 1452 18288 116 13207 18662 22444 10848 3251 8011 8021 19867 7442 6709 3723 616 26692 12404 16631 7656 23684 6953 5077 4743 11029 18801 15778 15174 1445 18858 22479 18179 17505 12775 26263 7783 21520 1120 5378 21476 1216 14724 10997 16540 1488 27282 10715 10999 22711 23089 10282 13593 16315 11244
3847 83
19373 9949 8453 6753 16150 22779 3297 15804 8012 5210 25128 13620 704 702 10475 9434 4322 26015 16124 17815 23463 10688 9561 23282 25148 13713 14717 16320 23999 17419 21726 27717 23758 23127 16464 11240 5682 22157 18841 17182 8761 23252 8827 10866 18927 1686 15510 20635 1380 6598 13524 24713 3839 11068 9501 21847 19242 6956 17131 18693 20777 15353 25707 3345 23924 10864 24884 10132 15247 4009 1103 4584 27709 20327 1172 27393 22337 21873 20883 3106 6488 20836 12241
2788 67
6195 16747 2358 21687 21311 11616 13923 14155 7998 11603 1844 3622 5982 16836 17393 14170 14061 6548 11621 5389 3034 8347 21780 13555 1239 15792 22731 18670 6833 2703 16360 22593 5416 26762 24788 6125 8684 22048 24175 26045 25918 5335 21265 14946 7584 11403 18480 9527 7196 26542 23246 12570 16568 2941 5359 23929 14599 19052 1013 17764 16630 6877 18059 3435 26269 2594 15939
2058 86
10269 25688 25371 8568 18140 23525 22056 12278 5812 20931 687 3141 26695 11260 23445 13631 13302 7733 258 19823 3955 21665 23926 11350 22408 27537 21901 618 16737 19087 17324 9859 16018 21047 602 10610 6868 12315 16873 24714 17116 13859 22268 25931 19612 24033 2203 15118 21910 17929 3068 24233 9866 14355 13385 10052 26113 2985 8636 27358 22548 18285 20162 9931 18326 9895 25669 22991 20518 9689 15341 10964 22403 27551 6423 24171 10670 4410 7784 22093 3348 25946 26939 4344 11378 12467
478 76
4024 17640 9930 2128 14521 6222 10788 3437 22567 6253 24939 9107 25959 10602 22068 7190 20262 5267 1750 14300 5709 10141 14914 26253 389 26812 24916 15971 27822 3654 9711 426 13603 16632 653 21831 12915 15555 3649 11761 6258 18007 15460 13026 22126 6601 16629 17489 15923 15653 7297 16482 5506 17733 1175 23061 22922 9255 5278 16595 6025 13450 17674 21394 4973 21699 9987 13295 15783 14277 25620 14677 14396 2791 2219 20592
1301 88
6680 11296 6174 1925 26722 4636 22293 24445 631 20370 15020 5229 12616 21935 27687 19132 13737 19044 24855 4040 21487 10476 4283 778 18998 20218 18868 4055 404 20039 7500 17201 14690 3237 2327 8405 27445 1802 607 3423 24921 19759 10781 2751 510 3359 24310 27617 27216 7834 25614 16761 3604 2895 19905 24323 17246 345 935 13906 15363 27256 11962 11871 17468 17803 7398 8089 2917 20496 12186 23358 6700 22163 10980 2872 11811 15114 7161 2026 1901 22366 25026 6462 8413 24336 25272 7613
705 85
19524 2433 14954 5394 27351 1266 1158 514 19043 14590 25971 17938 18227 2425 9716 15747 2660 25792 19384 20491 11594 26212 27667 10709 20979 22173 3662 14870 21558 5757 14361 10122 8485 25936 26597 27720 26131 7861 23045 14164 13730 2557 7641 14296 27155 146 12689 9194 23377 13379 16762 22561 9509 13955 8846 6024 5583 24950 7155 2595 25699 10728 19503 5784 24540 19644 9762 17241 14178 20121 21292 23286 26095 23289 16973 17552 17789 14415 1119 2826 26716 9071 19150 8002 24573
1084 68
398 13162 9833 12224 1864 10438 8572 3786 11708 27755 2386 7776 1336 9651 18598 5977 20722 466 8996 18731 19124 7262 1894 1679 17644 14272 9130 589 12728 15556 18663 21168 7274 10444 18780 21919 23368 3760 37 26618 3177 2810 1441 2886 4567 17519 20133 8109 21733 4192 15026 10365 13558 20769 27076 6071 16745 11887 12055 20188 25988 20502 16717 20020 13432 15657 20007 13040
1189 72
7000 18266 18807 12383 7755 7108 6563 933 8974 21316 14326 10672 27455 10605 1177 21516 10812 16357 11516 15048 21531 9750 21005 10224 20898 25576 22521 14903 15062 16448 18797 5929 19001 19409 24350 27302 16863 20426 9029 20515 21861 25583 14445 9673 7394 7233 3383 19544 12473 22503 7690 25742 4763 7566 25139 22890 7659 10458 22868 7308 747 4397 5212 1159 767 25568 21974 11388 13888 16840 13130 7499
2850 82
8511 692 22402 12118 13814 11435 9613 24442 1634 23076 1411 1632 6259 5380 5154 26550 381 18035 24992 6163 24114 24664 13782 3768 14193 8431 20639 10933 10559 13645 15993 12414 19232 4497 2204 17426 10641 7760 17963 2891 21790 73 20205 26420 5345 15060 6976 5073 12283 23111 13838 3499 25882 3600 13439 20696 27409 9239 13819 7704 27207 19557 24640 19591 1219 16778 2109 14693 22754 3070 15132 3083 5801 3985 10020 9875 13999 21198 1611 26363 2918 16890
2885 84
15022 23890 714 8219 12678 1234 7535 18633 1715 276 6606 16547 18105 2218 21654 15262 3039 13376 19920 24874 3615 27512 6275 22602 7918 2796 10448 4665 20679 4140 20986 21322 5183 16219 26931 5051 5748 17156 4821 9627 23157 12731 23740 26250 27190 22646 16056 16791 21216 13175 2628 7846 20123 16535 17661 13818 9470 24306 24527 405 15351 19897 22209 790 16507 6510 23923 14964 11273 25286 23916 23113 24838 16306 21555 7842 27459 4314 50 11073 13779 19556 22188 23838
4163 71
7975 775 11158 10092 16972 20490 1253 16526 17620 11035 2538 9878 12531 13652 4659 7591 7201 1993 20564 5449 15490 26705 24302 26153 19637 5119 25323 2984 4180 861 20439 26394 8570 23816 6749 11495 21415 493 947 5299 13492 26923 23399 14607 21358 17968 20440 13096 10988 27735 11362 17023 6728 5285 10355 15844 12105 27117 21871 27584 18646 24080 10172 12714 15801 669 15318 22044 23373 19978 25324
2980 71
22615 26128 13972 6098 23187 7974 20367 15990 3807 10705 18257 9506 19068 19941 19375 4486 9562 19614 14948 9187 8102 10428 24299 19456 18770 24598 924 11835 1486 554 2995 6314 17403 12059 4538 9117 8100 23481 24834 18265 6845 13247 9950 18119 6141 2977 22773 23310 4163 11721 7548 18047 16788 11609 940 14211 14033 22441 4533 10062 19973 23741 15086 14979 22376 10093 20607 5286 8194 12944 9667
742 77
26758 9147 4324 22992 23391 9353 3340 24 9304 21631 19887 9268 24388 6960 26675 8905 9010 20520 2970 373 11819 26811 6494 16286 26221 14959 2697 3763 22670 4667 21502 2904 25210 20149 6404 6474 23490 21554 17772 27261 27707 12037 11054 27297 5218 20445 9286 24155 4773 622 13339 9155 9220 8585 1322 5623 18517 25266 11042 12661 24549 12937 12546 41 20334 25721 9399 8166 19429 6333 26575 23360 6796 14801 16614 11921 21493
4175 72
10266 8672 8217 24829 8223 17485 3550 19497 23203 25603 25258 24417 8114 24227 7590 2392 21894 3222 12352 19882 22234 4847 11270 13780 8042 15930 781 852 11156 21838 27823 143 11050 27601 10383 9644 21659 1156 21033 3853 25780 5820 1568 17751 5182 23986 3520 1954 26073 7703 8341 22871 3502 13309 21110 15280 6806 17111 27498 18171 14863 287 13979 1261 21889 21967 10477 23410 4138 766 7718 23871
1295 73
25930 13864 17887 6468 21722 8235 8653 21187 6619 8766 23488 10549 19258 24181 6922 22338 7177 12721 12650 10570 23575 22151 21348 25845 9912 6467 18938 12172 16566 21156 12116 21670 24636 16723 13694 24846 25573 8628 12995 24459 9038 8828 831 12517 1011 570 2906 8986 7888 26485 3946 18862 19765 7115 11671 1081 26140 22630 11593 17434 11648 23615 250 16330 16738 14924 12851 20667 2359 9301 17492 6056 9814
322 69
26888 3683 4379 26911 8752 15692 9749 26962 25753 13915 18470 14824 2092 25648 22222 7026 6113 2466 22750 3940 20341 3866 26362 11557 8850 7111 22767 16458 16644 166 4425 2513 9132 25822 21652 13967 4416 3679 7146 6808 4632 3477 4484 22649 22114 14765 7505 17621 7539 6540 23155 13952 22758 17920 23443 26727 19966 4492 24823 10462 22948 17344 18615 15331 21405 22155 13000 4936 11128
819 69
14536 12559 7870 22443 881 25689 12975 17003 491 8457 1337 14154 7509 24071 25796 269 15656 27532 6885 25077 7275 8251 9199 17179 14730 17045 9863 1842 1827 6890 1215 26893 9927 8503 11703 9278 9127 27778 719 583 16203 5962 11410 17525 3607 3094 7487 23872 8455 23403 7592 26639 17483 26278 14626 7808 18386 1785 11249 7809 18700 3859 16981 15221 7840 6359 13358 26631 23030
583 68
26930 14953 5224 22507 12879 18367 7264 27669 19510 9182 5990 3645 21961 5366 6307 19293 25759 25229 19894 27333 15411 4582 21477 19357 10337 6041 11368 5785 21341 27106 23725 27194 8713 18373 17941 22385 25909 10081 7465 26713 25627 19206 15339 8264 8778 24249 11657 21247 18698 3597 6192 2622 13845 9001 12256 18234 15909 15724 16072 18902 16869 12049 18066 16924 10869 14857 15929 19649
672 72
12811 16965 17334 10171 3733 13743 13427 8334 9134 23867 25723 2418 1282 3232 11221 18307 25761 18791 3915 1218 4647 15424 1075 25910 5918 171 24867 15161 3819 14263 8970 26099 27060 21146 25718 23604 19123 1145 461 2042 23182 11826 11681 25663 18204 17617 16084 25719 10378 12751 3822 17658 1340 15176 8210 24795 24987 21986 10554 8681 10330 13970 20234 24556 17459 1044 19549 6949 2439 2728 22120 17656
1289 69
20886 23212 25310 5826 25713 13800 983 12615 10035 23104 21964 23491 7043 25437 3290 2444 25459 8447 19859 4557 24204 1050 802 15631 18037 15768 3906 9650 16983 27568 8238 8188 20224 19279 26780 5220 21485 11862 477 23976 4859 2807 3813 7168 25121 13188 24346 12564 5031 13946 9121 1286 25243 15371 22983 23913 27630 10729 1283 20002 4401 4873 22433 20090 3962 9887 7343 23060 11450
2230 76
22318 27179 281 4911 17376 11256 25862 9719 7295 20407 25102 24271 26229 19629 6375 10704 12449 1530 18485 25590 7658 1931 12583 24115 5086 17242 16117 23662 4828 1772 1613 6883 17297 10618 8066 14705 13991 21591 9398 7248 19616 21494 11267 22104 15919 25430 14292 12321 79 19596 17166 13903 27799 13192 223 23813 1675 301 8946 9092 24697 26670 8168 10190 1593 26686 24624 4693 21205 17399 22491 11482 14671 20 9907 13415
798 68
26724 14135 20026 1672 26087 14460 11743 5675 16736 27841 351 968 16703 24054 9294 9357 17836 20522 20508 22736 20835 22456 2610 20993 1861 7284 14927 18690 7384 16618 24279 19036 3722 3353 7887 7914 13291 3748 2928 24481 25317 6941 999 19443 15578 9037 14050 6514 6306 3402 9916 15991 24494 16889 7291 17229 20791 26317 26130 3852 21162 3153 3815 3949 23402 19316 21612 6895
1380 77
8283 25117 12618 12639 7407 8182 4783 27408 25134 3598 11800 25369 1130 21580 18213 17835 11728 2383 1205 26422 20211 6865 1753 1053 24435 23763 18668 17406 2755 25611 10356 14495 8818 11695 17168 22251 27157 2688 9429 15006 7824 6506 19900 13995 4959 5326 2748 2802 12903 27773 1972 9179 25277 2589 7952 21624 5302 22149 22092 8506 3157 18489 15619 3412 20917 21791 23676 7023 6290 13088 21822 27691 14092 14642 9317 6776 10410
968 78
379 17055 8650 23919 13010 25044 27666 20893 105 7028 7713 17671 27353 23964 12827 12270 3830 25898 7833 17685 25454 26609 19330 22810 17582 14073 17642 25675 5258 13156 5518 22449 5445 11242 5630 24699 1049 27549 22121 3239 3812 19345 23261 5177 13298 17352 12965 19138 8160 561 9093 18757 10735 11656 21449 6421 22087 2196 13289 12373 18976 26813 14869 24298 5755 27092 3867 19408 9226 18068 15874 9709 5768 24288 4772 4882 24108 8047
2701 71
7070 1060 17193 19621 6411 27036 10366 2699 12637 21593 19277 23110 3336 27239 17534 26445 15134 3006 10324 25628 23852 5138 12326 15515 18785 2762 19442 24586 18733 24476 23339 27120 22883 13507 14854 4690 1845 12619 1716 1523 6356 8857 16047 576 12079 17222 14151 2863 16894 3530 24141 18777 523 12144 16254 17449 5123 10653 13945 8812 4593 18318 17811 6666 6736 4695 27005 4748 1557 17315 15612
4085 72
17950 9591 22305 19783 18080 2884 5968 16335 6009 17690 11983 347 3616 17930 23190 1727 22797 10908 21905 7068 10157 10526 21759 25089 18252 11690 20017 16529 7973 19106 18390 7063 12302 17430 18808 9894 21801 7984 5840 17338 2324 5693 22578 21811 25785 24612 21923 7312 706 22008 10855 9646 16401 13809 21560 8145 23775 11746 6707 26402 26839 26002 16946 10583 8318 13024 25889 23566 18579 27536 14180 6118
297 68
14299 3629 9152 25420 16453 13667 9729 20494 14910 17688 12510 21965 8227 9700 6532 10352 4856 21978 9653 20630 22623 19849 9135 9790 21903 3436 3945 2916 20232 27262 10136 25612 25127 800 11277 9068 17374 368 24601 14796 24008 10662 18219 23730 16573 21240 25560 20471 24871 17945 18478 17337 25752 8796 3885 16990 11213 11414 19034 10631 18046 26783 24969 425 17961 11250 26628 11108
3066 71
11704 19312 26895 1257 24964 26161 17849 13868 17214 24119 13250 18878 26471 26051 16849 24651 10112 26449 16155 9528 2780 18313 7922 6549 19747 7642 25508 25577 16015 26204 4656 8339 21973 19819 8788 21411 18961 22824 20833 4565 25929 20399 2792 16962 11467 6204 15046 25287 11360 23202 18816 7227 20432 27139 2105 3676 3734 15926 22214 15434 3942 2644 23541 21509 9338 1323 24023 17734 15593 9574 21868
119 75
7235 2188 6731 23290 14307 13512 21771 5719 15200 19965 3960 6652 15225 23014 3264 15566 7241 8175 2461 15217 26163 5985 17058 20638 12001 2511 18127 16704 16308 21937 1058 22346 7077 3749 14674 27316 10454 11670 10252 13083 1406 18744 12247 16355 4542 9386 16198 1347 6846 24753 18311 26854 6448 15043 22387 14558 12152 24269 2862 15059 1157 19627 11222 1358 5000 15986 26049 8006 18321 21795 23846 19045 19817 25201 27765
3232 74
3010 26671 27414 11968 10720 3803 25452 11608 19968 19716 4836 24581 8261 16592 3924 9804 1795 25781 20332 19605 12452 8978 6521 27701 13445 15967 20642 2841 23653 8421 1966 25786 19122 26975 10860 1950 9242 17385 2982 10118 22637 10645 6211 10189 13101 1848 23623 23934 21784 23307 11667 9462 9888 6995 24712 9765 12087 5818 16024 21885 10998 3905 4646 13405 15398 17412 5481 23292 13488 14604 11518 5891 4782 4934
118 61
19987 10790 27026 11960 22949 27499 16552 1454 3043 14754 2150 9851 18116 20270 652 21407 2174 1248 406 14200 2066 7332 87 25374 26439 170 18667 2668 9923 22405 3642 25343 1080 12412 16528 6522 23199 19249 23298 20792 17076 2821 4122 27713 3150 14420 13544 27172 4778 6924 17173 21000 26167 10738 10802 17170 7537 21279 14515 18948 23150
3082 66
8004 13781 27280 19710 22275 24239 23295 14564 8826 17421 11986 22133 13348 14566 18869 8988 16054 15660 18112 9172 639 23211 13731 10040 25282 12550 2843 11706 8984 12084 716 14749 9275 23270 14099 1039 26359 20333 10880 7123 15011 13852 5487 1663 12628 22607 18097 793 3124 2133 6852 7674 10367 13085 24147 15261 3464 24144 15840 7969 8527 14739 10287 23534 22499 16022
428 67
19587 1315 4891 7251 13136 14659 18336 2522 13475 21510 19072 11937 2432 15005 7467 20297 4300 20347 19083 1433 24009 25922 5158 23337 4880 1207 26890 24491 11928 27509 7571 2876 13421 2342 6014 24172 25538 2616 25140 26414 12126 14476 4094 23419 26383 8037 3931 23206 2859 1883 3724 26036 5858 20980 10891 2158 5832 12211 12390 11967 18413 3809 14976 4426 8126 5648 16587
2384 62
26323 9114 23967 25312 16243 17184 22228 7237 19974 8763 26046 2519 24779 18631 7911 13604 26013 13333 1392 890 1399 15496 26378 15336 16293 3534 471 4943 10487 22370 16749 22502 15249 24162 26816 17543 9715 13392 8764 10870 24915 4668 21602 21448 17098 424 22759 21799 14779 18608 11491 4483 6470 18636 27196 6491 6293 8700 14447 21947 20103 15982
1118 63
25586 16910 26963 26770 23242 15704 26612 10398 25617 21900 4757 2714 7203 24296 20412 17991 20558 6387 15849 15282 25602 4691 8023 20028 5413 26488 23175 4601 16449 9925 26873 26214 22212 10827 25764 21308 15285 13916 26557 13614 10677 11526 20371 488 26244 5875 22242 5908 12768 14725 5033 23103 27623 10755 8020 15798 17152 9754 3108 19718 12943 16815 3952
1773 60
24956 21897 19726 19947 11978 25838 1037 8578 5965 19250 27497 25530 8910 124 634 2171 13565 10739 9849 1643 3716 9778 9706 22024 23669 18810 2779 8330 9560 25674 2643 10712 14105 25045 3838 20912 18703 23118 25685 16332 14338 15096 7434 5002 22965 414 3884 8951 17077 369 23984 10592 24232 17293 3315 25945 25220 2040 10944 6209
527 74
8616 23296 21505 2909 2681 4904 3337 5687 17431 10312 8032 26714 8981 26715 1428 10379 13441 180 20517 24048 894 22017 16187 979 11522 10296 10918 16902 20086 22206 13786 25081 26528 22390 12566 17457 9623 12468 25370 16888 3096 20051 26736 5074 25373 12703 88 22124 10820 16950 20654 21577 1047 16821 10297 19240 5960 17978 20173 11301 24018 16692 3589 10192 8232 24146 225 2225 18425 11953 12329 26182 20965 13560
948 67
15571 14367 22685 12852 97 25986 4916 3078 11382 15699 762 4450 3903 3741 10286 13086 25962 13858 17593 4093 5231 6500 27544 5175 10706 13990 4259 23633 21437 12836 7544 18264 7782 2288 18168 25737 6012 27447 7029 103 21635 8215 9541 14207 22342 19713 3212 26249 23032 12088 4676 20474 3425 23370 15216 9425 26047 14198 20129 15269 17318 16262 2362 2265 1843 10567 9426
3250 68
15365 13373 4003 23835 25114 13070 20631 10227 2720 16341 25280 16599 26390 650 9073 13230 20683 9654 24050 9360 24555 5351 1035 21614 9570 9174 6214 23762 13721 25915 6642 7876 24455 17026 17766 1995 5807 10036 6997 23051 12338 19754 12791 6836 12472 1841 22452 16202 20085 11709 3910 14082 21497 20963 2290 6626 8737 15865 7298 20943 17390 3324 27329 4981 8839 17864 21071 20307
515 56
14236 23148 1588 22407 17581 25175 6444 13319 24447 6869 3388 17717 3810 9542 9614 26852 25458 26180 18203 11062 24152 9495 17542 7050 17093 3857 9599 16100 19222 9913 5009 22531 11836 10214 9732 21711 26308 4297 15098 14071 7171 27715 13873 15875 17382 11985 5355 26482 6036 3611 17524 22940 20164 17909 518 21343
3358 56
20921 25345 18301 5970 19893 1338 19177 6596 23425 15467 8257 15109 24275 8859 12082 22973 12409 3974 7908 9128 22835 557 8555 23963 20700 11870 17914 16991 14108 27166 23715 21176 851 20585 1183 9892 18497 13617 17064 25063 21890 3104 17379 15402 19784 25367 221 7005 15546 27483 23271 1171 20118 3728 12990 5235
2933 58
16316 27040 22448 8056 3197 8676 12823 22295 24395 26626 23638 23524 20094 24492 6416 8526 2013 27404 21664 6059 6633 23433 18331 9098 17411 3667 22741 27074 11562 26219 17401 26369 22828 23173 10948 7016 17474 7754 14984 24268 20609 25037 19896 13455 4679 14573 19370 20504 9176 2061 23626 16222 23756 27802 5383 12287 25106 7491
3236 56
3029 15356 11680 18197 16772 3 8427 700 5590 17367 18644 5909 25448 3818 9812 6284 16696 15806 8239 14429 10540 64 25746 6393 2971 2948 20437 26912 1629 21383 25462 4637 4834 23204 1391 134 22003 21887 7010 27635 22420 12766 4804 7459 25002 6963 7708 22894 23875 22547 3582 19717 9151 26179 18906 22551
1155 60
19170 24272 19770 17266 4713 5084 196 12822 14238 3446 18053 6957 10546 7803 27728 19753 6212 6955 25483 19779 2394 14226 1705 7057 14416 19119 8829 1541 13763 2866 19675 8848 23459 5601 18410 387 25225 6246 2082 22821 9461 22808 11506 8113 6055 17545 1314 4238 3176 7943 17558 21184 9845 15088 19365 27012 13189 24325 11973 17452
3550 60
9077 16542 17039 23880 7684 16617 23325 13600 26054 10714 25850 20694 1628 774 1384 14381 16881 10246 20489 6086 25859 22482 20147 651 18926 7417 15145 11954 7762 14612 2380 15682 25151 26750 2286 1102 24582 20282 27124 9991 16509 24982 18918 16915 24754 27433 21541 23323 20960 21874 25195 21252 19810 18895 6841 24203 3217 4253 3766 4723
2648 70
14451 3023 15004 16996 17669 7358 14044 8105 10145 19019 17305 11046 11436 13921 16247 11558 4539 11416 22180 6853 18289 20454 25747 25817 20107 11730 18684 115 3046 27016 14254 10923 24764 27454 24769 1362 26283 17927 4794 11951 19108 7446 6672 15525 6478 25810 15165 10736 12297 10741 24920 9816 260 13935 9900 16329 401 12246 5140 26210 6537 7139 10149 6384 10125 19171 5589 7269 12964 6339
