45
5139 94
39074 14787 51044 52834 27969 41588 58101 18755 52343 59083 27919 64690 91802 16893 36697 33238 27621 27737 78764 35848 63913 67323 43248 11582 58472 41600 72965 96439 96503 30635 66017 41751 33630 36946 19795 14426 52749 36896 26896 58425 30038 24969 42029 62487 60626 88464 3842 66922 41598 32233 79924 81149 31452 90239 15671 27240 39917 71031 4606 32301 47717 29343 41905 59962 76251 74205 50314 66247 7923 34397 81677 69582 75578 92459 30896 54994 18839 20416 13656 10694 22337 6870 71026 26401 49005 29863 22217 66198 36460 58830 81582 81767 69229 11382
3617 81
14806 98500 64210 64397 5558 33742 95763 97052 43960 90221 30831 23060 14648 91887 83683 76766 9139 24032 99698 71045 52498 86351 32325 53731 12680 40238 14023 66055 3457 92449 82394 83154 82187 26210 29337 30592 46340 26462 55500 46911 27492 40867 96972 16244 45252 85017 57204 66934 66545 63255 57164 56999 72771 13386 22161 414 1826 15602 21330 89099 63935 37735 62505 69580 83430 73954 57708 57344 23467 70086 86801 47102 4082 62664 52436 87867 89961 53479 46327 4453 28603
8227 71
83439 86525 21074 57000 13811 83723 13755 65276 16595 40162 65537 63863 17294 5148 68493 12352 70167 30718 37579 49250 17666 61779 78470 90494 81025 2450 41471 4077 2210 99545 45010 54648 22893 31775 50090 76368 51225 36801 13969 60690 34533 59234 64587 67011 79317 8549 54765 12990 34047 32594 72785 80482 40424 93198 13225 56405 14254 53725 7643 40954 55744 28326 69809 48904 40627 50952 1688 10613 89507 19545 20855
227 69
47486 16157 60471 9131 1456 35124 4439 36150 62796 69556 70469 89567 11458 66171 37767 59814 85423 66027 80763 22240 97829 3533 87008 58575 90788 21086 26045 96937 7142 67310 93323 87690 16333 10890 42008 9569 36302 37799 32974 59772 69470 43171 54344 71534 17100 37128 84049 97873 36633 19936 43800 35907 14343 63206 45262 78059 53318 70503 34667 1427 39874 21757 88344 16280 99852 98525 39065 74417 99916
8204 54
95425 76540 65003 39878 70720 99247 3821 21802 6667 77208 6337 64683 61893 75889 81191 37924 25962 50746 48217 35675 87526 50326 95430 74574 57905 61466 67781 76360 85992 84360 94197 54720 4921 70154 11303 10021 9849 84411 93639 99143 2838 63384 18278 90956 11938 95349 91202 76008 58679 34774 14470 35520 84942 74349
321 56
45187 10316 79965 30584 20421 78219 93111 30471 12114 35382 50065 9967 89075 1877 96570 81460 99985 1232 82873 79194 37897 539 11880 54261 2953 37757 1951 19312 66411 23097 24414 15028 47492 94364 51388 38687 12054 50856 75205 98363 68419 89340 33619 14212 91027 83722 20336 31959 93099 7650 49691 26109 12096 17778 13695 84014
1274 34
55899 26491 72769 1323 47456 81970 49989 98461 8356 99775 94644 6692 7742 72147 24122 11526 12022 51996 60648 17930 97762 85014 6188 28809 13405 48019 58953 36569 18307 32742 94609 15153 89411 95602
9701 40
25139 93280 96223 20920 2623 2254 73197 81498 93905 15039 27504 15803 41319 91030 83432 9388 8502 19384 14710 19050 77058 66731 23257 20670 99098 55337 89291 70712 44613 56558 74756 2809 91195 3836 14645 84358 39290 27660 20181 2220
6846 38
64148 31495 67822 25052 42791 15936 63468 69843 97628 10106 78709 91386 64273 91550 70114 76268 5496 73890 67387 24031 25328 8236 2260 1948 9486 92703 15024 49995 16315 60583 41292 95477 31733 72119 46754 56337 55799 78045
400 27
97375 49707 14727 93940 717 44664 55922 84675 57688 27780 75984 49633 17454 41702 67529 12413 71215 3494 51866 95559 28077 15192 30240 54464 67454 3255 64902
3148 25
64378 97122 45309 50704 78778 84053 25601 53673 96242 40944 44452 93166 59894 52165 15852 1606 35708 72097 96336 90572 88074 33028 85587 81793 78358
791 19
7374 94775 63381 27281 27267 18418 11634 78019 975 69289 71162 72071 84687 85693 91253 56287 25811 89721 22667
7946 20
5871 88824 58245 73437 41663 73666 73444 38430 3941 90511 88380 19052 4155 4713 73632 25389 58584 86029 9811 19082
8460 15
34804 13243 3538 54110 78367 65423 21607 93546 52222 89446 89517 49945 50401 69253 65591
8757 17
47173 9694 11089 67872 53424 19983 17613 32067 65767 646 14064 85055 42002 80040 19333 82871 80346
5957 18
73565 89281 25859 44038 51366 17939 95548 15829 77024 40906 81129 88028 85790 69304 70839 75242 22378 64789
2459 7
79353 79699 67172 5988 36536 19686 61446
1750 10
86082 70991 39269 87142 99348 68571 51028 17608 49586 31500
4132 15
77893 8569 11783 49325 72333 29080 4504 7199 80379 58485 63487 78949 63210 45763 67436
581 10
90760 39351 69702 19682 51925 46389 53128 84459 95054 66805
213 12
16497 21583 68607 34373 14847 50711 67236 78461 56647 774 76643 5386
2901 7
8999 66938 89016 58821 86773 81472 1185
6472 6
97190 10050 96941 69140 76105 10122
3849 2
17363 87209
1160 4
2060 50087 95895 196
5166 5
87870 98981 53574 1670 95611
222 3
41565 74693 47555
7895 7
62098 42122 58041 87911 39926 7338 42719
39 3
92598 46489 32905
5890 2
16034 46537
679 1
93251
6285 3
3905 96387 87562
495 1
80595
394 1
80889
1044 1
13975
6967 2
82403 99695
9556 2
4351 77973
4012 1
45933
8237 1
84046
3060 1
9889
521 2
68791 10618
5446 1
67275
3001 1
25552
1771 1
61636
2771 1
78859
