63
10114 15
29225 22595 14354 48196 2624 40698 23407 3833 19223 31280 32289 7484 5990 21263 11605
3724 14
2448 48613 12680 36064 27514 12120 8735 39761 5715 33842 24709 31344 8248 39797
7921 13
6383 7810 6381 1082 9087 12070 23767 29667 6 23909 6339 38243 39007
1475 11
40933 38128 34366 4444 14560 27166 14846 40520 9908 28447 49550
8571 10
34206 30318 12576 3882 16381 52172 14137 50890 44930 19512
997 14
7069 45827 16434 42135 24683 17584 28214 18312 51268 25387 40371 20559 7826 36560
419 8
19075 4792 50678 39749 24084 35358 10374 7244
3994 9
40527 6924 14878 9257 39403 49950 6021 41472 889
3696 8
16494 36701 10845 15654 47925 37479 7285 29443
423 8
44195 10486 47472 35139 37685 38564 29061 16161
10027 9
20651 14212 22332 6229 40689 40496 7696 10949 3013
814 5
6858 28099 26669 2282 20200
6455 5
9004 52182 13684 47818 13917
1323 6
34628 37023 48774 11032 37427 49626
1011 6
47299 47374 13678 16334 15797 46640
10322 4
11200 25918 21185 10015
670 6
15305 33992 48562 41332 3549 18706
2410 4
27526 32774 5881 3442
728 4
48534 26548 37032 20165
2149 3
18833 26533 3254
1303 4
12456 50812 25152 42980
5255 2
45548 33228
102 3
27146 39589 16081
7039 2
8605 32710
6252 3
27914 15326 42588
2143 2
19871 599
4981 2
19392 43290
12962 2
14988 5947
1320 1
17864
8733 2
19009 40565
756 1
18543
4954 2
50059 24974
283 2
41209 52180
2117 3
27279 18541 20360
6838 2
42741 37550
9643 1
41943
4304 3
27591 34683 17346
1305 2
51125 47551
7287 1
17718
5917 1
12438
1242 1
31650
1528 1
17675
1428 2
24529 16466
10479 2
35471 27590
1464 2
42553 27729
833 1
31614
702 1
10144
5453 1
803
9725 1
30542
3294 1
29005
1612 1
39398
12947 1
20198
488 1
35550
1842 1
3404
5953 1
47958
11119 1
40716
1110 1
49234
1045 1
11908
1003 1
49092
1395 1
29339
6047 1
3199
124 1
19601
1081 1
10635
