349
3688 10
85665 11136 42424 11917 27870 56425 66736 20586 62359 29714
15299 9
51553 65852 25136 70704 84979 27378 95267 77576 36824
4306 10
59294 95203 50815 42998 86030 88708 84866 10206 78791 69383
10235 8
2179 56343 63452 72610 69959 73550 22278 78100
3376 10
42404 41740 68643 1071 82448 1415 79146 16966 30538 57741
2887 9
37635 50042 85566 80871 54366 29471 32648 86666 47404
11614 9
40659 92908 33365 78376 42950 73374 70115 30789 17961
18702 8
80452 90049 77880 69074 63061 95793 56099 6729
14870 9
85144 19460 34404 53068 5798 43062 23152 47975 95177
25458 7
64471 59336 15283 53284 66960 74586 43504
14050 8
81552 34419 58607 87839 83261 81980 43175 17707
22284 9
68379 28716 46223 62627 54958 9708 42739 65795 47915
453 9
15071 60890 88166 37602 34578 46128 6932 42686 57631
6152 9
19443 58862 61793 52584 74372 28226 44646 41524 18638
2038 8
43951 70422 86641 65202 44752 49890 7229 38546
2020 8
58970 54275 88249 29454 49956 32429 7781 48022
22883 5
6109 32662 68558 5584 15145
7024 8
85153 2416 35470 45433 25378 56904 56536 10773
3983 7
70980 29378 83924 37011 49407 19320 20509
11003 6
3844 53345 29185 68240 44433 8513
12778 8
49877 1192 41881 49765 31663 32692 26090 44162
10872 6
47834 41751 57786 57478 86566 81242
25886 7
46889 81031 49579 12165 96260 18026 90419
14488 7
17972 17820 63909 35441 77282 72780 86838
28803 3
76956 71906 79159
24814 4
3610 28344 89758 30043
6006 6
89055 66991 27146 3484 81832 19117
20165 7
43415 12454 32100 76479 32532 89667 73205
4955 7
90295 9672 42531 82655 19194 80534 11233
3021 8
22477 48224 84030 82387 84544 64029 29348 95583
11548 8
91196 94387 41064 42821 87747 19646 28260 91265
9402 3
45335 39273 37277
1774 5
75426 62091 29818 8734 5867
27085 6
33071 53316 69825 1016 41672 6567
29074 5
61256 77411 65613 10901 47247
7584 4
68540 46185 89027 30738
6515 8
96603 32398 92121 51520 54862 39468 18869 48560
9599 4
61661 31792 64650 81160
1621 5
21005 7944 53033 19739 17250
1187 5
5388 60903 43732 29467 32227
15522 6
12327 71620 9746 82426 62905 20031
25542 6
82773 46820 5741 93871 55544 71502
22813 5
84577 56430 53560 5241 48327
16207 4
3011 32577 15962 75001
20920 6
60815 11639 52789 75164 51703 80880
6894 6
92384 35448 10274 3072 2177 39759
3622 4
41002 22672 95358 30820
20450 6
7393 16440 67789 81057 25669 81034
13659 5
11704 51715 18248 53730 15548
26603 6
16875 68103 4673 24390 95887 71154
12998 3
89784 13157 94382
1328 4
12706 62370 47242 24245
2179 5
30533 46578 69597 73313 69096
16111 4
27616 91901 53509 11281
2346 4
80823 89245 50198 40439
3818 5
86974 77960 66451 37189 78551
3689 7
39497 76649 78283 95759 1400 58486 90658
25173 7
24639 77666 25868 38720 33569 13515 63320
25273 3
41305 1639 65909
1515 5
32354 38974 81590 25873 51019
1406 4
83776 23827 77400 32397
25151 4
12736 53780 64683 68769
28816 3
33727 3419 54583
19048 4
79977 76180 42957 72200
13503 2
21491 4567
17141 3
34703 27019 89727
21539 2
56444 86099
3054 4
45630 62252 52954 84924
22700 1
21405
23060 5
45223 51236 72463 69459 48280
5264 3
4760 65651 19942
13966 5
3251 16310 12807 2827 13703
4776 5
65352 85611 24370 93128 15193
28987 2
61241 79572
1396 2
89197 64633
19006 1
8034
13860 4
19582 19023 8637 58710
2897 4
91906 49391 58243 94109
15296 2
58775 39545
28457 4
6586 12059 22490 2963
4232 2
35744 24263
17828 3
21078 93011 83060
11295 4
64534 53990 9713 48081
6128 2
57144 18696
20130 5
828 20844 71838 25262 29105
1980 2
34094 59190
4850 3
45819 94521 39689
4351 3
64393 6974 27983
9890 4
11183 18561 31441 62134
13399 4
57587 3149 5329 57625
2244 4
41528 16141 7759 84850
13412 2
3793 26164
24036 2
84819 55606
4578 3
37299 86466 32319
24821 1
15846
11844 4
40663 59239 61737 16988
6126 3
54599 5035 80798
18757 3
70118 74789 65887
29267 3
93319 75757 53716
14708 2
94908 31546
19963 3
33121 72791 22566
5595 3
59120 65 55254
16686 3
70989 77797 94224
5262 4
16257 7367 22079 65797
1008 4
72486 53469 16668 91069
19032 4
67995 11784 54658 52265
13951 1
24065
14907 1
88715
6473 4
45468 25684 93076 93235
5758 2
44720 263
196 4
65660 11416 78524 71737
23190 1
12587
4432 2
38334 54010
2071 3
89764 20476 7967
28976 1
25910
156 2
85816 47830
4595 3
10414 24323 39602
15239 3
77018 54707 76311
871 2
4353 53804
23506 3
13154 45627 47003
11986 2
42572 56750
26567 3
55933 44414 48904
24462 2
78121 41340
5007 2
68974 94996
15484 4
71190 15752 25571 41983
583 2
21053 32070
6307 1
36640
223 1
18467
5772 5
27639 52043 45443 73578 63147
7990 4
79719 15171 46632 78708
27628 3
93918 13272 60389
24553 2
66186 8169
7548 2
36305 67708
2236 4
52694 43342 40592 90456
990 1
19093
21326 2
54895 81285
9920 2
12467 56097
1978 3
68995 57688 54957
25464 2
92440 57231
12592 2
16104 5962
21069 3
90506 63741 80600
6232 2
35439 37483
5860 1
11117
6911 2
77593 34981
7713 2
90958 95561
17916 2
37289 24090
1917 3
89511 48995 70959
22948 1
90885
21214 2
76275 42028
3237 4
49476 84466 11734 52751
18334 3
29766 31393 43052
1470 1
92847
1840 2
25419 90493
10375 1
49659
6879 3
69301 13255 47101
21761 1
25938
15041 1
4658
23280 1
95285
10993 1
20278
15938 3
76177 16140 10340
4780 2
73474 78841
1693 3
25334 35377 67701
16253 1
86322
13287 1
94957
5324 1
65982
6932 1
36867
6902 2
46928 89053
18286 2
12040 48373
13344 1
54739
3814 1
82966
16909 1
42008
5908 3
6798 81223 84560
17140 2
44749 53850
22207 2
51873 94793
22186 2
58608 63042
4619 2
51344 82396
12727 3
21343 64216 35677
27704 2
94250 86280
13773 1
62604
1120 2
85735 46496
1641 1
89454
1369 2
74905 25187
4473 3
35777 88864 52900
137 1
39132
5266 1
8385
13817 2
4984 17076
29242 2
12531 49591
12680 2
68342 642
25102 1
13105
23441 1
37054
24275 2
40869 44790
14033 2
94060 45744
27248 1
45458
9545 1
27638
6456 2
58286 87951
5338 3
62977 92778 78771
11129 1
87548
26298 1
80220
3736 2
10150 89841
128 2
40640 39172
18968 2
78123 15861
19073 2
76032 22330
13281 1
54261
26320 3
73507 74733 91685
8924 1
73735
3931 2
68649 35797
2420 1
64607
12768 3
60423 96552 53672
694 1
3641
11865 2
49832 33717
3560 2
20633 70175
6182 1
21918
17566 2
82970 58158
5643 2
90387 77825
4371 2
12203 90380
6978 1
11019
3251 3
66057 84437 26077
21697 1
77446
14170 3
45984 30482 87460
6696 2
6777 55891
4017 2
41453 94896
546 3
28231 46136 9060
5666 1
93749
11351 2
4142 57414
25867 2
20703 65094
4597 1
87144
7649 1
48185
6955 2
68466 87149
5883 1
77679
18372 1
83456
23198 1
22146
27603 1
71071
7042 1
84119
4641 1
55543
17782 2
48843 42431
13674 1
19684
17160 1
78754
16817 1
71989
28281 1
21242
8828 1
57511
6554 1
68866
29121 1
16152
11803 2
36175 89518
2863 2
65644 63318
12257 1
62186
2783 2
58429 62163
4824 1
95214
4358 2
78808 59314
8072 2
17338 14974
26830 1
14048
22612 1
37901
22677 1
34546
13762 1
42113
1259 1
23629
194 1
18352
12542 2
8689 16838
5421 1
20006
28740 2
88949 83475
25285 1
5750
3904 1
11944
16304 1
86304
9645 1
10190
16274 1
62000
18011 1
14622
2993 2
9232 85900
1112 2
40844 57828
13668 1
70483
16796 1
18401
2299 1
67426
8654 2
39359 26557
3314 1
71288
20346 1
36884
7066 1
58037
28054 2
93290 61768
860 1
78068
20881 1
2838
1016 2
77378 9942
17954 1
43862
2689 1
83352
3032 1
79080
12053 1
59210
1296 1
65228
5839 1
87357
6560 2
36992 68371
22164 1
52299
2162 1
21970
16011 1
15229
13049 1
4398
27434 1
32642
10167 1
66727
18514 1
83031
25887 1
28388
19235 1
44234
7127 2
51327 3537
2318 1
3480
5895 1
82041
12756 1
28241
1683 1
24904
191 1
13140
4226 1
17256
28464 1
16109
16626 1
23217
1777 1
73155
6299 1
39697
15926 1
48050
23047 1
88784
1413 1
84393
23417 1
88612
9581 1
25624
15247 1
919
23586 1
53315
1739 1
75384
6270 1
23407
13615 1
63883
17083 1
21794
4695 1
42816
5406 1
86396
9874 1
72166
6566 1
92860
545 2
85405 11623
22880 1
68121
5373 1
28604
4218 1
42012
10947 1
18899
23486 1
92428
18282 1
57209
14222 1
18797
1607 2
49002 9341
4146 1
35536
20136 1
18421
16891 1
52531
7088 1
29341
27540 1
56244
10344 1
76142
24394 1
18091
25508 1
16360
1246 2
64923 72379
22584 1
65240
10421 1
88064
18259 1
70193
2641 1
52277
713 1
34680
28574 1
9825
4904 1
29063
2521 1
17803
23039 1
13452
4516 1
42100
27778 1
9681
11241 1
41616
