149
5880 13
61315 90374 67288 28521 88395 72920 26301 6189 68436 39352 19750 38832 88522
18799 12
51289 2394 94168 70467 24891 78318 87693 55505 48539 87004 5110 65648
20507 13
79207 22154 95421 70244 62716 38111 44430 79007 87017 83347 46315 29343 17992
816 13
54969 56939 88561 66282 94345 46999 94633 7607 27184 21280 29930 76676 31957
6292 11
79663 62868 57375 23617 81107 85047 44263 74628 73902 52642 13392
6839 11
94479 45329 77936 10734 95871 17861 88527 34831 2384 41572 30711
7100 12
27967 78152 91743 15127 45853 67221 55534 53591 21498 7090 70991 75784
10830 10
3013 58835 23336 60087 20035 33358 3946 13378 73396 38097
1430 8
41135 74492 49070 6435 41183 123 74639 43920
7085 7
74099 49102 5133 87230 46205 43179 4012
57 9
62849 85318 66633 39953 38363 1784 8418 10051 48770
915 10
31315 28856 30662 11991 3893 31196 38806 42572 20805 68862
13945 10
77347 43937 84651 41080 70523 34641 19443 40617 11007 70130
18708 7
49814 44690 70758 92542 21275 2978 55461
16297 9
63874 94470 50247 1413 69801 2842 90263 69997 5367
3974 7
10629 19450 64356 29980 58223 26889 20857
18412 6
54894 68040 11578 47298 26887 53276
359 9
64620 93772 31502 56929 90173 86775 33733 12738 68568
12301 6
5473 83904 56709 61950 64439 86656
18936 7
22431 47185 75562 14259 80197 73580 71228
1406 7
8236 47494 29224 30018 61520 29481 70378
353 6
91223 39662 3752 82318 72476 84989
2313 6
55917 23258 57684 49522 8915 92023
3166 3
61571 4090 71105
1493 5
56216 80404 70626 55683 69441
19927 8
55095 83363 31608 57964 179 7448 2199 67486
21338 4
87327 51815 22819 4925
19323 5
38246 71166 56993 34550 36302
338 7
9591 91232 77559 26751 26774 55559 57275
4922 7
68347 46371 39035 40693 24185 43192 70473
3539 1
33691
3218 2
42297 45822
1304 5
49878 37015 67824 15017 89635
13238 3
48757 12329 78657
8085 3
15935 14940 30003
20179 5
58427 5673 24687 56908 31354
15975 2
81217 7975
7180 3
29471 14197 31278
1276 5
39710 42194 94310 33429 25373
1703 4
24302 37397 1047 1902
2193 3
45134 11174 26584
12155 6
46003 79180 68784 59867 74104 31169
5193 2
51016 72783
8377 4
34595 60998 13137 39175
11859 4
61158 42333 13530 49652
20415 3
51268 56360 69303
1248 6
11816 90437 44210 1417 94536 45090
15946 1
41166
7683 2
71381 81248
8755 2
58813 43752
936 4
52112 7422 67711 56623
18102 3
8507 13207 55610
12472 3
72859 9279 15862
19227 3
43273 61457 74171
15426 3
9536 63292 54036
10966 1
26945
13287 3
35721 37618 60702
1330 1
75618
7835 3
79198 82310 70463
9705 4
49086 59495 993 11995
14573 2
78278 60348
16332 3
84634 73898 43813
633 3
22077 72696 13370
19182 3
47972 21341 58944
2553 3
45817 51896 86526
514 1
26414
225 5
39267 5112 32064 44878 59827
18267 2
79690 20020
16939 2
16031 15117
1092 3
80605 66077 54029
4919 2
96427 1892
10814 2
29402 40972
19222 2
28599 13813
15979 1
21668
15606 2
33882 588
117 2
11470 83915
10336 2
47915 59010
7238 3
91861 31862 30742
4383 1
10226
6397 3
3530 6456 58056
7430 1
85726
19480 1
94656
1256 3
87120 59653 86394
12793 2
34756 95724
14258 1
40150
11597 1
37418
10967 2
57915 25022
12013 1
77344
15149 3
30136 90989 32975
13135 2
46117 16893
233 1
84497
20797 1
71763
17531 3
31852 53315 34586
14502 1
69157
18482 2
62071 45267
52 1
9371
1222 2
26873 88858
12044 1
88900
1038 2
37518 31104
1141 1
3666
17631 2
66304 83127
8691 2
32734 64780
20404 1
42929
685 2
88173 76517
189 1
36770
20208 2
43169 64999
103 3
44389 78161 63226
12965 1
40225
302 1
43869
18747 1
82150
1428 1
59748
8817 1
34952
1541 1
51485
13801 1
50139
4309 2
23620 13360
18168 2
91146 2819
974 1
34814
6542 2
48296 50900
1192 1
53117
20712 1
16524
19417 2
62053 20443
1474 1
12162
5210 1
81811
662 1
80470
4783 1
95076
11942 2
9464 68988
10116 1
58891
965 1
5439
772 1
49074
21084 1
85671
13701 2
14478 38638
15884 1
22856
155 1
5450
18925 2
35737 14263
3558 1
36053
153 1
20903
6661 1
42055
1110 1
425
14452 1
4758
14515 1
73610
1432 1
32438
11194 1
64282
7105 1
52328
625 1
85338
17002 1
70503
1108 2
81462 40484
20857 1
46387
539 1
43338
1163 1
8734
