7
3318 159
78056 59070 49913 6389 1364 68433 15793 24202 10586 27737 48141 71294 60209 39900 20555 1550 57461 45785 18570 13782 14820 17616 5818 63946 23290 65953 15792 41203 24433 71325 71388 15635 76660 5460 45190 17206 2124 43010 43252 45019 14406 75667 32982 74247 6228 46798 33351 5867 38701 19530 2818 13632 2785 39504 61082 55893 76378 26917 61859 47576 68704 55475 78258 5520 13252 42573 38182 1203 36538 13526 53000 48575 33275 13322 51453 77169 13687 35027 33054 27482 26923 31029 68505 29709 49704 65387 28129 58117 53542 21984 26753 60313 70061 66683 9678 34326 40078 10443 38105 61820 62402 36725 3311 39156 30059 21982 69798 70025 50420 9383 50439 40240 78471 33586 35344 18699 35819 25562 20111 28088 41128 15678 15744 37959 64647 27436 54668 5237 74984 74742 18429 11373 71727 64712 18430 24421 69816 74372 62747 35779 72193 78292 71972 57825 55873 48143 32059 19458 68123 40808 7782 75376 65551 43049 24802 49945 55623 28504 62903
466 61
27678 48209 61714 29662 76339 77183 42841 70125 28472 50117 75829 38841 24444 27714 56723 19155 15646 36353 16006 40087 31431 55760 28253 40933 60352 65245 40990 36388 69561 49311 63372 67048 54908 13694 50290 41656 4097 39106 32922 47438 71419 45680 22678 73709 75767 47031 50020 46669 20368 55173 27829 60709 38382 41608 7842 9275 65935 19359 75474 42067 30309
2442 27
44732 77298 2976 35974 52982 78892 69276 19382 68802 55008 33703 949 66233 26167 63260 13664 17545 69013 24894 59109 20848 26397 75702 53652 15995 72416 70820
1444 10
25461 41367 76599 78919 15808 23028 17390 3128 32462 61931
2117 6
23308 16870 4044 35402 56697 68249
620 1
56114
2076 1
29216
