62
4306 18
9729 22010 37407 37132 3631 38242 18142 38519 53056 50776 1309 15875 33918 19067 49832 53312 6533 51414
3364 17
21436 48519 25124 44741 4050 25250 3462 35935 60752 51568 30317 47269 26674 55873 28283 48741 51463
1050 15
58863 22109 47143 20704 50375 10990 10967 4737 55480 57231 41733 36167 49170 55823 53591
739 9
53708 28415 2957 13142 28692 5813 57272 2739 12119
2150 14
9296 27523 37140 46411 2071 3498 16391 25938 36989 37663 25849 52080 41316 54945
2434 12
49102 53802 5692 51700 42081 29336 17138 38489 55654 56324 19222 57906
1479 13
30386 22117 36625 28375 31039 13965 14339 37269 25067 29284 43242 15510 583
1398 8
42561 59075 21195 29988 41723 44553 3212 6191
2637 11
7431 33958 33976 25531 36541 36779 3178 14243 60102 23463 7917
5943 10
45514 55389 7532 3814 6099 33194 48481 23443 39597 40855
2311 8
37378 49123 26296 10781 41952 30924 22544 30168
1869 9
11071 36345 26082 22336 37284 36399 54750 44459 58491
677 7
33473 3518 49387 11656 21210 1859 55943
1562 5
21850 44225 6883 30159 29013
2782 7
50696 13570 29440 38880 44655 5033 32749
6203 10
55017 13178 13265 42450 2880 57256 35768 52285 6016 12995
1195 6
45090 43015 58486 20844 45575 19464
2543 2
21167 15091
6154 3
30684 13937 45260
4060 3
32478 46954 43803
4243 7
27978 59242 36144 6140 60858 33831 25979
5893 5
202 44206 14297 17300 1080
5810 4
9826 55772 20480 39219
5323 2
3481 61192
1264 4
1318 36177 15593 15755
54 2
25915 12169
5624 2
1379 23581
1722 1
23127
5393 5
41096 2200 43992 52141 52802
3920 4
42867 279 5928 21933
4621 2
22987 4822
849 2
1075 49577
4956 1
16523
3807 2
51924 59658
4458 3
34877 28031 32450
1579 3
60340 32689 20527
4962 1
30128
1858 2
60289 2297
944 1
28605
3892 3
36887 20583 27849
2085 1
12809
4254 3
37409 31515 61106
2875 1
36737
1979 1
45368
1955 1
41954
1661 1
5426
5492 2
42041 46643
5126 1
14955
1657 1
39715
5993 1
59468
3431 1
23544
2196 1
5245
1583 1
22337
1837 1
45578
745 1
44930
3495 1
35669
4034 1
21496
586 1
60596
4302 1
42620
915 1
40271
3563 1
27421
4284 1
2660
