9
6655 105
70741 95665 75103 82016 37066 64266 5086 15869 78291 41969 67729 33627 25158 65703 19683 52790 78363 69577 17912 96988 22408 11697 73962 74122 64250 57760 84948 9433 59448 332 54576 41765 79935 34536 84519 16010 55817 33505 290 70332 18293 79277 86712 25747 18017 45340 68923 96512 69894 74044 79901 86342 36727 27242 31041 39118 6204 82336 36071 28297 73570 14981 61002 28173 59957 56247 93531 51264 33389 17075 78204 21672 53755 46441 75663 190 33442 91364 72627 70156 31736 57692 74671 5727 81159 59923 68066 25581 80777 81252 30294 79962 72105 77979 8064 72952 95051 38442 1283 74788 80547 74487 97846 66047 26318
1331 58
11506 69551 61715 68004 78929 68211 64028 31698 9457 98486 29987 9612 45118 77339 57698 99346 70170 32157 29802 21081 83397 35814 47214 52559 38516 20607 17732 48334 60083 52036 93970 10489 92246 86024 53778 64242 98013 78486 45519 59931 59044 87672 86211 74513 38458 31488 85990 82464 87916 64774 77577 3889 58933 42273 42975 69188 53914 66909
1253 35
97090 80174 83484 62857 64940 22423 85806 48828 3211 27341 29427 747 71553 45898 94752 7216 79147 19820 67495 65541 29824 62072 88391 93822 24582 45446 35529 87221 86890 60789 71844 87508 73676 59728 34503
685 17
10475 65118 80518 25210 84242 85311 56786 89286 48363 36897 11244 83168 93528 52509 67474 36074 38581
710 9
20295 52101 74284 6103 11018 20551 88350 94124 34775
5547 6
80434 74131 63434 13440 14803 77713
1148 3
68343 48485 36270
7173 1
12174
2331 1
10742
