367
281 9
19042 100 16581 27977 38058 43531 57008 67898 74205
487 9
79296 26949 25861 73158 22185 20272 47770 49625 70938
345 9
47353 40934 43757 21583 44047 17939 36468 77273 19770
146 9
74019 37923 37798 5928 20842 66637 69396 8983 40799
72 8
33572 13094 29737 16242 55061 27573 69595 7614
268 8
56192 48865 71746 1506 5505 56942 3219 45055
577 8
36675 79433 10250 19851 57615 18451 71608 7294
137 8
6243 3304 65193 51276 31058 18004 17814 6678
500 8
3908 61352 12012 67084 41912 54233 19197 32319
50 9
67585 76194 9508 31685 6150 57832 61493 24475 30525
437 8
8358 72134 51469 47599 36724 37782 16090 59837
341 9
2080 57442 4680 55018 16011 5579 1907 21567 66879
622 7
30720 65030 69994 52273 61558 17212 68703
348 9
33701 35176 48107 69420 71950 70646 73752 39738 25402
147 8
67904 48567 15949 38742 42423 58456 58390 47807
491 7
51968 44521 6254 24209 46838 66711 16638
96 9
75589 45319 28232 21965 34128 37041 48883 65556 45813
635 9
4289 10407 27052 13421 69903 4051 50323 30743 17469
550 7
20003 46664 64244 34006 11607 51800 35900
8 7
68101 56904 42157 23952 41429 19708 16479
366 8
39268 45096 58192 64115 29844 45785 19193 53471
33 7
31715 65766 7561 3309 16911 64916 10772
12 9
52992 48520 26766 8340 68853 48404 2327 32057 13278
603 7
44771 648 33583 40595 43703 78680 18079
647 7
44448 26859 36780 31214 8886 13815 72537
9 6
78408 42890 28820 46356 36472 56477
152 7
26724 7529 46570 23981 37433 22554 45886
198 8
19776 74626 18568 19659 69134 31374 32214 12062
331 6
28672 44551 9642 23822 26929 72603
363 8
9663 43595 79313 65490 52503 66968 79388 32287
233 7
6504 74347 30000 61457 34836 69591 78776
604 9
28260 32548 40805 13510 71273 62901 26360 65849 72635
524 8
15714 13894 17712 17714 74804 7286 76790 45626
187 8
58754 70756 3820 51697 6739 75444 13716 19326
175 7
59394 58885 34568 12242 17782 17211 40316
454 6
16865 24402 5429 65914 58140 6302
135 6
40129 55144 13224 42601 65038 18453
263 8
39011 54054 38314 35948 65485 66355 26934 13240
392 6
47746 51012 40471 22381 21399 21886
352 6
29413 18886 78863 36920 4474 75100
41 4
22985 66011 39085 2127
87 7
71306 68331 12586 47567 42261 4665 39579
150 6
56256 74145 63048 23375 8441 10525
440 7
54468 60810 64330 63537 59924 31835 2333
264 7
27840 4974 79377 75441 14009 76028 3293
424 7
77443 31812 29508 61126 18830 11987 79736
630 5
57248 7458 66659 48809 38795
668 7
36834 78316 74639 59223 49691 20541 19710
573 9
76677 61418 64043 44972 40816 61456 1203 55321 38268
514 7
56384 37409 32449 78019 39319 51608 5208
463 7
23788 51022 3568 3124 43319 12312 41726
547 6
48451 18188 12689 28883 57461 47032
554 5
74721 67492 44453 69611 20301
258 4
65926 58143 53638 22415
200 6
42849 62916 55821 15951 43828 54068
307 6
59201 68513 17832 76585 976 11071
55 6
58088 67529 60201 2540 13533 73983
389 8
50336 78532 35178 3307 42286 47958 41660 47774
99 3
18960 4699 42894
641 5
57281 65318 4392 54931 18324
714 4
1026 58571 53651 78684
677 6
50885 11310 8341 24471 41882 24380
18 6
45699 79398 35527 23195 7580 37597
706 7
62627 25514 5650 376 6042 57243 25341
322 5
19566 27570 58451 10296 75356
626 6
31780 27175 33102 50707 32316 7069
482 5
60609 71731 23508 59159 8377
410 6
66240 42622 61936 29148 74910 56735
90 4
992 16373 14670 38399
249 8
24678 71177 34091 1036 51824 69009 33808 56951
549 7
15715 59622 359 58762 20722 67476 79039
433 4
72448 67876 35974 5671
14 7
47907 72039 68457 37260 48015 55122 60285
543 5
6090 4304 44914 26195 76535
275 4
70577 29012 50182 48423
616 5
27333 12073 69003 25331 891
64 1
23496
518 3
40864 73472 28101
51 4
32976 15141 32718 17686
236 5
18000 37905 16115 6773 18969
353 5
67881 65781 72118 76951 11770
608 6
71173 24459 7115 22160 56848 74227
399 3
47272 27516 47076
517 3
43296 11344 64551
538 4
54488 8401 43235 6899
168 4
5026 34866 13620 62551
358 5
37216 69667 20554 56025 53853
39 5
45605 73933 42100 27421 46750
726 4
68176 69249 17830 30071
667 4
56209 25745 64955 12798
715 6
6477 38388 49594 24636 4317 3807
161 6
55850 64174 59921 57877 48922 5598
238 6
12931 8005 43528 23983 63861 51611
590 3
10426 46028 34671
309 7
79073 34597 32134 1766 43337 54326 62559
97 3
15713 30754 11684
218 5
28610 46114 58537 48109 32562
598 5
71050 27952 45972 31099 7743
316 3
25057 51555 4561
445 2
72568 19667
107 5
1284 55110 62008 33243 31999
536 2
9915 43087
47 4
8434 31034 37014 36895
729 2
31578 55621
375 2
33643 33109
127 6
79362 2670 21619 4345 24666 73532
513 6
59266 25923 26819 32939 37840 24408
749 6
24640 4993 18678 24216 74811 39517
351 4
55264 54487 36886 64343
207 5
12353 78813 7604 37687 46589
349 4
2580 72741 65437 10439
409 3
15090 853 62213
481 2
16729 8459
103 4
43425 26018 2867 16455
170 5
3396 74888 57646 71919 78672
70 4
9944 4361 13211 60620
126 3
36648 26781 22456
691 4
5963 9892 18094 51964
680 2
55258 25375
559 4
32065 76473 30005 15095
203 3
46026 45316 59493
382 5
70528 35781 74442 51375 4821
346 7
65602 48100 69418 36011 45687 70360 25951
472 2
21480 46846
497 3
27233 12713 2972
499 5
3693 7662 41872 6298 45371
797 3
1066 54355 74743
260 2
38396 59468
722 4
77544 56852 75021 17494
335 4
14808 32554 45013 45999
755 4
48736 78363 49764 12639
657 5
37192 44717 57200 27258 74943
576 2
49 659
48 3
30155 79508 41102
587 4
50130 9210 46300 10559
288 3
57419 53429 51343
810 2
26778 75294
785 3
66041 72735 17319
619 3
259 70043 22054
648 4
23882 67154 48463 13991
121 1
9960
356 1
34370
336 6
18371 40397 51345 57331 51420 72414
692 2
3715 32661
36 3
67578 44995 43783
770 4
7521 7956 35277 41327
523 2
47425 32063
25 2
30234 55411
591 3
20025 35299 19815
828 1
1625
669 4
39624 16492 38666 39748
201 1
39815
701 3
459 7332 18375
57 1
63705
814 4
54504 44863 27726 30151
719 3
51218 17323 33829
133 2
58726 65999
546 4
47777 6146 60045 25282
815 2
12426 53733
53 2
44792 73962
337 5
19969 30914 50051 68227 45975
823 5
17512 63319 58895 43379 49431
690 4
61608 5681 65731 9990
5 4
10453 57443 31565 71325
116 4
4865 7251 52885 36135
63 2
30107 75710
449 1
17527
256 2
25370 28446
509 1
50342
397 2
13553 32965
553 4
36864 57228 17621 20135
704 3
44824 35105 60875
796 3
78843 3483 63942
277 1
75772
153 4
44344 22065 42123 52045
441 3
74 5507 11171
384 1
42330
688 4
56945 14831 70638 54535
533 4
8114 51062 42405 31150
254 1
18150
629 2
22070 2318
643 3
59536 78910 51335
426 1
23468
226 2
21680 50111
142 3
42081 29549 48863
580 3
26728 61563 49316
344 3
40232 48500 13661
758 2
22436 6031
541 1
63803
239 2
2586 11838
806 3
6312 19000 74077
109 2
32299 74668
155 1
31296
251 1
71129
7 1
41338
578 1
77700
581 2
20028 40942
525 4
48825 70731 75085 45197
471 2
29667 7446
790 1
75057
27 2
31488 13509
430 3
43441 48259 34691
877 3
63365 7966 57895
359 1
70741
208 1
45471
293 2
23849 50649
0 1
49943
512 3
44648 60523 77011
120 2
19440 17490
772 2
2987 46853
350 3
66076 64684 31253
475 2
50320 54533
169 1
68017
651 2
13320 51857
768 1
11723
13 2
79642 23391
292 1
18313
882 1
42133
132 1
44923
231 1
40113
276 1
16182
575 2
62744 26588
859 1
12245
340 1
56615
181 2
25642 32828
413 2
56589 50487
68 2
15475 46717
431 6
33127 36623 54193 32662 16986 55037
537 1
58389
863 2
54584 52425
102 1
33481
848 5
35141 35502 54770 34738 30621
319 2
63753 57098
606 2
21083 51767
844 1
2394
6 4
19531 33699 76269 64909
502 1
57029
360 2
16771 77364
199 2
61692 5317
355 2
48278 61959
574 1
45244
663 3
26027 22308 70982
291 1
14373
644 1
68240
732 2
8628 63719
933 2
58810 14270
105 1
67385
754 1
32432
448 1
17936
775 3
46914 39707 74491
108 3
55959 21566 58311
824 3
35409 1866 47053
842 1
58848
34 2
38992 12240
931 1
73221
211 1
6149
402 2
22417 72637
3 1
39379
583 1
27055
753 3
40218 227 57796
329 1
51546
800 2
41204 21518
586 2
44730 78612
56 1
4793
925 1
65913
160 2
63882 43678
689 1
63169
462 1
51797
428 1
40294
444 1
26229
637 1
66933
357 2
26288 44116
769 1
47696
724 1
58089
767 1
15280
380 1
10729
737 2
31888 70145
297 1
72005
856 1
38794
379 1
28724
951 1
15881
708 1
30772
190 2
70962 16334
488 1
74698
976 2
74232 1225
766 1
32303
926 1
5340
101 1
36497
535 2
948 32172
118 1
36000
962 2
50474 8925
490 1
61505
421 1
58486
408 1
63877
672 1
60548
905 2
1801 48093
792 1
30109
474 1
12681
420 3
11562 50756 77877
632 1
8748
854 2
38299 12252
220 1
54572
172 1
25486
721 1
18264
712 2
76888 44565
857 1
41006
320 1
70784
314 1
2422
978 1
2962
851 1
74958
328 2
48290 530
763 1
27632
965 1
17173
867 1
67575
885 2
53508 10061
280 1
74021
646 1
12474
442 1
9497
564 1
75751
244 1
19887
605 1
60159
750 1
34343
981 1
27062
310 1
35326
42 1
37589
683 2
8137 20730
650 1
64703
484 1
7224
294 1
64774
74 1
40329
367 2
46200 6126
589 1
6292
852 1
12361
879 2
52350 31199
1029 1
35398
1018 1
77823
1000 3
70312 37834 58157
880 1
61638
834 1
67196
62 1
53317
1041 1
19343
323 1
7914
760 1
7302
416 1
70591
439 1
70576
1162 1
12741
44 1
40906
1068 1
7975
958 1
5891
1100 2
54921 52326
1132 1
51462
569 2
22298 33364
1229 1
69016
1087 1
12826
778 1
43053
1092 1
5810
1225 1
15488
1236 1
34622
219 1
25685
927 1
3850
1218 1
23723
1017 1
53888
1188 1
43022
1328 1
30389
1057 1
66656
1019 1
51096
227 1
76886
