104
571 14
79097 6646 69636 78904 42413 26796 87483 62556 4491 83706 59281 65970 21067 93962
424 14
53132 20075 8920 48908 49875 11636 36350 92998 31946 70577 26686 59246 51586 40930
145 13
79201 5247 89175 62626 42666 95311 27286 74799 54390 13929 29054 14848 12511
202 13
82641 71083 75114 42622 78250 22222 30963 17731 61092 52221 16261 2661 16629
666 13
24450 77873 36016 27932 86360 9160 23083 15952 71879 85211 89012 67204 69707
10080 12
12145 12169 27210 25415 52533 25829 61847 78209 80850 43890 35209 7962
1517 13
2717 9837 85347 95108 76884 6466 44894 64032 2327 93442 38712 27489 22866
9767 10
48127 104 15131 11803 93655 49961 4949 75234 77456 44798
13491 10
7189 93895 17151 30658 33137 58961 96639 84446 4195 45295
2350 10
79004 85440 75918 73572 93722 34577 41968 92080 83975 22991
612 9
49147 96663 56056 25681 34748 37576 28167 59972 66166
3736 10
84436 59022 9884 75209 93897 64067 31079 60744 94475 12920
7540 10
62748 8752 45650 61741 45011 27414 35353 59342 31305 67074
4486 9
89303 13360 7225 69100 42107 45032 3235 57310 77649
12670 9
57548 70398 87442 61628 57069 82674 4553 93392 22562
10782 9
66515 53194 90958 73116 51434 87662 63429 43803 19558
645 8
16173 48937 65136 32647 33770 13048 95063 39531
5665 8
36341 80073 44191 75410 67138 33401 11446 86603
6738 12
94995 56509 68703 94405 48941 43010 53685 1496 90131 20759 63131 5543
992 9
23925 2219 82713 37730 62559 24492 24302 12924 1410
10239 7
59860 35474 62646 42268 27731 87345 16951
11370 11
40152 71572 96668 25877 65928 13124 60993 49719 3563 28719 24199
10290 7
47188 8929 13577 62688 51988 22905 64667
5108 6
30649 22028 16801 20168 65797 95291
701 7
80406 76956 69728 28158 40609 8773 50389
866 10
27785 72696 76208 32543 6375 85090 87998 70803 95038 44480
11577 8
77308 7197 53626 2386 58174 64270 46632 67480
5536 6
78036 61441 78480 85054 96144 9284
6873 5
47024 68782 12464 71591 78156
1007 4
31338 81819 7131 37728
398 8
73391 88193 10321 21855 6263 24751 79199 34359
13116 5
34969 12215 89450 9673 91965
2058 5
27621 6213 42313 74006 12561
1829 6
76888 23388 746 82360 64724 16868
3914 6
37869 59024 74423 46374 82244 40591
1065 7
64668 7560 62793 82449 71773 82159 10649
176 7
53073 23373 31786 79893 26531 71486 47962
2076 5
80957 128 60858 57419 52035
4049 6
87006 21730 69857 35181 8578 31151
21 6
47256 10020 20782 90900 30333 65886
907 6
28329 74981 29634 89255 39650 87319
233 9
70307 8566 6346 17581 29662 86053 87925 41207 41807
12396 5
19370 38427 27606 6916 36630
12405 7
91933 50062 81265 78846 24371 42374 37540
272 5
10608 52857 70899 45379 32009
1884 6
25901 50183 34652 86828 69732 74072
29 3
42672 94471 30619
468 7
94836 70048 78710 722 74431 78689 68500
10505 6
52080 89488 88379 30478 32764 33343
683 3
92475 37600 88109
8090 3
76105 70826 57980
9388 4
36588 40119 72957 55324
664 2
52428 76075
10620 4
24054 70607 93166 65143
2675 2
11351 18394
12795 4
44289 73153 96856 17959
8905 3
72237 35008 13605
1203 3
14782 51934 32251
752 3
61087 48407 36327
7400 1
23711
7122 2
45104 21949
6421 2
45598 72086
6811 2
48255 57529
751 3
88375 35887 54674
9060 4
89465 58478 37492 39359
642 3
37429 46908 12797
4036 4
11051 53523 18777 81938
6219 3
57733 87775 41307
1305 4
76703 71365 18492 12188
559 3
86599 24336 25787
2646 2
95828 63087
367 3
73023 42426 75438
908 3
10239 96736 47411
4830 1
53583
1543 4
31087 93785 47120 56358
672 1
45312
10186 2
17746 51149
12875 3
52092 19118 7194
1208 1
19451
216 1
21307
8611 1
4676
12663 2
96513 93127
542 2
19289 66232
10713 4
60573 6602 50829 33073
569 4
60660 5745 23896 38650
8475 4
76101 63875 30160 41189
13078 1
36287
924 2
28600 64251
6716 3
73845 18041 63239
4278 7
7542 38779 4442 66205 93059 71561 66902
11978 3
5309 58538 81852
1328 2
11074 75781
13163 1
23901
680 2
72730 73646
565 3
27170 15533 32116
8099 2
86616 75672
265 1
7171
383 2
37664 62132
10925 1
93781
6991 3
81291 11560 26687
1384 2
32233 69772
3976 2
94135 30875
214 3
35484 59636 11004
8912 2
79209 33993
