27
279 133
50464 90323 69848 59520 27022 72154 58726 7484 74653 19834 95402 27525 98933 24282 95909 65191 55626 51050 50564 22391 5780 87861 31876 52681 86463 3462 6799 28253 67679 96564 50071 60454 25000 97851 66391 17253 50413 15058 416 56151 10212 87132 92836 62940 68946 77692 73625 98549 32568 25835 22815 94509 87656 59661 44069 4079 89506 74468 40175 51117 52068 95283 37946 66794 99420 92260 29316 69508 90065 74728 89687 46494 77127 4220 40638 69387 14458 82072 35263 30345 54187 50720 3057 61799 61565 55181 68529 21780 18440 110 1152 67443 28769 99650 46091 70364 26126 6409 82831 63442 2022 92348 30650 42011 82186 92851 5939 42873 44687 14800 83456 58886 3692 43466 84012 65784 94 22743 64311 66336 69976 72135 93677 68983 54639 18849 79440 60552 18507 5838 34575 46865 30080
1190 106
77796 43006 93983 27883 66957 39156 15973 62810 57359 53137 21425 24352 79920 34502 87095 53583 96294 96991 11905 75673 39038 7579 51286 7497 55304 60112 30666 75037 88434 33030 93023 79844 26843 48700 70146 47906 31753 67832 42822 29956 87891 54843 83740 1194 47323 2393 94302 12510 69257 1877 15600 6905 98698 19573 38189 46478 58520 20632 55952 64229 43611 87866 75985 9309 41877 96609 3878 94884 23928 87102 1320 56031 28024 90512 81323 73770 6377 11135 78257 66338 29745 11376 38130 79820 4256 92471 98858 17053 84107 48221 53656 31203 86128 34681 59667 45321 6707 57529 42483 11740 54608 70455 62432 48641 82715 21472
19 87
99432 18831 39224 48230 9251 96730 25599 50087 3076 42289 95934 57328 10691 32044 92691 35027 90243 10464 67423 57814 45754 51100 43932 55501 53779 81475 45035 80254 71721 98735 38576 56399 69497 69041 19154 83842 48325 2510 11226 47756 71209 39393 8012 19552 54992 86471 15461 81096 11250 71001 33031 66328 54146 74888 75328 53190 74307 67871 17101 51084 48241 34256 113 3973 68096 99695 61834 41574 60219 87282 30806 17687 92936 7549 9628 27778 8167 4038 10497 60027 1544 36425 71245 22905 1876 27531 76517
925 63
16228 94861 73970 54278 56945 367 71658 22277 42696 81993 549 16746 94745 37908 25543 71294 89608 87713 65046 43755 294 8918 67391 16845 29551 10952 70740 4263 78900 98701 97202 73432 51954 30953 40537 61598 91761 36134 6613 86416 93353 73355 39380 68198 53775 33478 9332 16677 25136 17361 3216 56429 12831 56533 23653 50854 32249 59529 13349 19049 37639 17697 60983
698 58
97809 19231 78278 15653 48465 15071 50546 85093 14791 25704 45215 23407 83999 53389 67692 50848 90310 72810 25707 66305 89131 79670 91448 35008 66942 15091 63890 78154 21927 9133 28697 64391 8566 97917 12936 2996 35684 1579 29600 56732 13285 75015 35619 16438 44384 20018 8429 15883 76333 53973 41008 15821 28964 35354 56116 55081 8449 58102
592 43
6558 5980 70033 71185 50088 52404 37016 31057 10942 34788 21714 45585 47021 70307 64708 36978 10339 19296 54000 54127 11962 54864 42728 80696 50691 57404 70692 29685 97832 32104 45726 14735 66485 8134 95512 37044 44635 6690 71050 87562 5800 8409 76468
219 33
12232 39308 42884 91323 82526 37493 84663 38851 21353 86778 39718 30119 33736 71153 68471 77390 83950 33908 73196 80701 43914 69639 36070 29375 21193 13369 97109 48527 20680 42059 94510 39305 52326
1030 24
88424 99788 39310 47852 15165 37125 58914 81709 9946 99433 11035 18656 20104 13356 47399 62115 62202 66105 70766 40319 40809 19682 6260 24164
70 22
5551 9420 64589 58292 16897 38511 66117 16917 87145 18991 560 24904 7573 5442 14964 43701 910 91948 71838 38768 91722 32418
511 17
87402 92987 96429 57274 82686 97258 19121 26399 51919 47235 5582 60743 34886 23662 33833 78425 24385
1302 16
66946 20737 45262 29862 31168 56766 68828 6454 74481 18340 26819 65847 79826 6008 47562 242
1255 13
5968 42412 46431 88764 53330 89719 30265 34414 20978 94377 74768 72849 83068
963 14
21574 81779 97776 30556 47552 49845 3784 2150 3984 75687 77185 22439 51263 89161
821 10
62408 18977 53697 10668 1054 58145 7013 82175 10396 6148
385 6
58541 42595 86166 78407 25759 68723
1328 4
58331 21678 62999 42814
598 6
78697 16217 93678 63057 43934 83910
503 6
31365 73337 5753 70609 11448 87232
628 4
53 71779 94095 36551
1344 1
496
986 3
24956 75034 92683
1069 1
42146
391 3
88340 50709 27203
200 1
39091
437 1
40397
157 1
73488
294 1
87806
