11
909 328
29971 70557 64501 1290 98360 35024 19504 73680 49684 18342 44528 58399 64752 77670 3871 56008 95752 57727 97973 69037 35285 59306 11755 8188 20128 74404 15943 50327 29884 86890 92060 49449 29168 86671 38751 13834 3783 51967 28575 31746 46077 28037 57476 52898 36460 68456 96387 81948 61787 68906 13344 19826 70057 52254 46700 23580 18603 11096 97180 15338 48021 99352 67362 95022 61691 62476 2372 92943 98585 39106 76091 89280 69825 69319 62675 92963 2069 53314 713 38723 71060 8976 1842 98462 5297 22740 21621 18067 42847 88210 91331 79132 15708 1503 8072 42273 47746 39841 34041 71921 29294 73656 13400 7960 49159 33876 41775 52202 13627 67129 92357 28505 47317 64611 57503 13910 76516 13305 19539 2878 29636 6912 73677 57338 11273 83399 42754 66199 16491 25874 54726 61977 29606 75491 39965 58552 7694 39126 64783 64079 85163 88358 41756 41773 83342 32236 18635 28191 59282 25574 68846 82564 98284 89470 53145 20568 9294 16546 10737 38878 72895 65735 1896 85127 34212 25010 94643 76139 6012 60808 94626 3573 68199 35628 79804 68357 63707 71703 27904 34187 76639 84979 87979 80278 46813 42871 87067 85080 89413 71353 92576 13193 76390 9151 21888 78617 1876 19835 46265 18091 83407 75277 19122 32452 16605 76802 31121 71155 87092 21938 82437 67490 97405 60803 11802 23087 40543 50556 97121 75871 31124 22220 86638 81040 2909 5221 45840 97229 35767 41035 50245 81112 34354 43344 75188 52856 89039 26868 8752 20980 50167 29046 3684 20272 62568 5464 8116 64555 56828 52816 63180 36560 6800 83513 17434 7316 25810 82434 52787 55173 67627 48286 15174 10866 19183 75564 35704 83004 22063 13904 10284 65598 40757 83749 77486 484 27430 64361 96342 48493 89678 74536 98107 79908 71053 76981 92559 18791 70023 57322 94291 23915 52688 37063 86534 25928 12820 56236 59775 87862 64635 37284 89540 43391 85920 40786 71446 98261 91789 28330 22520 87719 80961 43382 92973 74714 49232 18541 18093 41101 33838 92238 90210 86485 27220 13112 52167 59351
2210 182
46774 66512 56240 74680 99338 43099 30351 11107 82830 5551 81855 91421 72771 76338 16659 76667 96252 17803 8154 98786 3618 21197 1233 18622 64231 35224 22402 48838 40664 2315 94143 58268 12120 11254 27710 79077 2886 75225 88248 75779 20347 32903 39069 47846 91989 46170 46866 17248 99390 80947 12354 40909 3282 82498 21642 38162 21734 72572 79250 8729 33432 71409 94456 41461 4258 29975 9458 11870 5326 30770 37381 39191 2484 83439 49139 78631 92115 60152 4960 596 94429 75590 15269 66377 51626 55910 84682 34173 2109 39811 3392 80795 24112 62292 93587 83926 20673 32167 93257 67092 77803 68713 52895 94377 34125 22513 83963 143 57575 90629 86197 40009 42155 49558 80041 64100 77643 16365 26627 50793 61531 68958 73753 96526 65724 7173 24945 27194 19491 37157 66016 28656 80303 41994 59293 50607 12978 95006 60458 11427 80135 84121 79701 99346 20801 67593 52801 94985 5931 23973 22759 86751 13924 97094 79495 99745 44452 57605 61552 2449 87872 33113 31666 45977 3493 90206 76862 60641 30116 37561 37798 26300 70284 92113 95711 77200 55126 68672 46389 9722 73758 34404
2734 91
81615 75950 7956 6985 68729 70149 11322 83953 33813 75358 3429 74916 31685 12968 51075 8973 33468 82042 57219 29638 76385 79661 47740 85371 57323 5520 76852 83748 61888 3885 27895 63994 31319 66980 81025 86723 63408 6950 39634 87343 42308 61414 8445 36801 6259 82264 69297 47560 80660 35992 44993 4391 43990 20560 71485 17167 70546 64181 32218 25794 88332 18730 15580 78221 76043 55394 684 79169 3437 22947 7923 55192 9468 81241 30419 40212 46384 39078 13391 84734 66484 77646 29574 32335 74194 59710 35185 64362 95898 43169 87751
1462 58
97382 41356 15240 97945 62322 22349 30437 41387 55644 35042 14735 66675 44577 96122 54468 1700 98485 15585 87694 99650 52522 20135 98784 27240 28828 65242 68190 18762 69547 14116 64981 5122 96453 5981 77144 31495 76720 69924 7184 63381 21109 74380 37666 7241 93337 16749 37964 69943 71189 24830 51067 58097 33135 69503 67333 60805 97992 1648
1060 42
41844 20255 55433 26730 71030 37722 50433 2547 73776 6885 32527 33015 75906 99883 92017 64129 52818 16930 50410 10020 56962 40829 4220 8122 50885 49900 130 71351 14940 72151 48565 26792 1989 73698 39111 48685 14588 8475 4176 54411 53045 96194
1317 9
47166 27145 83669 64367 15892 80989 73888 67662 45553
1195 10
8883 23302 89288 25324 8027 34077 61817 63102 90024 5424
503 4
35471 17640 483 39255
2362 2
1794 94618
89 1
23510
417 2
67231 35210
