28
432 101
13426 79296 87376 34135 83285 67963 48022 12040 24451 77991 46971 31972 53388 87547 18581 11559 96672 40629 52737 76409 26264 26543 88058 90355 41303 69290 54975 70233 38734 86992 72553 77381 58556 41347 94145 7947 38574 93259 69400 37845 50770 24934 50860 59373 91562 60648 50131 94995 17563 29424 22646 30614 76716 28285 95089 39483 17731 41511 87220 61978 61546 44254 69560 75845 36410 11874 87544 19011 50341 20416 56472 25082 24687 22967 43801 4097 94598 87822 40247 58451 51878 17931 57886 66839 19355 4271 51024 10178 36817 82551 5848 41192 52333 24506 68927 47218 31741 33843 10660 57252 90334
1378 82
66914 24076 88657 20696 55540 21880 25153 19293 21250 87618 81603 83565 849 21801 50511 41956 53625 32982 56262 35286 72998 41883 99023 42349 64945 28638 56980 80330 12180 7222 75484 25008 91418 83309 72611 87379 92101 70306 97396 2602 60126 63896 88917 4371 32248 19536 45441 8522 34976 23565 58986 65609 1690 52514 24201 17326 76065 77071 2227 88856 86844 33493 50053 51358 45813 1590 72219 84720 24137 60813 32388 96534 44697 93012 41411 71118 33312 16679 88375 67250 63628 67282
8189 66
34398 46951 43634 12627 76610 67742 55972 66405 54062 24821 93128 63450 75879 54978 33551 76043 94082 81793 76636 93538 16632 72601 96878 70792 39399 81420 55481 68320 70789 15643 95954 42345 78494 1517 95035 76767 72534 72685 92918 64580 26260 13021 50114 50859 44243 65855 83241 43474 44019 46934 8946 95342 32633 40270 37727 81825 57646 26629 43456 99779 67012 65159 41831 99171 982 38747
7978 47
24671 9834 47237 31418 97785 51108 34370 83392 20889 12922 48537 62462 71014 82259 97905 59688 42243 80691 23204 42189 34563 53149 44404 88597 7864 37852 96964 28876 79158 12798 17938 30619 60847 83570 73159 17044 69137 76568 41959 56706 39250 85825 27796 98999 9831 41684 81499
8281 44
57731 72604 28666 87278 98400 5650 576 44877 31064 42630 5091 9399 59462 63853 8362 52165 12318 87235 16182 5375 55122 92259 86884 64195 63583 11088 76118 30493 5348 27174 81602 81905 20641 31096 69115 24811 54956 51605 92419 48456 39911 73403 54398 61902
1742 39
3585 28584 54216 76175 79955 43194 23003 39097 43958 79457 55588 42858 34895 65291 1648 21172 85276 28038 74480 73511 87651 56197 71504 51040 45242 80070 88870 42004 81489 11811 61506 43569 83142 19278 60778 55172 70946 66219 93541
18 29
48288 78616 40037 8277 61558 72752 90629 3500 3061 53829 48044 24248 69632 23670 24116 74043 93871 2491 34691 53604 68763 61184 33499 30012 39286 4860 60269 6340 2712
3051 23
98306 7648 58621 6672 84255 27817 90000 65374 84790 76779 55896 39509 71709 831 53250 56784 3741 91492 93486 8967 73861 41037 63683
1142 18
31244 83404 79819 52557 26096 75716 34349 95671 79094 65526 47837 88282 88488 68912 68997 19571 48983 99847
487 19
50892 79227 5401 66031 55760 69951 49352 51405 67260 90134 32234 87093 4067 13419 67444 79038 32933 71561 3057
3768 14
54752 32361 45655 20098 64490 6584 14494 92908 91095 24541 15738 73781 82698 45190
6845 11
26636 92989 87915 46195 20385 45333 47731 90765 15331 67746 20070
7687 7
76297 73527 85716 3977 73032 49215 36533
2228 5
5412 16976 31194 68733 89164
418 5
34662 40250 29457 48483 32177
5801 5
98871 4207 89943 35154 43392
1556 6
1083 10343 44845 99165 423 93759
2811 3
1339 82407 17878
5512 2
90683 15892
5659 1
12422
9012 1
45796
1771 1
68246
4165 1
58408
2037 1
66444
5936 1
77571
8944 1
28743
6956 1
79428
5384 1
88158
