6
2869 124
28375 28654 50920 10142 17924 29464 19997 4358 50131 34176 5538 26928 36067 7163 53555 25008 53833 26742 35740 29156 24956 17213 44791 39528 15675 1022 50627 15375 14649 21854 6661 42023 6044 45505 33271 20815 47481 37755 36345 38210 40815 24086 21577 53636 35426 54150 35076 34994 28121 28481 13018 29816 21566 33949 3138 33292 40230 34566 32559 43785 5999 1985 24343 53792 4355 8447 22304 41425 46565 8169 30225 15958 24011 54642 41619 28888 1627 55176 42325 35035 16874 4395 31576 54448 27648 12651 35813 13029 53237 54115 45163 23531 27949 7733 33383 29307 53328 43018 42300 16136 53285 123 14232 3226 36577 22757 45700 2416 46813 21798 52229 12492 44717 25808 37608 54342 21190 17254 20607 30891 8763 51259 5699 13161
1956 29
13650 33607 20827 8883 10620 41453 39464 52075 48491 52546 27982 26747 8156 26333 52339 10144 36946 6095 20232 15110 2795 48304 21422 32846 16585 40848 24300 24356 14694
2544 9
18174 12784 52437 30224 46274 12802 2111 41319 6872
6754 8
47287 51316 39527 23073 20254 48294 32331 5294
3488 1
9814
4326 1
28581
