10
1410 197
73451 8625 43994 7751 42372 19796 37423 25921 98387 37935 12480 5638 9190 7453 76537 31417 56035 46828 41679 63364 94296 60457 9744 68975 55823 39721 94971 99991 24482 25769 75184 36038 56994 28037 2571 98384 89742 56068 52998 72 45909 59421 32931 98631 96095 87088 34970 47974 80929 88595 26281 79333 67153 88654 29017 18509 51242 13960 94523 78462 27297 57524 69873 53736 61403 52268 33997 24181 87972 53548 72807 51386 57416 67714 32822 66211 90865 83827 16696 31677 61453 8086 75672 54650 68959 14906 99210 22818 48644 22210 34407 50204 61783 20840 9755 46242 22673 72650 11842 44272 20885 6665 75633 76309 28523 61914 64441 87703 68968 78251 79382 87119 52319 61320 45959 53606 27073 88778 58171 79308 17526 43232 67512 25146 45712 58808 38893 91748 90068 72024 19335 12482 19454 95530 80680 15418 43618 24549 70304 34359 66767 12674 85479 29894 81879 39762 27610 9552 76660 57896 95148 34770 63222 23936 54445 21186 79427 22649 80604 23171 4914 82894 32540 66290 36725 31823 98160 72868 87501 40425 18940 14224 57746 30902 4313 18796 47119 32201 45779 20019 90243 29156 81869 93285 81915 33451 68623 25116 42663 74428 81087 88347 5408 38205 3394 97673 28087
3262 116
53220 43948 34934 82933 27900 76341 18074 55937 60991 98493 76385 59003 39347 46674 97830 47099 71663 35137 25699 63851 11475 47317 51620 33584 85599 39237 11040 29895 62744 67586 31288 53906 16154 86315 75104 12312 97062 67915 797 95139 83007 38563 77641 59490 27462 7715 77561 4041 45668 4593 17326 62156 77526 46628 69056 34530 67847 96017 67449 63962 66274 29334 84018 95283 96883 14834 19604 13999 26524 94857 96082 56579 19376 84226 23790 97652 70572 51063 18873 29717 68821 58146 56379 18496 43335 90989 21753 57782 16654 60759 48398 33282 10131 53766 56902 49223 40712 32406 34011 66941 9403 82168 23835 53960 87477 88483 10468 40011 26577 56874 69392 99740 77214 22462 91086 81389
1785 67
19344 28431 54671 36751 77725 56193 86238 6712 13757 1717 25283 42261 39187 41153 61201 14865 70044 59495 2224 93190 49882 57808 74574 22543 6266 5616 97616 22628 60654 48595 4864 97418 63369 39072 32069 19971 88550 3874 57035 29651 77743 31879 56771 76337 46497 68932 50565 14534 58833 88012 76008 40917 11887 35314 11893 50085 20808 86340 2597 60442 43500 14231 53285 74479 99726 65574 8933
2178 38
52965 56054 19775 68281 48075 76284 3097 6534 10024 39348 3015 40120 28789 80317 25906 68645 66990 72659 78619 80444 79128 40446 53165 32831 59465 29294 76366 23990 95275 46553 19244 27155 48755 75656 18886 89716 79524 65127
3119 26
47694 90456 79692 98936 3835 77053 26402 29561 98276 63958 57623 74639 993 14465 52434 26989 27083 91284 45518 66832 14078 7204 20333 54416 74742 98831
2628 14
77289 437 70622 28511 39579 60382 19856 97024 65220 56181 4355 34282 43745 52052
4692 9
8461 17232 11198 71967 61648 19221 89695 81905 34416
3385 7
27707 10336 56587 535 69207 28971 59745
2944 2
76032 16990
1900 1
22271
