22
344 156
57116 97487 22112 86621 29426 38227 39445 45052 53407 85348 28718 23293 5317 37109 92318 70053 6283 2898 65803 73272 21650 49203 82754 44100 17674 28273 59490 11934 58645 84969 85603 31570 25884 40016 12527 77978 4859 74818 45553 8345 80041 95880 17594 18984 70846 77014 74173 77733 41479 4104 99627 55678 70658 11009 57452 62613 95725 72704 78109 70239 24990 69192 53965 33010 37159 29749 18647 54418 64670 73066 38857 65870 36815 12563 71956 18003 63436 79855 22003 24653 39116 39269 9773 91712 70561 1231 51482 472 31419 52003 64657 31177 56063 64528 50406 39396 74588 12804 84976 7199 64645 52484 47684 19017 41854 68572 30408 21888 26095 27594 1162 71853 88489 20659 42628 76579 48322 21769 15257 53193 23085 97321 81125 45420 74311 23192 26253 77544 53219 95919 29407 62242 29582 33761 21778 8587 61635 6884 82739 13382 46444 31885 51577 20131 78512 4806 36636 37345 2738 27682 45123 3293 57604 52713 65546 74933
423 152
39814 65207 9261 56178 61568 54638 79614 51793 22620 99044 11232 75220 44992 52289 1784 6968 64396 27167 8853 27824 65813 28281 23158 69759 69980 15143 71301 15645 66919 20765 91359 23115 18559 86167 10102 37608 72639 72688 32173 75600 84449 38491 71669 40107 35495 29472 9671 71537 28341 69312 94525 3623 2672 13182 23255 69595 33611 88370 70310 76568 61454 44537 36488 88895 55143 96491 18744 15076 99376 16119 16743 85024 98782 19568 61561 52694 89918 69528 76109 20357 63886 85792 54064 91288 27635 9618 73439 27973 3545 11745 74186 5618 23153 13365 21857 1535 11544 24062 97998 2629 630 90818 35637 27559 19643 28489 58122 60197 13374 69523 31343 83202 14281 66047 29608 89139 4043 28363 44816 63908 73971 47516 51711 9 92350 9794 32353 50891 98401 39013 20718 9406 60926 56629 46499 38640 78416 68414 21569 72814 94259 51348 80027 6716 99741 28517 12266 59424 26793 29501 45249 41466
413 148
89841 81623 10125 72614 19172 12756 89714 26798 53787 73117 43244 41056 17336 1977 93221 39003 97684 93 30437 14790 75423 91764 7846 76207 9396 77438 49185 43397 78867 71935 18871 17722 8239 98357 12001 68799 78771 59513 22815 65919 48782 41135 46622 79708 44129 6099 646 41743 90860 58475 89064 7298 2609 23185 13935 36840 30100 98767 70989 51002 97423 57906 69132 2509 61059 90156 98427 78819 24107 83883 45310 35280 11016 76788 14671 37213 38945 60284 46462 23738 87499 8295 99774 50654 27902 26931 48796 10529 82365 45911 48305 86870 41317 96248 66855 34978 69762 17206 28064 37474 6584 16928 28379 48993 24979 72489 72595 22024 85828 98655 37216 25381 66652 78048 28898 41204 50560 54988 74038 83435 87681 14211 49134 8840 43478 41463 67050 49161 41361 81624 26887 28084 55038 69445 16345 73963 47345 49304 43209 70147 60080 13748 38328 30869 77549 59550 27927 89674
148 144
29443 76193 96676 25382 9697 53266 8796 47097 48642 49454 26756 84994 53971 79199 37411 70768 19690 2821 78936 95108 60101 32729 89628 52965 29356 18098 70010 76822 17868 11839 8652 14277 45491 43291 84158 96024 10931 81095 24336 24978 3646 24361 94054 25840 37214 43373 86929 12084 15188 62376 55572 20425 34153 69056 10764 54295 27583 65655 2651 56125 63837 32523 78539 11510 59788 32988 40698 37997 68350 80609 85436 79362 56243 81699 75353 48241 12119 48013 5953 43491 63331 35047 44526 63606 12210 74696 55893 12967 13070 43315 28053 70186 17496 16522 59291 40975 98314 70924 18306 49584 68543 199 19677 42293 93663 4760 86737 94951 38153 36680 20440 18416 33888 16260 92433 17232 63964 73903 19396 33058 67144 41756 96697 25689 27356 87929 74304 87199 13305 77814 47137 11412 46544 61441 24228 32493 73493 49322 17188 18160 95830 16658 94082 77208
288 140
51032 51146 18013 96008 79033 51501 16223 23444 95757 30800 33951 51749 38580 22919 38728 61920 4129 88506 59874 92814 36140 91527 22745 89058 86070 96822 3374 82920 10808 12568 7063 12766 96089 18868 58637 30930 14595 24536 65300 19228 52431 25437 28168 18700 20499 81969 18106 48929 51709 32499 26010 65441 46502 5329 66508 25575 8033 4162 9174 77981 24745 24816 62765 7381 16761 97435 146 17098 48547 67572 32642 90148 75341 80768 35585 18191 92988 48248 69293 88251 65733 52750 17473 10367 13167 33233 26747 78682 17243 80905 7581 38308 86074 74659 12246 12150 73152 61411 48746 22338 52043 84972 53834 43669 12213 5203 86223 34746 30896 98634 21965 87506 77325 29094 54938 21730 22200 43642 37073 22740 73535 32832 76995 26414 14134 23899 97633 84482 24630 88633 56702 94749 6755 99476 26267 51861 55353 45228 69954 10958
768 136
81301 7255 73561 24764 64765 21243 45309 34380 85610 84897 33682 52167 22819 23054 92703 93226 11537 73165 530 24425 73087 62500 60452 61048 80248 16349 54615 20366 74939 95120 66253 29976 14724 61324 383 94995 64659 32468 853 46402 15190 80949 58048 70897 98611 45439 16409 77490 16217 18848 24238 68272 86212 26440 80191 36092 91 52547 22351 75610 67114 45465 53083 56400 38641 1293 36045 97614 57288 36556 21521 87668 92565 68062 62214 92994 60763 39521 82981 43577 31908 93593 6233 27023 30269 55105 35164 34583 83401 81904 81046 79683 57696 96975 22336 45504 60949 66648 7922 34290 36372 32803 67000 11864 28280 58688 63525 18066 25504 95655 91886 79770 82940 47817 11051 95022 90196 3384 53065 48544 54742 76963 46889 61810 6209 33875 35316 7559 7693 78902 38670 22344 39800 81894 23596 3681
95 132
83002 96641 90415 37277 15716 41531 8505 22878 26147 33298 1988 92552 7769 42474 94084 75738 8181 85309 12693 32966 41450 81298 58390 70807 46001 671 50796 74277 90665 67284 62950 96271 57375 33465 35838 56552 80156 33340 3303 81489 3917 89659 96372 35266 76112 49731 54578 18895 47177 45661 2071 64147 57810 71487 42532 19511 22385 64277 95021 84386 33289 29527 69282 216 73886 84174 72676 85004 32860 79458 14677 27514 79845 76894 59204 57207 61374 86213 31452 25007 55149 66148 69591 41396 34819 3347 73086 22875 68755 21796 10543 97916 9365 94524 26417 97141 87357 62579 772 82791 93061 88487 47529 94744 57617 46079 96971 7661 44074 96074 32081 78688 41896 50527 69876 37188 51310 40008 11078 24940 7094 33215 57107 34826 23073 18078 23686 31815 25672 1419 85690 72359
152 121
52234 56114 44928 22666 77639 74375 38310 82077 3832 59057 23638 31384 13177 70377 17201 49545 66759 49043 40434 63500 52250 34567 82359 86468 57910 31826 12502 72731 82729 68575 98576 43419 40918 37701 84725 2746 74394 77507 47723 45931 61830 50643 43765 80660 38442 14463 10619 83028 95858 80189 29715 95010 82782 74099 45541 69427 79852 78879 49097 87417 70770 58650 28331 71397 35960 99609 36589 41287 48179 24340 22310 38040 24265 28586 37294 82371 9624 50329 64722 49927 45427 55575 60822 17059 18655 25136 14604 35787 93542 50619 69640 39498 12320 11310 62008 8798 95345 35462 5263 24251 70854 98012 37603 58595 56052 60661 98068 16165 97597 99645 2385 7011 17791 44934 99227 57254 21474 9196 86509 72176 40954
793 73
63056 61762 27890 25506 84443 84770 38844 69184 94976 49630 47351 14776 26418 61871 55808 12067 83048 99242 20146 1364 44156 46196 60977 4223 90264 65969 15419 90093 19056 70941 13899 52620 49027 87122 27623 3158 56154 48837 73174 85424 6262 96376 9753 79331 57840 36521 62011 97800 93970 95464 74752 50821 51772 94486 32260 19607 31408 80130 23181 30863 25248 44833 38143 17705 191 50755 36038 41805 19281 86995 43734 63334 40441
62 47
40393 72779 16787 40365 69022 70308 94948 21571 95913 51256 31258 50985 63382 50524 32203 50823 27879 61126 61149 32727 45284 18862 9833 20152 13595 74517 61959 32270 67113 43997 96472 89445 94141 87341 24422 62298 96681 71620 36608 80546 51244 4021 34760 27091 68307 51801 74342
16 34
74756 16096 16396 53691 36160 11074 92787 55956 72852 92812 82230 91836 30072 1127 52875 35456 60639 30300 59943 76498 99419 38610 19681 27430 97039 19862 63639 47157 92760 52186 44378 56680 26101 18554
319 27
21833 48455 8972 2252 35561 2307 17850 94277 90348 65521 32763 93079 83110 58829 12733 93058 35655 42231 62065 60399 76538 83979 73642 65069 36525 94661 59120
387 21
73262 18839 60252 78599 88255 64492 90105 52891 26470 74759 77562 9649 12861 60094 89016 43033 3893 10779 21032 28357 34002
296 10
58584 51538 63219 819 89137 44306 54672 13962 96680 56392
268 17
20687 63441 17856 79863 58895 58893 43217 81756 18919 14254 47641 84285 90886 25426 28146 35444 19128
362 4
1285 71996 6593 47507
516 6
50497 7393 99884 72352 23297 60867
701 3
72802 67305 4820
125 5
46921 93588 5763 71898 78376
643 3
74929 33059 16385
646 1
36249
509 1
42369
