41
5925 125
18710 62809 77914 97544 50316 28158 25428 66659 43230 84471 93520 76403 7305 25703 43582 56627 83423 9285 45561 39166 35349 74176 50447 41746 2043 8182 92620 58857 32578 39194 13058 62958 61820 47410 92825 85047 61410 97850 93463 26462 39276 64892 29142 74232 38696 96004 1715 15255 46834 23602 71146 4827 11018 48609 91594 7476 23467 3395 21076 30792 83019 84462 79723 70226 12114 92314 54869 58765 72091 87198 14514 87745 79335 15511 79557 21293 30761 18883 51944 85887 57606 86104 64985 12061 76620 21648 57619 30919 11712 72203 43752 71707 77095 54285 62727 26953 53138 78565 86887 32772 31258 92259 69716 43353 11785 25039 72915 60911 34450 70318 82560 83735 79968 9231 49874 50671 27408 95718 13661 14569 50629 86684 28246 93026 51941
7094 124
35898 72752 83459 52013 20572 4121 38176 93319 10362 96952 12595 1003 82720 99939 13175 25965 34628 55199 28820 39354 54531 74214 68425 84947 98581 35772 82614 4756 8969 22515 41057 64571 48017 60830 34726 29454 74050 45559 57344 60852 25065 30137 61169 67221 82551 76277 81931 26201 45367 79661 34309 94994 47001 88026 1581 41388 6040 60032 3868 70981 59060 16008 44623 8508 3608 82057 65442 94239 11129 93080 94626 70263 5112 75900 67834 2894 57942 53225 91280 61431 18118 35487 23350 10904 25815 6696 57946 73665 19937 63168 32507 77655 85397 78524 17510 45131 89462 73040 72758 68950 18945 80124 74808 76357 32555 41978 63763 44618 24201 79283 9970 86861 31991 43220 56132 48026 75035 99161 40082 9358 99516 51286 35559 14734
977 125
95135 10315 1871 68542 10009 55197 76305 34329 65357 27548 29342 10805 98833 19925 73762 4932 26087 19913 82742 69896 1557 56163 29337 33561 32156 28134 26602 45038 76060 4145 82596 79042 96473 35825 25302 46243 38260 55771 27453 59435 33587 95486 43889 69978 69920 13073 56393 45822 12974 75039 10088 45537 14632 91363 84166 96250 28845 34207 65474 53933 65828 73203 22487 37422 30325 26871 79580 35631 15391 46650 17023 14189 62528 35759 39139 5061 75927 21453 2879 45548 73369 55045 99157 94620 80533 64514 84692 88122 35249 61927 6617 685 75953 11101 67492 89132 98980 40449 89322 2970 86199 94951 12694 46841 23166 58763 29947 34275 38579 89411 42452 96590 72247 23764 93873 67334 92856 63840 37106 58632 66763 72448 96069 77757 13249
5660 124
72926 51631 13388 94825 40261 45713 14623 23573 6357 85332 12365 25638 44490 31130 49657 92747 92210 63923 62562 31226 73930 96357 29633 10830 54846 31720 48879 14052 84513 23498 37362 30332 93386 74105 89077 8799 84560 72104 38227 82534 24111 81679 71539 34269 35764 45394 538 93650 69019 26570 73458 91912 12705 98763 8039 94430 56262 55944 92775 40269 61012 68703 47089 37824 65852 56293 43081 78568 75776 47135 99227 7160 99719 54293 65926 48058 68539 5824 99439 47472 67561 56292 74121 43157 97133 54805 29572 30567 20595 45261 74864 68087 83511 29165 76499 28619 74284 84096 98206 22518 9694 93870 31062 54237 57643 12259 58555 92525 66795 82665 75573 31090 98878 60535 71547 64427 4979 15523 67277 22687 49393 68632 59004 1273
4613 125
89938 72588 22435 46263 44386 97201 14765 10048 6884 64465 21919 40582 69660 39744 73136 90562 81677 70754 58539 32708 64128 25503 86139 70061 62140 68299 61469 73881 32200 48481 8291 74965 5005 39385 5932 73621 54209 97778 43606 99237 64004 32466 53684 92930 49392 21393 39589 46791 1653 85791 51221 85603 52585 43166 83451 57026 1979 69168 62975 8553 73818 13500 2727 93171 3257 87270 88383 75639 11580 2067 50375 39506 12963 78936 15691 78696 36869 30994 3854 28896 73306 30613 45960 47647 26777 15697 25588 53967 91419 36353 66807 83177 79803 1977 41839 18294 74602 66538 42051 2457 53151 42130 93385 85582 40174 19042 85591 19968 32142 6316 39575 55419 37592 18826 65452 13297 23722 69932 71516 99684 26658 59562 14649 77644 52718
2608 125
10222 67998 73158 41058 68319 64934 5545 41011 48257 3846 79347 26178 43179 67288 12874 38223 38729 33941 46160 93962 35610 44987 87264 76101 99586 43247 33169 64311 98809 83970 5812 64301 76901 61313 4992 87978 81110 28177 12212 26552 23117 33261 51584 9728 71285 55188 1983 16714 80033 75476 5233 34787 19567 38104 46397 87025 74272 69232 22609 86077 13181 20459 34709 82844 83362 96756 99806 67239 35942 7234 37443 11167 81006 37590 80136 24529 59696 2923 65854 59866 67003 55969 46793 65460 97647 49562 31346 70348 71469 18642 55991 19993 38795 9890 68415 28349 72764 44448 44464 79875 90815 91117 38357 93084 61545 16240 75873 72100 84409 38868 94073 8884 40886 20778 94857 44496 27083 48275 22118 54813 17064 24213 9660 82966 44336
4981 123
78235 46657 44148 91623 67981 91738 75134 67903 5470 9157 37479 32992 62840 84366 48344 82240 95408 54304 32387 68926 27007 10662 58907 39625 32096 44076 4935 67748 31478 80519 27023 79949 2118 52839 19808 85967 54718 66976 70383 70982 61780 83437 25937 98517 61805 74987 39917 46550 24214 14378 2263 10787 35924 60150 78819 50662 4736 2730 48347 15793 16878 97949 42681 7816 30071 45660 31631 26231 38360 86173 29060 53301 86829 52516 75074 29545 97209 78538 35247 6472 74010 94081 78406 24151 91191 62077 41016 39857 4226 97512 60053 93648 12797 72753 44500 77861 99483 66515 40658 4593 14927 1504 85304 80654 82302 86580 43112 91184 84847 2237 30002 41368 40947 9227 91575 79070 16895 26229 33922 37982 96932 3838 92546
64 124
74384 6321 75888 79619 67299 56023 58832 95997 82194 42618 16584 30968 25431 75163 98610 5789 7352 77817 6448 85502 93823 76013 33068 37026 76767 49572 93854 23803 84030 82766 13909 92170 8678 56237 69227 69094 86128 11300 98523 23530 52356 67781 73377 17190 28294 92523 97197 14519 85845 77304 63912 77910 46969 84790 79694 67091 59974 71523 73354 4895 12927 48783 45928 41672 57108 49938 24603 87921 14292 33849 45358 24440 23345 80122 37321 50121 95196 14736 914 72155 41549 82077 96871 90682 19727 17648 88032 75562 11411 33280 49075 43771 76061 74218 60920 35656 67270 13185 76103 99190 30806 98781 57714 82444 20207 30075 25950 54700 8856 48752 25987 81457 99716 70474 32017 23384 82467 11903 19561 45646 35774 83568 6914 843
1523 124
16212 45441 77935 21026 58929 36824 95716 98496 51346 25596 32425 13177 6190 43833 63552 81937 16412 5711 22542 25667 78566 27726 29319 73164 63326 20848 41402 80608 11488 42162 25395 95176 27224 78506 12743 11034 59370 37474 31460 71916 94604 59888 70656 6989 58557 70498 99529 2199 27058 28733 49123 22614 62947 96496 68850 51047 45329 81721 9578 33032 79827 63863 92652 63914 61019 96992 10632 89036 50797 9152 13963 42655 365 96009 62817 31527 6245 9082 75943 87322 92974 73497 97882 58636 38511 27431 90866 42016 60643 37885 15237 41001 73651 3688 10236 92654 33433 98659 54123 32673 58368 76950 91780 10339 56150 46225 48639 93432 10842 92723 52816 30246 19379 78007 1197 96455 68555 18423 84990 81644 75200 89694 47403 35731
3362 123
34824 43065 45913 9697 34343 58741 33830 50272 53251 31145 82712 94930 72607 59668 25469 95802 50873 49772 49846 73424 9552 98067 87773 47429 6913 14186 936 90386 88782 45446 18775 29236 18781 99636 20355 17655 32594 52400 7944 11210 47914 2219 47408 42787 50701 86914 77815 82307 57285 66744 70870 84736 71644 40422 36756 49477 89656 57032 54451 1488 15593 70095 2766 72134 28998 53970 54417 65057 14020 59149 53928 62268 30018 12110 67522 24781 90556 63175 74103 29417 91236 21933 33745 49723 92886 49041 31994 25848 77301 71913 3548 53962 13315 89518 59592 14363 73703 22930 31217 71351 11161 58310 39781 53930 46417 54662 40359 41137 855 39648 20037 63563 79316 41633 85020 32080 78666 37793 29036 54296 92859 14547 72922
7184 122
16181 11804 78935 90978 42009 48983 29183 55066 96342 90674 30468 34056 3904 82000 28416 35991 78739 38723 88255 43208 21568 65661 23504 38001 78011 99294 84282 42707 41128 13824 92734 48788 45794 87733 58657 64011 23093 44587 23494 98778 30857 9945 48970 54143 26498 20501 31887 78192 25168 96532 3697 24269 15306 91347 76830 76122 50983 27451 29981 32076 49073 53397 38150 73948 57246 52658 64979 86974 11627 4603 73961 96106 31459 49196 63473 73561 4529 10500 43518 18665 59080 85102 60184 98479 59511 80383 84102 18476 72874 43368 32489 71437 24115 80794 7845 82703 28748 35686 7354 11425 16343 62945 56957 25751 13816 76822 68472 77269 7339 31868 84288 29749 52867 77629 86997 69617 84631 49969 79565 44563 49501 50097
7026 124
38640 59260 16487 91023 38656 28195 29208 78876 92667 22678 68328 75233 79839 15751 14543 96771 432 48021 47569 81129 49094 31365 77842 75770 64250 87917 67348 71123 90967 84275 34062 74057 91076 19743 17615 47144 45698 71112 19290 75281 27228 88446 22667 51444 86017 54104 75787 23123 92046 54014 84533 74390 32180 30720 17180 20896 79784 96693 34747 50911 12727 88006 18223 40642 47957 20798 2550 4178 59550 95620 20686 90729 97886 22142 94419 82747 17432 49994 85145 27888 21143 23705 40930 89960 79337 48622 24349 22897 60098 92984 15699 63674 46973 22927 67601 72988 47421 59289 92904 29043 62927 52723 57273 29805 2150 14341 32920 60669 3801 6473 37947 1399 98630 47687 7871 89317 59841 18372 24284 35858 35389 44632 39005 35115
7034 123
52613 8487 32948 36080 13549 7208 92583 59392 53420 32892 73313 9247 45745 49039 82899 57327 23096 99353 74359 27390 87376 35911 86846 17660 48010 95862 45701 92618 25601 64748 15090 14098 67594 72353 68673 27935 76630 22336 40287 69465 65872 68187 36560 75662 57915 50348 68912 79207 47133 21419 40689 27836 72014 10602 79234 7793 26669 10360 22683 16921 39303 45289 85302 56219 22592 31772 99356 98470 56954 26098 77386 82858 15348 17490 37370 65021 67125 98910 22141 86918 83467 31842 155 56129 35007 41196 55009 83068 11713 14418 48076 70862 69899 56688 46095 14420 50351 68035 94811 56069 90886 92118 24120 45903 31214 16802 9651 42451 6078 72971 49283 54409 38638 529 90146 67247 33013 98251 9623 91359 79390 10999 37136
1906 123
83768 43584 5317 61878 45920 15164 36302 37205 61714 34997 19181 10139 30131 85975 39553 72999 36659 79360 78514 49430 63143 24385 8362 92616 85082 77248 93522 25989 89226 16129 86081 345 55219 93755 97339 12527 83610 90954 58647 95662 14299 63097 47288 56273 84345 99886 29725 34807 9450 89134 53369 77760 98024 61167 89395 43462 97438 63252 99580 52715 14065 31680 56145 35202 5578 66015 49662 12729 92791 61581 58779 43793 82029 16433 18741 30353 27104 63110 27817 52363 31010 19322 97400 49064 20104 59130 91377 43959 89554 12452 10673 47332 32409 78299 91605 88193 69039 91341 12586 62957 23057 20953 40166 78193 31328 51538 92558 97873 56082 75925 74569 79554 3292 98609 2745 33982 50079 38171 70401 60761 68274 49453 9518
3443 125
54666 89454 81782 84985 92931 41504 55104 95150 71742 51710 61095 67870 5593 21726 19121 51707 4743 28045 91947 16119 55888 32567 70877 92895 71477 56609 11152 98941 80541 22809 49519 52774 14000 32981 90206 18067 45096 91974 24015 36710 69260 86796 10891 47126 5719 27516 29658 91851 79633 40209 45292 13887 92278 99885 96471 12628 97959 40621 40757 13196 34930 14562 37856 46910 43663 41882 93469 22033 3632 3752 75992 48980 70764 71471 49720 62723 12640 89710 99517 72777 3094 58437 36219 11879 80088 15700 32097 24869 93801 70537 70523 90657 17552 89770 33319 96539 20445 37658 90372 6441 32228 56347 1831 8764 66150 76838 11589 85252 76285 32869 27528 78471 54606 28785 9297 64368 22925 65001 53042 65042 88905 2573 78394 59471 84174
7709 121
44522 85143 34928 5682 73554 35150 34832 8309 69308 11663 1849 43424 37052 248 69303 51107 69607 80863 20029 78142 37484 41006 85177 96986 33770 66954 46280 77751 86488 52193 96493 81746 64638 57963 85762 14198 66204 21346 37394 92128 9255 18265 60782 70614 71016 74230 61526 12420 35777 80973 46736 32029 64070 82609 69886 22294 93993 82197 46523 51671 52469 80693 63580 75479 7820 40096 74139 85111 63389 62505 51100 11299 4327 48018 20436 49368 94500 52514 28561 14782 23259 53012 77423 80983 4020 82483 52690 91742 36393 48211 3933 70630 92378 46873 39579 34297 2088 72821 79747 84687 83156 15871 15145 95579 41677 77768 45757 71922 57745 68434 53709 35279 163 69923 93256 65609 86291 70281 49726 88614 23608
2136 123
12986 9224 86404 11718 85939 51802 7897 58152 99735 6071 968 57675 39641 24037 88257 70979 49317 31042 85492 22735 17381 74532 19463 61658 21870 18314 15588 9091 47412 41528 84436 35422 97521 65895 91141 48394 11746 34440 55232 46978 48296 57956 9048 49980 29278 14952 32754 68551 57307 2126 9680 8051 49581 80702 9549 58461 29112 78063 34785 18502 57971 54388 1100 80232 80494 65864 10422 50234 3630 78916 60387 77707 19714 3771 65073 48646 24669 8998 5637 57174 44664 47956 87723 89020 65976 63405 96903 36655 43425 79892 58618 21528 84430 95463 5623 70091 40837 5875 8060 37840 80554 76033 54091 57381 73603 86247 97816 66769 45914 73381 41831 22415 510 91937 35317 15692 24927 50741 95905 74316 53045 42121 77411
7939 121
54782 44821 17828 44681 19491 40281 34240 95819 77015 91466 34384 82541 72498 16079 10603 58937 74479 37112 12764 41458 90269 13719 79259 37420 28990 57997 69038 97089 9417 68674 89620 44058 27640 44629 91444 86720 84931 38824 98279 55648 82170 54591 66058 7022 71772 80442 89589 14913 5927 56760 27136 74380 97411 47781 74930 55975 55999 93116 57583 56174 83483 72416 24668 97414 17730 79182 83919 9241 43492 62132 85764 44363 45398 33711 49096 54341 88717 59617 91391 96708 96978 56876 54066 45735 84034 65438 32900 32052 47676 35195 42447 48304 82100 35250 58393 71082 50577 67177 82504 81251 73871 81357 156 18485 24204 35374 49081 98362 29341 27932 96668 25463 8184 44034 92999 16154 93786 48521 63011 78550 84506
1476 122
56691 67639 76182 58537 11826 44719 64100 94744 77645 52113 85166 16425 47123 29480 4308 91298 10335 68705 29944 85641 16046 53923 17742 32451 24910 41000 62228 6977 53567 70316 73502 73489 78572 44687 67373 68218 85753 41421 71769 21311 16012 82092 82115 70768 81181 59183 53214 61591 87053 80302 81748 59886 61720 67832 97652 18282 17346 47911 59939 78892 93839 30198 65123 42283 32937 2315 88957 75786 89946 90581 10024 29796 16497 8139 69189 22309 26411 86328 22555 72925 32677 57848 98070 57762 66947 49591 81498 50391 38799 81907 47609 31647 80630 11096 40628 95712 77452 57545 30492 21447 55890 66279 39539 31839 14135 40007 93023 42434 9799 6542 81055 62521 37101 6976 3313 91612 6789 36506 78147 86791 767 48672
3606 124
50961 90185 18812 36061 91031 54393 41795 34687 90223 87339 68375 83850 4098 77860 6182 80214 1658 55208 24632 30808 29832 86596 82619 46058 17236 441 99730 56649 19770 20423 82118 18089 49097 2014 69616 30466 71821 90009 31323 94765 81809 84556 29710 84035 96752 25833 84442 51781 7284 21760 65142 30260 8494 42429 36897 68881 16676 68012 99100 39809 65419 86215 19681 227 57690 25657 5220 64797 77767 71167 93246 25912 33782 18899 24024 89164 82099 35528 85085 14617 29198 24244 53159 14516 95081 45245 91301 60948 52061 82217 8729 91209 83900 38388 10310 68781 42846 22315 48404 5594 85657 58342 35582 25730 34738 16941 83631 10408 23266 96899 77606 16367 34618 54197 77442 51426 75566 98513 74453 4237 41361 2615 91211 39178
5432 121
80171 70423 91498 77087 96845 59266 76030 15659 6236 78587 10353 38605 524 13460 80814 16041 54835 11319 25746 79004 22275 98925 61704 28540 69882 59741 61373 72693 99470 12134 56143 13298 43921 54100 91848 85347 25749 94552 67021 36833 84270 41685 50986 16583 63578 78335 11407 3247 12414 46311 37486 48947 21130 96851 42432 89500 21908 53730 50005 5788 90958 87204 57091 19773 54744 12761 11156 53187 27889 99655 17791 91760 15034 3235 34831 95443 30150 55025 96340 90214 45267 9850 5469 85991 98988 52820 87279 97784 72661 56615 75373 81842 7165 53520 30486 56546 76034 8313 27562 16172 62482 97664 33513 59007 82454 9373 11511 95340 90545 17116 866 24437 41025 53776 35114 40502 69371 28240 39762 7452 51103
5189 121
23028 30401 62946 17806 50078 17504 35064 48758 16023 81998 55486 49144 4699 89360 77434 2454 36992 29971 14239 70712 14960 86219 54730 41680 28387 93010 19324 95398 33224 24618 93527 30490 12344 97302 29911 10103 79960 13677 75940 69454 80816 4052 37851 95107 94646 91709 34522 85986 734 93113 36934 99042 80822 42961 3755 67280 47257 4471 63282 19 194 56131 56261 46145 29435 97944 96947 85774 28638 48905 68432 94488 24701 97986 5604 87105 13536 88294 37097 48732 1681 82329 52794 94898 54265 11067 98273 14848 39532 50966 24381 10823 97893 65671 68932 3337 42453 86736 4256 94129 9963 90974 87507 93988 87312 90207 3488 36390 65628 57917 46493 67142 35875 36660 51674 30686 24634 68192 45575 67122 42949
6441 121
95472 77101 88090 7320 65220 70207 73947 291 48078 38761 25385 13417 24741 21622 97665 15722 15490 35516 69862 19929 52392 17083 73622 26486 16566 61350 58094 84349 70083 42580 89345 85759 36482 30856 41078 83929 16137 20636 77758 80723 68076 98947 41712 12730 37908 74028 97294 1862 93951 82818 29955 61947 37595 83953 27447 75457 46823 85823 410 68845 45148 77001 80843 27140 57912 84641 729 13008 19257 15803 59059 51136 39350 61352 11274 17870 4876 36481 32510 78814 40985 17635 36117 99507 32344 72621 13198 90912 41052 28288 1964 42635 98898 35024 42699 82795 14908 37491 83158 83941 40760 19334 61492 44989 32396 88062 37902 60442 95696 732 4086 93346 22368 15095 61624 56968 32338 22817 19307 73298 91828
3008 120
86767 41762 49099 33245 49538 5353 28466 82824 59261 58401 49190 97565 49873 30 27604 94629 34009 67354 24928 10968 23676 84149 8939 25909 1210 78042 17989 36300 58893 79177 48675 24050 50843 2345 40952 36190 42093 25582 88177 30334 28382 57599 30024 66529 17102 71630 53565 51873 14518 30611 56738 18122 72067 29714 75696 66623 18101 26847 5503 87774 53805 2683 78959 90298 10303 6725 29648 14085 37387 37987 86450 20152 14990 19103 19737 86399 42321 41797 70509 54060 9 49624 63156 97612 43719 52025 64188 24719 35371 36957 31086 96266 18186 3584 35330 15463 36328 23021 36221 44881 60461 57311 85821 73518 79603 57305 52337 77260 13837 21339 41701 26393 16216 60448 86636 30891 28340 65164 95787 29609
6425 118
21265 79129 57829 3743 40830 36158 29295 10934 29442 51374 13082 13513 63897 39326 52313 8059 88827 69018 12159 82976 75620 5190 6449 859 36862 92749 31465 30572 42269 89538 8208 31669 87160 25451 87135 24641 37787 61136 6442 69099 90297 58083 65507 51694 25575 29543 5670 4567 91360 18817 28188 72240 92849 17093 61543 81797 5355 68333 49510 29068 70326 59485 7826 14021 99604 92329 50274 1884 12486 61534 53819 71111 6836 82580 40027 8486 73025 15308 4288 90913 78984 75760 4791 47891 40990 13002 21200 83766 12013 25968 73426 27102 82977 83527 35413 44104 32692 24435 5117 4458 80208 31940 15503 65745 36027 16883 70347 9852 23339 27371 34776 12403 35530 33680 12650 72773 92998 45616
305 124
6399 45307 20487 29158 37815 75379 74636 60412 7409 51058 18804 2641 5745 96095 8630 95141 32144 64699 53407 57175 76436 51416 68401 337 1055 41323 94785 13272 14497 42816 14248 9687 84981 53910 60000 44147 2202 7821 24666 84840 4841 45452 1595 59463 83942 98365 83824 63577 44566 6687 90060 43491 55530 84832 92013 59839 40057 19718 79255 35604 59245 51371 27177 28491 49058 91394 7716 32652 94216 34745 11332 19709 97077 35713 52172 7693 39322 30786 33869 4801 19855 5727 56555 71820 11207 88095 58317 61194 6491 18136 97632 67441 70933 36009 41808 68986 38862 59651 13880 72159 50492 95938 8394 14628 70443 26069 3182 88823 18156 51645 3100 48282 19771 84433 66113 72165 8310 61119 71315 51334 5986 83814 97666 53247
3624 120
64023 79032 41292 21939 57935 46200 56793 7211 44764 19041 31394 53767 47679 88637 2405 23958 31307 15493 92840 45893 61644 72648 26731 17700 87078 12633 38322 99932 22233 94297 98305 13497 99807 70517 42588 95045 5090 97098 70141 17940 8378 39733 61675 57566 22095 6271 53110 49037 23048 84352 6061 79293 5819 49559 25908 5925 21813 87400 32021 39331 30897 2786 52038 67525 81018 5508 74002 90073 16803 12859 70422 2884 21545 48697 75546 79982 55069 52267 25842 62079 80800 45409 13938 87460 5838 48490 17288 24531 55 33483 27437 99397 28813 92313 41462 16253 33555 86144 83039 84812 24676 93861 1103 24873 96086 75254 93603 49911 30984 75870 38773 29962 6291 90499 36596 75706 96653 8488 16333 85476
4001 124
61487 61767 48020 98449 93250 77521 17 5429 62593 95097 76314 61803 81983 2318 25414 75311 53835 45141 88932 64632 99229 71812 37347 62255 85830 54628 88417 13197 69011 14336 78458 98261 80717 1206 63582 54061 45212 60515 73608 21877 78989 1648 9340 92158 15047 6740 92416 81307 81902 19335 47603 39871 74356 51523 613 4468 47629 35808 66493 54199 97980 69444 48104 51282 55568 25464 72525 20119 87781 89143 32053 42261 7531 11810 32655 5 27057 43572 60899 93994 21540 93734 28754 71794 1156 97685 40053 31822 94854 66568 59864 53687 13794 74740 63101 41899 89038 16505 12777 40776 51914 77959 33843 12367 10276 53081 45666 11043 85926 11760 93495 66649 62847 85469 24687 82020 23474 71327 2490 34658 5903 46960 11121 78821
1786 120
48628 68726 74053 1535 88087 3560 85613 28176 91971 86772 62300 4702 3567 31606 76874 53176 30776 20068 22622 83382 22157 71253 62044 43094 17089 99073 91462 31127 14249 31397 32585 66575 90316 56559 45640 10555 25647 68357 99007 25370 72278 46808 45627 49915 47727 16062 93239 23133 68414 70526 74023 73773 95080 45197 78022 1074 51708 68772 55074 77257 27762 51343 8409 50857 34472 16146 7993 30444 16107 87837 12460 97328 73832 74699 26909 95239 1646 57160 26620 98673 71580 14525 77566 99342 25236 39721 94049 29008 21857 88590 44470 52537 81913 41907 54742 16708 56540 27120 83355 63418 6177 56762 62574 7292 22244 12869 26150 97749 53270 76701 7133 24684 53954 64579 53829 70017 50694 83235 91788 69919
481 121
91279 10093 18069 63167 36460 50989 63251 1349 97998 25490 8961 95936 40417 34110 21914 94193 80424 99175 62802 10168 23615 13208 69007 98570 21507 77796 80711 52699 57709 11428 91716 58990 71449 67925 8187 76246 19218 10537 76873 85686 8779 31574 50256 34534 37114 24833 93880 42134 53555 36169 87919 71431 77474 52571 86083 39157 19043 9277 75324 26334 91793 0 68927 79199 26048 20451 58427 26374 12638 48864 5553 54383 62162 43611 78165 5098 37195 20966 93672 86304 42426 63385 63752 6184 78998 70439 99357 29645 36443 46409 16544 9629 36129 26939 20317 93232 20293 76623 39679 61215 93737 71571 2160 93029 52679 96149 93187 68339 26690 78443 47579 56599 19199 76928 61109 1722 71324 11445 85016 57412 80724
7373 116
55382 52985 93135 49991 5784 38662 78674 68666 56814 78754 86549 48450 13451 92439 68174 19148 73806 4806 5427 25398 46495 17092 9486 37235 18943 7760 32565 97764 84966 92689 92902 31493 37063 52542 25732 92756 43737 81291 21149 57328 27284 60778 25121 78133 1745 27202 98960 28072 69713 51319 70409 35935 20597 84439 19034 35445 75675 90238 5947 14929 93081 88647 48742 31121 84330 7526 23191 30934 15652 38387 93159 22513 11832 55785 95059 41991 25897 47248 57053 70797 42781 34370 89443 67243 50470 38095 48098 47515 10750 53388 16656 37163 31208 70843 9267 1174 57894 14901 57861 41601 73187 84351 599 56149 56252 43805 91768 64961 14050 16171 96633 32587 51957 72589 21566 66935
7464 120
48197 16822 65532 29716 92741 68639 3013 7338 6207 11701 96616 74644 6446 91533 67454 7926 70911 3684 87864 51779 75413 87051 92671 18041 44403 35616 14349 33763 72579 90119 36411 4739 79001 40787 29404 6993 37744 49203 40469 8538 83151 10052 58068 3072 53034 8006 64969 22583 29902 89673 38952 52171 65046 45401 85740 10729 60379 64503 75608 44534 27670 5842 43627 11695 75061 35998 38644 6920 48805 20275 46644 92163 81791 55849 48206 97226 68915 47199 7446 64852 74806 2570 66157 8699 9526 36963 30493 61965 78483 49245 43701 76412 97595 82304 61406 94600 69717 7974 27814 34363 74911 49605 845 49352 4907 14132 87719 2003 64758 28737 57267 1426 92165 10610 73464 85323 46492 40347 93391 58611
6672 119
4415 79344 8112 16823 98445 86741 94783 61253 52140 70211 15560 1452 12810 85481 73562 47259 65683 73660 15248 1551 52874 47807 88175 47098 95843 71553 57198 93514 68390 31436 73146 85042 24198 55183 15721 15367 32209 25495 2055 6054 32882 36049 73014 56739 36679 90727 37216 76377 399 83829 97280 63614 85190 88218 25354 71461 67996 9125 24065 20134 82369 39752 11590 62060 53673 8177 59168 86118 15082 87345 26863 68089 9134 89055 408 4611 89191 96997 33694 12751 74188 91636 81154 12572 32243 79657 25073 8547 73602 15332 20516 43992 4952 20047 50114 65565 34203 80443 18311 18093 83827 91008 18003 78212 58103 18234 71335 2708 12693 15183 62678 33159 59678 75722 90816 27460 34809 22245 73989
7165 119
96420 84031 63049 35252 78179 85366 4293 31652 80291 36847 60534 92575 58784 52290 32546 37318 98370 28208 48517 39215 11350 27124 96910 52977 38250 2610 22748 73981 31183 12933 98120 42427 74564 84827 59924 17035 81199 34994 16905 32549 53568 57318 3430 86944 78839 40505 65831 98497 72757 47271 40871 63448 25364 42550 31337 92853 74917 61941 68947 58926 19698 29586 89025 83062 58576 36350 49230 26279 96435 5463 38042 37616 91343 63332 88657 91991 85444 60497 65637 8879 7058 69040 36060 2809 58398 28625 19521 45927 41871 17846 13509 96475 16800 45153 34844 506 49918 13283 10967 18759 36416 89488 83060 57930 34215 33796 48271 43730 99301 89356 18977 23745 94028 94842 8493 18931 17604 86503 89703
840 118
38882 87427 60872 57725 32434 5674 44813 49116 33765 6520 70430 14864 38106 78164 42320 47944 15435 68462 17424 17060 64373 53415 50486 82651 28261 26977 63373 37118 74124 27906 79024 5596 99307 20235 28201 32147 88124 75981 34612 27381 41938 56855 18356 58868 47530 3588 24946 33324 36772 44609 63468 81233 44319 38565 40978 34294 703 35278 42033 52511 31691 71636 89801 42913 61739 32047 19021 4031 95363 28858 73085 30850 57603 80385 76587 92347 32539 68470 73181 40273 98687 99435 80913 91631 38433 7997 77064 98119 93196 82289 32306 13224 61969 67154 44953 30990 83209 7941 28281 27132 76309 9421 16893 10181 54426 5466 11817 14241 80884 17215 76003 34047 90871 96054 32461 80168 37785 48582
3257 120
84694 29143 63234 39395 77628 52563 60194 6890 79458 42956 69755 76645 20195 32003 65967 74824 31446 60210 71945 70739 55080 42313 12626 35779 67138 54292 19985 42862 57628 88645 79795 62589 34133 39907 99940 75097 22880 33570 55628 64421 48586 29164 90533 74357 24124 28992 5524 2291 42587 18012 86728 11316 81924 85708 58183 38570 33165 2600 80690 86908 54308 90497 64441 44356 98684 86132 77454 93851 30585 24877 59776 67466 95139 81250 82788 61785 92455 39292 40092 29126 16422 24958 27038 74271 99106 26925 73542 52606 92622 31948 50215 3894 24947 17684 47738 5627 22769 24245 94710 72374 55326 47793 87620 32149 61627 84200 11071 96252 70554 29537 70721 32530 31619 33524 53798 55445 20141 90546 53180 40920
1961 123
73016 58123 58684 63029 27850 77143 75205 41381 8600 22232 31560 61963 27149 9332 51811 65049 58074 15051 84429 78862 36023 33161 71833 55951 90216 8433 77173 59445 86569 62333 33053 1134 79680 8036 21206 26073 66187 44299 86575 13173 4402 97039 89386 924 90246 12240 28313 81411 64071 56313 44038 75969 41198 22477 14968 64500 68075 26628 75713 77941 97574 97194 4889 44855 46725 3673 74854 49794 27638 84160 90092 67146 11494 40667 79762 78078 11501 45219 82429 60514 39387 93439 40745 29453 22599 20875 56899 90742 56000 8231 81222 84807 70352 69598 64228 34761 31871 15718 46234 45529 33968 61722 11564 68628 51548 33215 63749 53575 39583 66360 94971 18699 12069 69068 80688 68206 27206 42888 39947 19502 25966 36230 48073
1296 122
46142 32241 7258 12756 65421 10776 49737 12610 41640 41054 30448 34452 13976 94384 42634 78929 51666 40165 80217 15872 32987 46835 18383 86140 13432 74276 61403 21911 12299 72875 35987 5319 64026 89478 6390 90737 51382 69563 35799 10082 28706 25373 53212 80454 77841 90655 6077 53197 95820 35437 43902 70736 73303 84278 2125 23819 34404 40593 85731 46425 22121 37541 4855 26883 36124 69849 17624 94895 19687 6497 22568 39619 46865 43409 89782 55810 7301 94017 81089 28671 18343 67246 34 45099 57393 66830 11765 32848 44348 31922 51389 19017 59145 53843 2806 6476 47346 93225 2105 71687 17711 2330 72920 40013 81667 19656 80236 66679 20225 28371 83655 18828 31863 89298 84822 36848 52064 90155 18042 14030 58069 40767
7862 117
82156 9737 76626 28265 62296 42077 90764 60862 26497 994 5437 72560 27517 1870 70224 99321 53801 23864 68182 34632 13741 10041 15908 96161 33970 96413 23800 30545 48449 60002 92748 71240 65730 64726 84289 86745 94415 6713 88157 43298 18908 20016 21266 26046 4168 43117 66912 76755 97809 52074 73416 15617 5096 21910 57367 77715 42577 27221 36705 300 71484 23901 17827 92129 52970 6705 97598 48708 77202 24056 34907 21246 14447 37103 63584 81827 39881 78645 24656 48523 36776 94776 88773 5091 14897 28542 14731 75261 47955 65324 56304 12058 31089 84977 41475 52130 4114 36484 98957 87836 84534 25729 2510 86053 35822 37953 80001 86251 19268 28489 29713 57279 73287 62395 35403 60486 86499
3690 122
13903 17821 18580 5418 58327 90713 87472 39112 19340 14006 35505 82740 54271 75643 50149 35761 39146 76481 19865 12673 85410 436 41550 87607 10791 84689 45563 55240 99749 54529 29118 25109 94929 79967 53867 48806 96064 56858 23086 21322 56897 1784 15415 16748 10944 31586 26663 69747 57288 66348 26745 30794 33835 39256 51321 17572 27919 5874 17702 3114 27125 18239 60422 82359 57538 62845 75979 53382 40518 37574 19624 2221 81252 2874 71042 46645 32136 24542 80881 86360 72099 24466 12695 18857 94691 63995 81163 37950 68871 10253 41905 49463 38701 49557 47733 79336 28809 48852 84582 90115 20991 57252 51870 41412 12939 99140 1969 74876 23314 76334 47136 24995 40583 72990 72791 39806 98087 22389 41574 20456 79589 27034
328 116
15888 60361 40954 53456 10193 21881 16184 53064 67116 84892 66882 47640 60504 50513 6026 89452 7411 95646 37687 72945 32516 13842 58141 95468 50714 77147 47599 21134 52712 72865 37928 65385 48055 63194 55094 63498 93161 49250 55639 49571 17220 99215 36606 43811 76133 43761 40600 80474 56538 50138 15876 30654 55358 55492 26905 7741 73856 42000 67332 96697 49730 75682 87054 49448 63298 99773 85977 50408 99328 65971 64502 18177 89954 6015 71722 22932 63636 84972 63051 36234 76391 85754 22352 46432 94334 28353 32098 13021 51700 63687 37396 28090 43031 73547 40940 94547 21807 69006 14116 28961 79016 29064 64943 99068 18989 50880 52002 56958 33191 27945 77547 83538 69935 46274 14251 62436
