9
1581 125
17967 52693 14841 39445 19879 33212 15916 29764 37721 19446 26832 29095 39588 16546 29403 8389 16580 2820 43457 56327 21659 1337 24196 30126 47205 6535 47490 21739 52560 55378 47871 33621 25940 46205 12234 34365 26223 50855 40395 49623 23885 33675 31120 55411 31742 14819 6468 40322 13764 42159 35215 40774 1123 43936 8570 12512 48962 17261 48543 47194 6623 5040 46201 17588 21445 36337 52407 822 49097 42713 20377 7457 12997 41865 20145 52183 56931 41331 36320 39897 52680 39282 43763 43817 12371 21384 7351 25172 44312 18979 20876 49156 11724 16229 52463 25538 49981 173 15179 35620 26622 55477 18007 42985 29946 43134 45699 27146 29035 2557 41510 3250 32250 21723 3252 29120 30111 55572 27832 6645 51382 41656 56563 55087 45001
3080 50
38760 41839 9753 11106 49997 18219 31988 55114 19375 1408 4139 6149 27242 42031 20679 26576 9148 11659 41854 31509 14300 22276 39122 32205 24812 48823 3304 22210 14270 21660 35727 25738 13137 52962 33053 30387 18333 37205 4200 11862 20047 44461 1023 36311 32113 42658 47530 22595 41860 19174
3660 21
51945 13855 20825 19725 8262 55044 4582 249 32434 18727 7977 41480 54546 55023 44317 24398 7427 25981 16277 10150 55716
118 11
38865 19882 47404 33583 49686 3793 50950 5753 45785 53850 13493
5148 3
18858 49579 20612
944 4
30139 43476 14810 29336
4151 3
2249 14807 35176
6882 1
24989
5511 1
5691
