102
4839 13
20778 296 10286 2629 58815 85661 10026 32695 93911 21628 26608 37915 6835
5158 12
33751 84822 71716 37950 36793 54661 14038 64514 97100 55638 61605 20234
5718 11
98954 10382 78947 72499 39967 88648 63474 77896 45197 6736 99999
756 12
79896 99712 26500 91573 79777 7252 96350 32895 46560 60291 29203 53050
4162 11
88390 50353 50696 11189 43695 5138 55369 99099 16262 91191 81607
323 12
55177 67613 80540 70027 66549 17007 52425 75867 48271 77241 38261 15410
1257 8
93357 85156 77046 74409 2704 44160 65570 24111
7721 7
29226 90664 74136 13065 69178 59536 34369
4381 10
58871 60417 56330 5007 84328 19412 91300 24206 73869 77085
4159 8
70640 81604 8656 77465 28868 42421 11520 37293
10698 7
95172 97449 83704 7243 29487 67593 21076
4873 7
91121 66388 61502 98623 86833 27873 16177
4001 7
85341 94774 58637 56588 31308 57157 41634
8760 7
5885 79615 10202 17884 9652 98923 53353
2579 8
89512 64416 57253 81895 57959 61181 8217 28587
7843 9
72381 60659 21044 24285 15248 18001 86586 2174 87972
10979 5
21744 73293 52208 62665 20905
8744 2
94107 52076
2648 4
44074 64501 2531 75497
5657 3
59392 83197 9854
3855 6
42089 39173 84138 90216 52706 94571
3650 6
13463 47567 28580 80440 90044 22041
1270 4
75572 32995 85018 8389
848 6
99176 36001 54959 12062 28725 65266
2234 4
28715 18936 40688 51826
11053 4
46036 92168 45674 66317
3054 4
95126 84633 42225 71598
10203 3
42959 33844 50026
433 6
19385 84496 16383 74942 83310 1590
6646 2
85893 23417
4284 6
12014 17038 64378 92938 64692 39667
4451 2
60977 68199
313 5
30778 61677 70643 43238 719
7345 6
78484 60836 45213 11631 64774 57926
3377 4
83503 19063 32604 68841
9179 1
48684
2441 4
28464 75835 61880 19673
1803 2
14160 67806
6788 3
17659 13374 34821
4700 3
5155 15834 67005
4578 1
22291
5829 2
25492 50684
4405 2
17300 17310
1083 3
83390 36224 57571
4618 1
46760
3441 3
2436 80337 73975
10119 2
88078 84196
3599 1
90395
3728 3
68351 69683 35024
6149 2
70237 506
1235 3
21627 96711 85817
8502 1
61529
11207 1
88455
6640 2
91653 28903
573 1
59738
1612 1
53083
227 2
59444 25553
1571 1
42364
5532 1
32464
3764 2
60457 61588
104 1
62674
4326 1
40008
2142 2
99211 81151
5529 1
71943
2357 2
22705 46744
9651 2
21111 21203
1256 2
26167 61459
3841 3
54902 25755 33932
5590 1
44957
1144 2
60884 79117
783 1
75114
350 2
71363 66105
527 1
96525
1262 1
29232
4494 1
58753
4953 1
61570
5157 2
25959 28913
5331 1
11086
3493 1
86970
1882 3
84173 8075 85541
4262 1
91557
1926 2
57608 51624
7308 1
44327
4623 1
48525
7790 1
823
6371 1
35986
2916 2
96703 34325
6805 1
26795
76 1
17171
1936 1
63590
9019 2
90563 58535
10455 1
73169
10086 1
97012
1093 1
22072
1507 1
56182
4923 1
65816
4597 1
20441
5939 1
54772
5111 1
76237
6571 1
44631
4421 1
89452
699 1
64455
