35
5602 97
96259 89737 34255 16000 83586 35601 2370 86654 79518 18631 70634 63402 649 81486 55458 10652 27103 25460 98403 96495 32745 89629 73390 20725 69827 67280 94261 58796 71969 43623 36519 23584 83587 36639 32458 72956 22353 4041 78850 9213 4142 53302 94820 72112 90972 23723 78405 53805 81455 59541 15092 65486 1733 18878 48367 89763 59296 12957 10683 95993 25420 50219 50868 50312 77865 41190 2873 12645 39649 73480 37002 79714 65017 80511 99851 46909 97110 64043 9867 48164 51054 78683 81558 34185 9588 53678 33664 22210 77781 26112 99026 38579 95588 26431 23233 46503 29509
4952 81
73821 15247 75633 35811 56668 95149 81000 36450 58498 45686 77912 47335 48540 42638 51175 11400 13498 41436 59295 30198 6984 32937 57784 71581 72744 75724 89503 84302 73029 21986 48157 76087 27886 7822 40611 89931 58456 45412 86056 58982 15978 88750 80518 65253 84425 19781 32045 75946 97217 99927 24352 37762 82194 13583 73382 11726 54779 57342 9001 87461 55901 22533 53313 84617 44746 94219 44757 75933 12543 957 91784 84782 46504 64874 76421 98432 90757 37390 15859 30736 15198
5075 72
65194 25244 55423 89462 93773 70908 16845 75104 89988 56855 19970 34527 91088 72575 91330 90232 36308 61528 16831 55062 39970 76873 75247 18007 2809 65694 44773 42664 32694 7440 52823 71882 67006 59150 66488 25254 65970 52444 53440 22510 13321 3643 99019 95768 14800 55731 65731 99872 56994 91447 55659 65644 54232 45217 4796 72887 6664 39537 62817 99578 89097 19109 46115 46288 71602 70360 13055 37964 14728 76848 56398 71804
4290 52
13435 92944 94496 29450 21826 62518 38208 628 21413 10509 41530 51497 5631 9537 94064 18296 44839 7562 61237 81286 11357 25776 81066 61338 34264 4466 20835 94942 6587 41133 27804 50459 6383 73275 31503 97662 46607 18831 17226 19994 86154 96108 2849 26727 93254 26594 17719 52175 41682 8158 63276 37479
1565 53
39631 20814 70856 78015 36122 17003 5083 71617 35700 87363 77695 92133 14161 40843 36109 5087 56379 76985 55555 55841 82372 91111 52777 99457 10866 46189 93966 74507 30281 87581 52679 70923 83526 7473 22808 36456 70377 15355 1260 51427 40691 45893 93603 53912 87021 46480 80822 98587 35062 25575 28 54569 23710
2317 46
45353 37604 85280 97448 12562 54426 99259 27752 41351 12277 93132 86818 7502 92217 62926 98206 14986 47404 56861 92250 93165 6324 8071 96828 26564 40494 1513 12340 13873 51292 79300 23614 85986 86100 47283 19931 25285 45790 44016 5461 3283 97833 71074 18567 96932 60734
638 40
34581 84816 62471 53686 41860 68115 84082 77317 41529 10981 13122 26094 95071 69470 22300 82424 26030 48255 61085 63208 96084 91898 87205 43534 10464 80283 86416 44428 79188 58896 3956 32028 98275 66723 74854 59242 70162 22447 68753 66487
934 33
83337 56760 42143 48400 70748 37603 16970 95081 88162 61823 86293 83493 11626 80403 35165 8963 68078 53896 64205 78557 9566 97127 10488 87845 75251 4232 80755 50115 12871 44801 68044 57953 99056
1114 29
41223 92278 27265 40280 23608 98571 13470 80292 93999 18770 48244 61699 30683 7555 88533 24270 80674 33462 4666 74088 94114 67617 48973 39842 3289 25187 35361 93335 63381
6163 22
77745 86151 23955 94574 89273 83884 82540 50013 39041 88207 98329 16263 52640 49213 67015 20419 61126 55502 93465 28081 37175 38592
860 23
35494 49726 81147 77059 91153 8994 59794 84642 38781 59974 57526 74230 74482 10264 11040 53232 91354 16546 82443 55640 11699 59336 29801
3073 12
52478 1569 9458 97805 58036 24945 78852 4825 51623 54279 8804 77089
2090 17
7492 90734 47841 99803 32128 64438 99581 3376 89450 14086 76164 17423 93858 7125 39752 69139 94378
4309 7
1036 1691 6326 22480 85071 98263 91008
464 12
83936 13127 57498 18013 99550 38560 31456 6239 14279 65603 82673 22478
2074 7
69779 49087 86891 51317 28041 75334 6225
3774 10
77333 13478 60860 5380 30622 24845 80466 53289 85461 61394
1291 7
43227 53691 77197 22058 16088 87270 12659
5079 5
29772 44153 65892 46586 76747
163 6
58543 3406 32177 64571 27553 88054
1451 6
98824 11074 10819 84338 66008 39212
4019 2
24355 88929
3247 4
70233 57882 47629 96609
3055 2
88174 79817
6292 3
68880 54936 33141
900 3
93300 49925 71636
2761 1
99184
4671 2
23159 11089
6440 3
86928 18349 71625
4683 1
75735
1167 2
67970 64469
6207 1
10974
6402 1
7573
5386 2
71727 72863
177 1
19738
