325
4683 172
15390 62544 42538 93733 32536 60933 70040 89655 54417 96095 99354 83198 92795 13692 6521 12824 4230 5897 36288 42035 88411 2448 79952 26054 56270 11562 6794 60993 15293 11514 50951 63369 24797 87213 67802 90351 66413 37822 10849 75364 8098 5020 12006 21604 54215 47947 77704 2889 38903 92057 75006 3477 61352 45600 97168 97788 89616 12835 70875 85269 16694 46574 527 89920 57739 784 28207 9169 27671 22796 63657 32987 29153 39618 29968 54804 24419 88569 94078 5071 81132 30293 3810 33069 33402 60026 61576 28554 9349 5003 47242 1766 37365 31283 7946 44078 53613 96186 29004 97942 16716 96919 58513 72335 75628 68775 78492 27946 20111 40631 33643 8468 99892 10708 20808 91287 95785 42635 72529 94044 44533 90212 58837 33758 50421 31178 36874 39687 90431 34871 14615 27070 81041 36552 43968 18340 73127 83367 92161 82271 23525 5785 61540 6051 94930 65421 51477 54462 3846 50858 79811 92556 38441 10452 48057 40752 98813 33162 61632 3080 80951 1123 47715 12979 85698 99640 48976 41311 98170 58289 86974 81912
4443 25
12257 14585 58985 49818 18302 14173 37655 33132 23921 33431 70988 68730 77352 68749 14123 31642 48348 95826 653 85625 46045 50770 28792 67076 75219
3522 25
41048 1617 97505 15548 71841 27008 84427 89976 17713 14154 8555 46090 7733 10531 94829 19050 40420 54040 13282 5388 27234 52005 38763 49372 71145
2937 25
53495 46433 81744 72081 68635 13476 84836 7628 29339 18218 97797 88745 24139 99519 13714 40495 18453 43034 67609 60614 11619 29242 18871 70592 15712
667 26
91295 41077 29020 18899 86679 74064 43214 9006 24081 41848 42125 78342 76179 58392 59411 38089 99052 46926 58194 70359 46376 4928 55759 74389 73770 97162
298 26
52947 87428 99071 22165 64295 93719 89967 2772 31351 32673 80850 74789 53030 59240 64182 23331 61930 2233 20517 95760 1998 77174 79450 8241 18110 37492
57 26
50569 99157 74660 4992 51910 3553 11785 49805 35940 92224 44858 80934 41013 10044 1058 62522 48004 38655 58015 68021 12492 39806 24253 95879 64151 98269
3071 25
23675 34404 32478 87565 5974 840 69203 3213 89179 10458 65614 42767 66651 13494 73037 47064 81878 80069 89096 4347 49826 45611 17899 84242 4290
5563 25
88830 32572 80174 37495 13016 25527 23809 43270 56795 56639 48477 48056 95126 94015 25782 35943 56567 50173 89023 15392 37463 92530 94557 92264 35371
3921 25
59463 73630 19183 5730 37266 29280 45732 39769 46426 83415 78152 1394 92381 24206 55002 17769 15416 49524 91811 38189 94684 14516 10779 51799 43504
4581 25
75995 69304 99718 12992 59313 76194 85613 35596 97099 29234 2261 76550 39375 96913 89140 83162 5485 61998 39417 97641 91378 63484 56501 70013 87956
2159 25
22935 49039 72130 17846 39940 53751 37746 3819 80063 92968 27604 80529 38430 29468 75316 20097 37340 52088 2812 42485 57778 1290 50674 44332 60447
78 26
75971 62009 24599 80718 77755 38396 20583 2034 11819 8644 90350 8628 85777 47790 18792 82300 99439 87179 28311 20943 57794 83954 13263 60780 85900 35677
2166 25
29149 76337 62069 40683 68270 14656 31677 69338 37788 42894 22001 17448 20911 13092 44104 99870 13033 5554 8267 83728 88860 58510 66072 28416 61327
308 26
42513 49148 30985 101 62972 17624 2038 32948 89781 10853 24621 13696 4371 32560 3139 25689 21083 50077 89506 4707 9905 57862 2584 66528 75679 51176
2947 25
46473 11007 42560 8307 98922 51619 49445 44750 68100 34134 24498 95679 57568 93532 67638 54734 60559 44266 1086 73511 11941 48626 53027 55332 36438
3134 25
5901 91125 95426 87721 65397 24662 50038 53317 14369 19659 41526 18288 86571 90371 92010 19931 33076 24405 38251 93976 3338 52229 26866 56223 6749
1612 25
83072 41600 28534 99129 42019 27854 49084 89901 13354 23374 60268 89883 56030 23281 93758 20484 92492 7067 45405 38302 89165 40472 15046 25389 71795
4173 25
88056 64201 52339 15903 20657 38443 60397 84398 61173 24603 47285 14120 68636 6154 74881 3601 82034 60834 75517 5853 27560 63985 89770 80018 38320
4488 25
57595 66157 71178 75182 28455 308 50705 78748 50116 96086 43196 85616 66177 4824 31251 19494 91618 13442 25486 97933 62515 16360 91962 24153 49866
504 26
76353 86253 14200 74258 58190 53441 83593 66572 38220 28426 43973 26094 85780 23740 86798 16883 39875 91084 10010 63419 376 35238 7586 82939 73233 29505
203 26
47902 84500 57183 65366 70447 44095 95325 22150 77719 65037 80418 57608 27930 55071 71152 13364 87629 24791 36178 39242 45498 22182 16758 98309 73659 44374
4867 25
42556 42796 24934 27075 58257 41996 44190 17947 33963 57139 52267 39255 12745 44640 17625 13324 17122 56341 12118 60263 77278 67909 64610 839 44772
788 26
77466 46005 54533 80726 27022 13162 37871 73579 41705 88207 9956 31464 25620 93067 83186 24434 77359 20871 70145 75674 10306 11595 57785 76966 64257 31654
5357 25
15394 19726 25501 46424 74 80603 47759 79228 34397 29321 41238 72358 35296 98648 6035 65304 79684 70630 92401 53346 58064 70790 5752 13222 67225
2324 25
97060 98855 67284 19595 28897 46306 69632 9917 63383 25097 30250 27997 44720 72986 99406 15748 13170 6484 86199 78764 13340 48375 85179 34402 95727
329 26
10148 88493 10171 37414 33374 54644 405 77799 64873 33327 81599 49175 71706 82288 57683 41087 34661 80040 52697 42462 28094 10215 65827 79439 51858 313
116 26
37881 53345 31419 69610 50749 59132 86676 5703 37954 92608 93933 89003 46693 17087 90855 94373 86604 98358 48818 4966 74597 70291 23115 95104 95989 70853
5780 25
27115 16935 4811 55019 8080 20030 17369 92433 44414 86915 75313 31565 30058 99288 16508 16511 74676 87288 93109 48771 36966 55192 45636 16349 3749
5034 25
85507 59116 37576 93975 38233 41026 51442 89204 48309 35980 38545 83793 49107 16788 75899 22026 42535 16664 23702 70131 45166 72403 33965 29735 40506
2736 25
38532 36387 95403 82871 8665 59455 35964 39205 58971 24468 96892 35494 49995 3605 29531 23623 75930 19219 99455 16701 18106 53954 12398 50333 38627
5666 25
54455 1424 9737 30113 99421 93220 69939 33847 90120 37393 36701 2460 95924 45319 22349 98010 35769 70665 90849 32179 31820 94441 51730 36623 56057
1055 25
21650 14750 84650 33930 97173 46555 69150 56083 13612 62060 24084 29934 94363 45169 13121 34608 93425 38185 28034 16815 88301 41419 38563 29771 31041
3484 25
64137 9492 12157 94878 58051 31634 34808 77333 35421 22416 59432 53902 96048 88218 93078 92050 33186 85665 83020 63103 14036 54633 25347 61190 83251
546 26
36702 17375 8964 99287 26042 24713 11881 72066 23109 538 24102 90616 41556 21961 15898 2090 27208 42210 58696 34820 55716 63947 99775 74109 83566 99427
4038 25
57920 5237 33075 12852 32828 68859 49490 79982 99831 23588 53128 87803 68168 82172 5582 11626 23189 86470 46631 42206 72563 32108 29408 10522 10735
2818 24
52254 88669 96666 314 97620 67926 39606 17693 72266 90640 58614 51476 31062 96151 51331 83493 40635 26558 89644 70645 38026 91616 20980 86457
1796 25
78762 54351 26769 3547 52758 70318 45951 63256 8228 71393 1029 22541 39997 71928 68387 28223 44080 75845 59525 23371 47909 29284 96268 16824 87879
4888 25
28051 11152 12214 64256 12729 89359 95836 2169 10789 27953 35139 78144 87657 42679 48031 47640 46265 87736 64269 66926 28429 53644 64426 34875 91334
632 26
63774 46341 2039 66418 29164 21356 88241 74843 99688 23014 88320 25944 35621 40185 61989 82622 14288 4976 21847 92204 83784 47972 70532 39168 74133 13686
1095 25
42200 84133 2044 52941 72377 56665 97666 3603 95693 71266 79246 42480 34435 41340 14751 17731 51310 74589 88887 25498 74812 13633 90208 211 65852
708 26
38825 13878 94540 33549 42346 79986 26292 44096 17560 85522 25157 35274 14384 38130 68430 87871 52604 46212 90693 70622 1019 89112 73894 17482 34933 42048
53 25
44211 2909 87747 97397 92869 13979 61200 53831 62578 61794 76964 61048 1073 87107 19755 67683 43869 70695 47044 94399 9473 36611 26617 86935 54733
133 26
41112 34865 99571 12194 64921 23506 22062 65216 54482 10812 33755 29865 87416 47089 698 12779 3155 63720 61181 56930 95962 67562 13331 50920 91740 68250
5617 25
39125 65181 49196 11082 47406 50618 63912 47336 17387 68403 21414 34232 76084 44855 65126 71440 60415 85416 19628 21023 21229 72901 49164 16930 82108
2905 25
21001 31133 11341 97703 93703 58259 49702 78690 30882 55658 80357 24193 95408 71410 31395 31710 22824 47535 63984 2496 57711 88224 55752 87864 40311
5405 25
37597 54575 18843 95561 93563 31526 3021 29545 14416 11756 22158 45701 63143 9458 10882 25414 2920 61814 81576 49811 99233 32434 13500 67856 76265
1029 25
65203 71216 56508 63054 44796 95041 5340 29346 24172 15385 31302 27610 8751 25791 54816 35545 40425 87345 59152 86188 67176 92988 46362 1183 748
3365 24
58577 72683 14949 41506 65797 11999 14822 67151 38684 5631 83894 20998 5275 31392 47246 82854 60238 19178 3468 92131 56586 65155 13565 84571
3186 25
8115 29069 33915 4437 1940 90106 65315 30266 97083 36671 5152 90914 42607 4501 17262 44457 30557 71801 90195 51044 3893 89029 76742 52943 85247
5771 25
13038 81157 64704 20635 63124 49917 5250 28297 17217 35685 56134 73604 80632 72950 93770 65728 15786 99794 3044 18468 54350 69732 24871 49508 32682
554 26
91778 26546 30426 19220 17613 82762 43182 68821 26917 2925 81003 23172 34027 31987 44752 88359 60338 43054 93769 99680 47965 17519 47760 44169 56722 6233
1337 25
9137 95857 89907 84849 72173 64012 83846 60835 91879 38514 59969 38673 74537 31701 81349 69490 51795 64682 44079 69620 64198 26674 1606 8363 6590
600 25
66823 9921 23098 64451 74461 90678 16723 65696 42488 97109 88209 85735 87521 94362 96772 61691 77618 66096 94395 70386 29090 36770 34048 29046 3580
401 25
44553 63957 6401 29041 16872 8581 43610 38105 30265 91100 7607 32241 73999 390 14049 38281 8192 80881 11728 64606 59284 39825 6255 46007 64220
4261 25
96363 35773 37617 76757 15187 85128 69 31989 50769 76039 32813 44275 68217 23505 5024 72479 27124 91260 89158 20483 34490 51366 272 36972 48436
160 25
66343 35050 84867 54347 40613 63853 44757 17 29206 15833 41103 7377 50392 90581 91409 49048 83346 22540 60576 14559 48450 34818 51017 35081 32931
4105 24
715 61379 49976 13724 40645 51004 45410 85249 82216 41894 38009 46742 88443 84863 9010 10995 80407 18839 24516 56775 10799 45207 56360 63760
994 24
39071 30277 43992 44270 24309 25191 50671 29002 55929 55500 93852 86220 17799 66132 18928 81073 94880 28150 91146 22204 83214 59851 39941 14060
2502 23
8617 72609 40264 79782 10561 76574 33068 74120 76234 29786 44069 43302 34764 99155 89597 39706 79323 73876 40626 5682 93951 74650 58957
3769 25
42816 71289 18345 41064 53491 97830 72869 59937 29392 61759 40485 62377 67786 46623 46572 46018 41933 5801 67313 53956 97074 31556 41116 3247 12981
2007 25
19960 75532 80315 42476 33976 87755 82897 95238 18392 11654 50917 31914 36859 58208 72142 22568 2467 26788 92603 95861 59531 59164 31162 82430 37993
1060 25
78940 48975 59651 95371 35523 67826 67277 98736 60083 84060 1637 59223 18829 4759 43283 65297 59492 16513 34440 46224 39652 26990 57057 99940 82812
1658 25
40077 33012 38958 5121 43268 37904 12867 59542 38027 63391 17412 75013 63815 99850 62352 31932 11729 49297 36477 84595 36781 18472 45601 79268 23530
2810 25
89337 7185 41153 23820 5428 15969 83272 67995 46185 45034 88476 75617 35764 57110 31783 72872 25694 35233 27499 45882 95627 5214 6961 24521 58337
2873 25
81879 5911 96017 72918 68547 48160 70328 77491 4681 36772 17495 12676 85415 87506 78435 80672 6786 9292 13798 77517 19523 4752 52114 97561 58553
80 26
98775 65994 7375 59781 37927 13492 75981 5726 36269 23073 83215 10292 87942 35607 22298 69917 12803 86133 28550 14906 57150 85271 69262 22953 82657 47861
429 25
15574 97631 22075 77949 35001 4648 12281 15817 66586 56798 32699 6571 50857 46331 31754 14826 40289 86018 63580 36459 88995 45870 572 62683 20466
4391 24
8563 41225 54224 10485 38589 34907 69320 76555 52306 40042 14972 80156 1407 12814 40992 61795 20472 12041 10072 70484 12144 95466 73766 327
4951 24
42898 16080 391 19696 36779 83128 9353 72551 22919 88348 65416 17443 98902 419 69224 68486 37801 14083 39162 71630 41819 23202 36747 31938
2321 24
91369 43091 66744 33329 89315 98321 7088 18902 2612 57813 91090 83050 61866 38498 26217 57951 62548 92411 25265 7517 88035 97090 81775 95287
3402 24
6569 80815 57416 54901 15214 90243 1809 78020 57172 54098 37318 94685 9089 9102 60624 16785 83151 60887 13078 81585 61503 60837 74998 36602
5103 23
70740 38953 36511 79043 7750 92419 95654 75880 11478 97335 12921 33174 97410 46563 1978 27186 84510 81221 40000 17285 65567 70871 36159
620 24
58701 10314 84919 71425 73600 98843 70698 65459 85317 22535 79904 6098 31226 53239 76384 46803 44403 11924 46715 54586 87433 66627 58197 74238
4200 24
55595 22042 57038 27176 82538 51787 88931 47633 10343 98094 52362 59227 56125 85520 12188 87105 35426 85936 56335 55460 4587 11695 65621 67927
4853 25
35591 27035 95322 60851 8775 78688 490 83618 41696 4971 63195 4804 1248 43991 72688 34716 54511 74280 92193 97560 70527 16205 21894 14323 9759
5237 25
64522 29599 44047 4377 28393 88964 32587 68990 58593 96878 47232 58143 74315 5829 57768 53015 74237 55150 2185 74675 14272 60408 11192 83088 34484
240 26
59393 59437 79707 28497 10741 41586 67460 1252 23350 50244 35852 70801 56912 83998 9871 76602 638 20571 64591 47709 73055 24955 97647 15520 88839 96667
5091 25
33737 47560 29894 52810 72944 70873 60014 32154 98616 85067 28424 44038 61939 15545 52208 61080 96927 53327 18927 34363 35381 23186 9779 76221 82662
1062 25
59434 32662 62960 63309 11145 59323 49112 32209 3612 98073 83614 70981 73583 27175 53818 99249 94294 39260 79048 97142 4179 6365 30064 25962 5339
306 26
80406 59275 56110 43743 60757 29172 8835 32402 64217 23749 17985 22925 96355 34509 38112 32112 97605 18219 98096 70766 54695 55383 16720 67363 61212 65617
2338 25
55977 19604 30390 24820 97636 54605 29357 67231 76620 63533 53607 58718 65839 59108 35518 27942 5799 68341 7727 70480 37109 66813 85111 12346 63092
4224 24
86010 12610 17666 92632 39928 58954 28829 65012 4518 83528 55330 32014 66289 61397 98360 67256 16183 92226 14823 34576 98325 23079 21227 72455
5695 25
60919 85398 45422 77913 7134 84797 70683 37543 14353 78187 11296 92951 3379 55997 56255 27743 38483 11277 33313 24818 26280 90045 68052 59813 95886
2493 24
40941 48396 16156 95791 76864 11781 47828 72498 47105 20284 21267 65928 19891 48414 74658 1718 35681 47983 51360 8122 34155 65573 52563 29183
4147 25
26857 57853 87829 38271 11956 94343 70992 18573 82545 16227 87341 57773 90988 37447 39998 54677 6210 31535 88110 66483 98331 90726 70102 64541 4215
5154 25
44712 20711 56386 79955 35656 56808 58344 67495 33047 90748 86956 49465 96638 52562 46990 9916 93460 35395 95033 70521 80964 5418 12795 39341 40152
4767 24
55081 56338 62574 4958 49267 1912 36383 53232 64994 43102 56269 93344 83065 68023 17343 60737 78662 87131 11548 85387 2442 17238 64077 87265
1866 24
93820 1369 716 96486 90238 34272 27660 25989 16655 74242 42820 57118 6212 62183 12933 60470 42092 5370 79876 84062 31006 8418 27326 34524
4519 24
76382 26514 41487 54051 67540 8610 60554 35502 17210 27333 59233 94964 3069 79845 67166 13946 36990 75016 72864 21707 93266 13967 93641 35834
2025 25
36967 58888 74053 33611 37657 34380 93087 44166 10209 48614 85029 5888 11140 8005 94550 78188 7997 39228 822 56956 33639 62989 46359 99077 27396
763 25
21589 55134 37294 54800 40587 73940 61601 6875 24052 32325 79064 4106 33663 60635 89816 93347 40707 34320 90390 10611 21578 26537 36208 25642 53693
29 26
85117 37727 98873 44017 52016 13213 40213 12386 13093 45030 22825 82049 75461 1539 59554 58826 79269 37611 23274 22490 58993 44214 99907 3511 41146 85564
1558 23
51172 85898 32891 11228 13918 47030 33914 59649 14027 73642 42433 28126 9475 37486 84091 82776 97612 74455 40969 83032 78967 12498 1775
639 25
4524 84141 65976 64674 90306 55652 46816 8442 41757 443 10654 12371 89304 30558 75414 57447 70559 29294 99742 18533 34692 60469 28737 6492 32056
1009 25
12889 66768 74598 34353 5843 66236 87124 85051 39908 60625 29550 15582 45197 82032 71840 11920 24785 69298 75888 3072 81747 37750 4174 9710 17749
4482 25
95663 87741 16171 68214 86611 68491 88940 92475 44041 65505 55302 92467 41688 86211 83831 36629 33605 52216 68987 8720 39210 35906 17023 13728 14653
198 26
80515 18146 70929 27709 183 51859 25537 82693 88874 93871 59222 92747 9379 12559 91435 7206 32410 57657 77470 41294 47787 35094 91861 20163 89084 41887
2346 25
75240 10502 90299 98434 13293 13312 50009 45677 12622 28239 28128 19887 64599 3678 9360 4449 32483 99175 79747 17359 66168 15960 4418 95440 51174
4169 25
15732 46734 16954 28081 88866 58404 37301 61176 25767 23054 75188 64923 51784 13896 9725 64934 252 15818 80933 96443 99037 62207 60178 25618 21608
4827 25
3798 18244 26336 12565 33935 94246 90755 65813 40095 45008 71314 42094 94414 79831 59551 18787 43549 49656 48126 41300 28938 74024 78255 70658 59143
128 25
30638 6077 69045 62687 63838 32201 10354 9934 81268 64681 11533 19078 15367 85623 31665 98832 51110 29383 99541 59406 84957 52330 64455 50966 67319
3490 25
61267 35691 32509 3002 87612 48208 13432 3451 68750 17715 56793 18224 94049 71690 14964 15660 26687 39749 25718 17603 82305 41742 25493 30248 99048
1407 25
12692 81905 14696 74626 73751 42639 83983 19505 95381 43976 731 25430 84182 79230 39441 7238 36342 16043 23869 49466 81740 57922 15348 88974 72311
2161 25
34054 44821 86372 47939 42145 17428 859 1122 98466 84527 7354 80781 21770 18556 69405 84149 13760 55539 7118 64448 43848 88203 96572 27216 45245
412 25
42763 45273 14572 12798 20228 75117 78106 92503 71878 67098 75293 90666 13740 77006 46077 81152 64204 61495 55389 16714 69514 6557 79642 93491 82309
1887 24
34251 73166 51755 82087 40044 66871 77004 20825 4249 91186 24145 62164 30782 3558 68553 65689 42617 28795 40247 52513 29328 85770 54286 22743
3459 24
6427 48473 19973 94766 73629 19968 31564 34558 78729 19794 87267 68692 59439 20815 34743 81147 63257 36394 67044 67993 44748 80708 26561 71684
184 26
34995 92462 87417 51862 92835 51794 93713 9063 82917 13245 66328 45836 8056 97897 22822 95513 63953 81535 36251 58666 10018 88319 18513 83636 38315 81641
5643 25
25739 31839 24195 56947 29439 79485 17672 57050 24569 20586 74517 51709 91063 59569 30176 48583 32190 88921 40989 28619 93519 69429 15433 49396 61575
353 26
13520 65347 2282 9707 12522 59601 37310 42333 97157 40268 37838 43531 20092 75791 90806 54822 44424 69252 59684 72737 4659 23191 17004 5972 4075 67049
4532 25
20485 46308 64434 69233 41092 21058 81918 51238 75360 91299 48833 92005 84221 45087 88910 3583 50313 59344 60965 18881 72131 63839 30400 41986 76242
1716 25
31619 16242 36693 54844 86319 27558 89554 60466 11812 68368 48669 28604 47807 25522 92818 11126 94837 84403 34551 30604 48678 78830 95821 66266 37658
2329 25
29623 80884 62788 71769 49895 8522 19205 91995 39275 97495 2202 24840 25934 12700 84451 99315 92644 88026 15663 73941 88124 97138 76437 51438 39784
759 24
53714 72203 26982 77062 30965 45446 21204 818 68507 88387 62681 76098 1886 54572 71288 39859 88265 74714 63544 58195 76855 35214 79426 59631
1202 24
37422 87218 56690 41916 86750 48514 3460 87279 42817 78683 70594 59296 18514 68336 90578 62991 84567 37019 29198 10944 83053 83433 82845 13596
4917 25
95729 3026 84014 8211 15072 13907 4523 2942 88006 34021 36608 25703 28219 33632 83609 46663 40996 67633 9345 88081 38224 9267 95802 87243 66877
2275 24
54118 80862 72588 19398 82775 84134 59702 1807 12580 64354 58254 59882 40471 47420 9955 55990 16663 94342 6088 42442 47383 21153 4139 3133
3379 23
26589 33686 68135 28174 49216 18665 56432 65469 51662 18921 25212 67433 86142 76225 82540 84263 25659 20424 14893 93084 3389 68252 28025
4897 25
62758 67266 33842 66392 81936 16691 31314 49644 2051 48606 75459 65467 69326 2033 94110 82756 66022 28184 3573 26735 42172 97713 49870 32728 7546
552 26
87781 77521 343 91939 3309 77186 42953 46957 55923 95725 79938 49616 3392 70999 52300 39943 88485 71616 79082 55252 6430 60784 66245 22594 40874 32113
2797 25
70290 62427 60449 28640 51 9133 67900 56894 89086 31688 57874 66532 4655 61623 51507 84940 42867 71660 50279 71863 26126 96713 14561 38208 73207
4473 24
53788 73460 87916 5704 23759 79054 88567 64406 45548 76709 40072 91913 17748 39462 9806 77730 17158 11376 54046 31024 67216 68625 56620 10226
3547 24
51746 66846 72388 11525 33599 49894 52 12631 37864 48059 7414 37564 30606 89966 42400 66919 65258 64154 19856 28102 63118 80670 24063 63190
5393 23
65934 84067 84341 41617 56608 9715 51968 98674 31590 65420 39318 49191 34876 6765 74845 37695 27405 94556 25067 37534 18778 98962 71758
5307 25
79389 92330 89568 34214 66204 46903 78780 70111 35268 94224 80279 65887 41900 62762 4668 67971 72197 79924 67261 38395 88346 13880 71510 87838 75747
2995 22
20275 22813 91718 68708 24480 30709 28962 72900 87757 29643 31284 36081 92067 84611 92302 6549 12930 34467 33530 53967 36177 9173
1150 23
37313 91525 77992 61910 48977 64527 56831 81445 73195 98846 38023 92259 14784 78926 79198 74821 34240 21141 64358 25574 96461 2721 48851
741 26
83189 58290 63999 31304 846 46482 56615 41271 26805 65604 49729 33986 92836 93150 58430 76107 13220 66411 93930 77729 28579 53618 46709 41936 80278 84648
4485 25
61721 14864 98950 2550 2330 32369 94001 7160 91200 95852 52238 75039 51907 26182 89879 5797 20933 82427 37889 78950 16584 82898 11923 44150 76354
4640 24
33195 54133 68008 69512 88829 14453 28216 44994 18623 45172 13615 71773 56330 923 29707 307 54746 19624 58925 12695 94469 56197 91446 38236
1600 22
70492 33709 94768 57063 45022 9603 80093 30283 35193 89219 3082 26185 82441 91855 43379 14476 93577 76726 64442 67001 12961 4986
3127 25
96409 96974 62689 42164 38099 49089 41105 5620 88159 34961 94215 16557 32655 89998 16162 29122 7612 32022 47118 19885 80499 91945 58076 40962 2029
4818 24
86403 16393 71504 11062 69876 52287 15088 11916 82468 75391 44461 88611 98554 64641 38632 23824 40883 61451 45381 10574 13638 5958 40968 96425
4001 24
19833 96155 95407 72189 97290 82103 92613 1281 77483 12975 48215 32712 6109 24626 4588 23949 62815 4835 91054 9113 77696 40440 5887 2563
5565 25
27982 22222 77912 45827 64520 31342 81542 54848 16413 34515 75494 10414 68261 19105 76725 96381 67534 53783 74968 87743 27717 51565 49795 56040 93034
5649 25
15125 59199 97601 29185 73176 690 5489 27332 45084 35411 2978 34788 48971 31737 87966 30667 71339 79003 40586 8302 84951 74476 20654 61820 35909
3205 24
94688 37815 36596 60293 81848 51508 48872 61692 5579 6299 23952 31264 9544 85817 64983 24157 21826 29940 88434 98339 57821 62857 57129 68038
4419 24
33831 3517 96738 81650 80511 60955 68861 83264 22303 2498 80980 72391 22758 26646 22354 18235 28304 67175 86385 48556 64666 18816 24043 48149
1597 23
66949 25345 45052 56675 20458 81723 66148 3207 42412 5105 1691 10366 44184 24708 97367 74387 53195 96827 35771 82610 87861 75466 22030
2174 24
48277 36867 26295 32521 61326 25078 33525 21013 10725 37181 53830 78171 3136 56718 36549 12621 49537 43440 32971 93913 76795 98395 11759 37866
773 25
86121 47924 39345 35986 52454 42934 34461 25505 43325 44465 79979 44876 4486 82494 81574 69941 59302 2579 21565 40711 81877 19776 70549 9530 83396
5252 24
38628 3049 52260 16066 5702 18271 28531 99295 40649 53061 80024 38689 38029 30565 66903 37079 74289 9274 12840 76106 56310 42390 19336 15009
5732 23
66029 31371 92162 75278 96765 46449 7966 46961 9380 66088 77224 16722 45576 16026 82417 99235 19737 64251 47910 38855 58917 29902 96468
4969 25
14659 82123 59933 14099 17477 90134 32645 76508 18228 30511 87557 97217 31387 53151 93707 93779 847 64108 9029 23695 12444 46702 90327 46942 76540
4466 23
99959 59139 57333 70924 83067 24907 87620 87785 81423 85707 3257 26743 4573 28466 67769 63244 7091 82158 54305 20910 22157 78914 33005
5368 23
94219 84340 92926 10781 16197 29721 94483 29075 78262 71479 69865 43795 11423 61055 90470 73392 30255 29167 22286 18274 48074 36940 65091
81 25
81241 48948 93039 94750 95873 75458 15882 71811 13509 20800 12447 72440 48929 1903 46283 30106 1937 73377 38578 49184 77514 607 94216 96554 55609
4710 24
73290 35357 41722 28599 21768 98419 24126 78278 2822 27582 58132 74449 44630 15168 15120 82544 76249 22961 56758 25103 88487 51096 40207 41389
3532 25
37722 69437 87590 80698 85173 14643 33316 3277 94206 45315 45105 69729 55177 89952 20773 96939 36204 7419 62999 72193 48838 29624 72662 96040 78536
4232 25
4384 46656 25778 20971 823 81541 3690 72343 14885 31250 69665 80162 63556 72060 64919 37038 43935 40829 74405 43871 14308 67109 80697 83097 30312
3315 23
23106 20886 57399 24508 88820 98779 4323 20247 70694 57039 33581 20421 23771 41703 32733 31809 41962 35419 31492 49999 82745 62103 31562
913 24
69422 5940 85245 10565 57344 89959 92156 72844 87661 31289 76705 84406 8322 85447 18261 75844 28462 50000 31700 45372 99876 77507 1961 35496
1858 25
42586 93179 33435 14409 75094 8121 64074 85978 82120 56812 16982 73108 15756 70434 19805 91102 44870 63756 1841 8618 76623 46412 99953 31786 85877
4119 25
42706 52340 80003 85643 88156 98338 14520 63261 51258 46237 97926 39440 3075 7989 40178 29351 24546 53392 94372 12337 10930 7625 28964 65098 59074
386 26
22797 66376 32703 18857 76704 32903 98353 18605 25049 37178 39723 33780 44145 49558 11096 56837 4871 39423 48403 88281 68443 8325 96702 71578 92483 67784
1856 24
91312 90931 46763 33261 35841 81546 43187 91132 81528 13426 9326 64306 66867 1593 96961 52117 88615 56088 87190 32923 91919 93486 29362 30780
2342 24
58243 36955 97229 81755 28011 68265 42530 26402 64931 14592 84593 55765 19936 82059 73423 41463 51848 41534 30402 95277 17066 20625 44716 49457
2192 25
37875 43817 50104 9961 99919 90814 32661 55093 92917 68325 72982 22681 4344 84229 16173 23699 95936 52085 35198 81431 6697 12848 13561 67099 14234
523 26
81303 59413 59121 40584 5664 72218 42529 68842 69889 94305 64498 92637 1379 78499 28440 44474 37407 25008 68830 23976 59153 61881 78855 25421 13804 66585
3512 23
84625 97934 6307 68783 98969 43241 62934 74164 71349 7052 636 79120 85329 87362 81402 2459 80477 31886 95396 90448 94682 61035 25779
5668 23
96063 60706 26320 30347 66953 79740 15186 58334 67608 2523 59241 52322 85268 71154 42197 96604 19033 44197 28676 40355 55926 83446 63998
5085 24
44891 70351 45781 22278 53394 37082 33543 12061 81631 89726 9874 67639 18036 34316 68545 15243 24059 34151 21897 88682 95595 35711 16382 66941
5751 23
56065 56061 82092 47637 80710 32379 37735 77397 44573 46409 8433 65398 12879 20796 69239 21610 88195 15995 46945 92138 28218 63326 61561
3624 23
37884 21819 10833 52132 64889 35070 45533 27018 24120 48561 76006 68401 69653 76296 69634 35760 32603 30841 68630 22529 86129 65373 80905
3381 25
26070 65042 52488 48634 12125 78070 55373 67924 57950 31326 27970 88305 59676 74168 82851 44171 40392 32795 3841 16116 35155 67253 51465 72216 5835
647 25
57443 98990 34834 87207 15958 89690 39429 90003 36087 48706 5719 45866 29431 54645 53481 64978 29819 12414 65370 54923 32654 7263 54936 47519 56874
4020 24
39906 35261 80807 9784 26015 47914 18564 63545 14720 57585 33597 60746 73274 25857 95964 69558 38629 24001 32030 68224 12790 39842 79851 33287
479 25
50477 9853 70637 10828 72715 16709 66837 30794 19863 57598 34026 36554 15501 47141 2622 41078 7565 15519 35564 81837 22170 22299 4674 56509 15729
706 24
55804 54147 24459 29672 86409 14804 20158 43599 8998 76090 27292 98610 45196 56807 92713 57599 32441 47982 64136 86592 47773 83669 30539 74582
3277 24
15742 59727 30320 24895 60660 26933 47884 34814 7797 56732 21817 73144 70446 36461 60620 18741 77472 67000 78887 96945 8604 97460 17597 58136
1750 23
12985 85518 60591 5093 49684 89260 51428 2008 27955 68156 69092 79806 30355 13127 74059 12060 91095 33552 13123 22761 43191 36428 44782
5297 25
97525 39094 8871 98572 29723 14427 63566 57283 61286 91662 16732 6392 73758 88919 71992 1138 93759 16386 3775 7113 48417 985 13126 17021 64917
1910 24
60986 85528 6548 73070 62778 5879 35601 28653 4792 36531 65307 61593 13933 84908 63109 92006 13504 88382 66655 59089 85031 98921 31659 60392
22 26
18232 92826 27617 49232 64880 2001 25520 89122 29747 81722 91469 48702 81916 13653 73509 7636 10290 52095 85236 9981 22692 4553 99896 38092 5827 22036
699 25
70906 77580 71490 3857 60313 22582 51120 30188 61970 21441 41509 89808 93229 94322 83990 57887 50312 32914 77081 82206 85062 99995 9314 77222 87129
268 26
40298 69810 15196 56725 83265 13753 32916 4044 97765 18745 25325 83845 63731 76917 50798 13082 51871 84944 96745 5365 72305 48380 8287 9619 67792 16628
196 25
33992 4603 77057 99434 57201 19569 97264 33165 71976 62441 94879 27659 63477 47056 49471 68142 48924 79078 38032 446 75740 91019 50804 58152 94576
126 23
83805 17332 78860 30366 9892 36714 13810 57307 54510 42349 67317 26174 46518 40464 53868 13039 62389 22434 35138 8722 83283 15561 93098
2826 24
41911 75931 14841 34908 31865 10984 38102 95051 29511 74199 87779 59595 52969 56453 53985 59354 14362 27037 66755 78646 77536 88401 36167 96533
1852 24
77916 28945 63977 21505 48897 61052 74861 1657 72210 48000 32872 83422 67237 69636 38786 83750 78489 48992 25807 64067 85615 45312 54788 65892
2949 25
82050 15402 52515 35793 81858 48406 22304 90297 93627 54543 57242 50191 21975 92684 66420 23994 66360 74669 75375 90468 41481 62667 23058 24203 95069
1577 24
48938 91697 52517 16143 49348 32773 35468 34103 59198 32637 53499 43931 16624 87473 88386 31061 27339 36298 25047 92562 32522 86801 96992 5618
2079 24
37028 95917 60814 24819 71760 12754 31009 55952 35184 69213 53705 33123 99566 25729 54613 16468 59847 994 94034 54551 84442 31646 4939 71921
2950 23
22466 45462 29790 6102 14003 22424 45993 11489 46698 76813 68345 87538 88761 13387 23136 39548 35326 79620 46010 85193 69971 44022 9634
288 25
88033 27107 13362 8649 71665 9486 60871 67948 44992 77182 81121 11807 28008 35625 56399 56329 95436 27688 65114 25457 30543 2477 85864 67916 66196
5700 23
15448 95465 89375 53142 75609 86171 80219 3469 28211 66514 88157 71112 61149 74177 68676 69769 33962 55565 78693 22771 30934 80523 34260
5671 25
8357 2031 54005 67351 37987 77697 30493 6834 61976 75872 62832 16558 41370 98212 25387 42025 97067 43501 63295 19153 55325 38332 63618 91928 47596
977 24
32439 11513 57370 2845 11710 11127 27479 82773 63333 5070 50206 26958 10464 76979 2504 63146 52150 81258 18174 23423 5791 97265 45645 53338
863 24
49201 56084 61319 57036 62917 37020 31367 59146 91595 98533 67301 56813 35041 7190 4131 60169 15323 66059 58047 82964 10435 40417 30828 88304
4529 23
24838 83925 3891 1738 11019 63964 77111 62856 47926 63356 43145 22908 14701 57690 28946 6938 79686 87835 64063 85947 90199 95862 61467
391 26
51102 54555 57431 59247 83673 12191 87551 29347 41706 50228 69269 99950 62738 34185 3254 12727 55660 45313 4228 79942 95109 80557 92428 64559 37679 59800
5622 25
29056 44828 15893 12130 79786 50987 57446 56392 15735 98556 85804 73158 24520 28418 42030 89587 30940 43728 87574 17545 99063 40250 88126 6755 7718
4158 24
49646 40331 92303 99645 51078 83183 64856 2589 41806 40864 66678 107 31683 50464 93439 20084 66192 65873 59956 95103 48129 57885 7074 37557
867 22
8533 56884 20912 59332 14351 7647 65520 75771 59134 45279 1319 20058 99452 10140 74884 73584 93863 12222 96491 72293 48231 35312
5716 25
83421 25858 14245 83126 92782 10526 75103 25146 38469 60072 59637 58637 90955 38922 50976 83471 49898 46014 6478 31868 77096 70139 7212 70209 82900
503 25
92040 38572 50404 16703 40961 35362 37902 58646 9503 43538 10480 90576 9533 91828 42272 65015 44294 12701 72001 33924 66527 70262 68901 44482 84367
4433 22
55979 2521 73134 2731 56800 12931 79963 67650 51920 23047 72307 166 23627 26259 79496 59124 44134 22250 24011 51891 97032 35489
815 25
38606 67214 49023 79689 60219 49781 70555 99889 71238 11598 15650 70375 60799 13853 79452 13376 15429 62632 33115 29781 36244 72808 64646 37677 16831
1542 25
89844 51659 49939 2080 74974 12693 22116 30021 15415 70119 59178 14279 73547 4622 80869 63989 69846 55664 467 88706 24659 92766 23445 13608 4855
4508 23
69551 13330 17913 74661 71843 69492 842 69280 11120 68291 63968 17609 59561 23682 10721 41088 63980 10615 73949 55596 82669 54654 5065
3818 22
5067 349 7472 57758 60075 34532 98326 28588 64878 48465 9912 19579 13988 61454 76190 96816 84135 94053 13411 33920 13726 36758
98 25
78992 92952 36423 65302 1212 90665 41878 9527 57908 56510 55492 90702 49665 33377 4594 31778 97719 79759 25397 44724 94390 45078 54349 29562 67006
3658 25
57259 40017 10495 51614 57156 57492 65110 10553 67014 58101 476 17393 17705 94720 60573 38932 44224 23114 6626 70256 73370 85499 92555 37032 47076
1832 24
60316 72554 4030 79105 60581 24471 56053 66167 40498 49222 17010 54199 47024 35049 49125 7515 37783 83545 94144 11031 62007 89212 50960 58477
4287 20
219 78477 85680 50026 81845 8727 79161 52700 74273 80774 49810 62884 96112 89576 24458 72801 88541 52650 16905 2831
468 22
55054 38377 49487 85177 63842 96680 90528 77198 69597 274 28232 11348 34801 18005 12740 39138 92948 33983 93965 38218 49103 52091
3013 22
88572 53437 20305 30071 29052 20923 25175 70908 72966 39807 40046 98862 84670 82477 56694 63034 5270 46248 28159 72244 885 27114
5105 24
5623 81822 90103 99864 42071 73483 16189 70401 78994 78418 12669 81357 10743 5150 92777 41879 85410 99825 27534 38568 74772 95438 98957 51771
678 25
11109 3476 75561 22946 18482 60509 36911 53335 52511 1275 25679 42937 50008 62477 55291 87138 79976 82711 20409 12878 23492 31010 37312 92120 16105
1956 23
95151 68939 92962 44121 11672 31112 64789 88961 41866 83551 19643 51471 92298 44476 7441 87494 49434 41440 82319 2320 12299 8778 21870
1812 25
90353 79411 80745 84730 4717 5283 50035 34275 10174 9313 12983 92568 6913 19985 65275 83412 69834 3582 22281 1650 60191 84674 10319 70967 20453
266 24
11469 73910 95908 9511 55375 16741 62660 20071 11305 65563 64262 28266 71944 57515 30044 71574 53865 48524 85422 27007 76747 59801 36762 88039
4181 24
32678 55516 67680 63325 66066 15938 30507 66285 52398 57782 48327 30603 20997 72518 77315 50406 4161 18947 32468 13425 19508 50566 66128 48482
5404 24
46661 18702 63573 49382 10243 54252 42365 53765 74447 38857 41486 448 64433 61744 65727 21308 85611 23841 61633 68034 38056 44479 57478 39864
2621 25
13221 22338 75997 31408 97999 84956 74584 47343 93990 74174 24828 10766 84312 18578 91905 50133 99558 42661 69049 95527 10256 80352 26729 86505 28193
1911 24
31083 94821 4333 48622 5278 16924 83626 28862 55813 83159 51732 98307 137 2435 21177 30687 94122 45277 44598 28301 53639 75303 44514 61162
665 26
67310 74241 41091 88535 22964 23679 52270 33951 71525 67657 21919 21643 1729 91478 90456 5360 56861 38588 51544 15095 84764 97523 4125 66831 23290 78
693 25
27771 31400 86366 67848 27721 9268 99353 75372 8803 9317 99677 86020 95690 96044 9982 99951 13829 63851 59027 55788 13463 28600 43198 89802 47447
324 23
73277 30170 94100 18346 17314 68565 86752 89115 43784 18430 94085 85141 59606 28067 71861 78998 16531 7866 13891 82350 1486 65455 24176
1037 21
5172 2515 18124 20252 7460 49427 17502 14348 96185 34239 6391 93786 57905 22328 32518 2239 4687 81227 26854 13050 42868
5247 24
47016 9739 39584 42436 9048 30690 49556 13825 17529 1038 37146 16123 54167 24553 75194 22695 48122 40292 21292 61002 62534 88637 95094 41603
4674 24
91585 11638 12375 62821 7786 5044 87390 51741 45042 70811 83597 69147 24581 9898 75069 40806 81545 23693 81151 8217 54328 2970 12439 60795
4229 22
83671 55489 83598 15757 16825 25053 95670 50697 57530 87567 46915 24350 97827 24041 95095 13408 47895 89913 1479 18334 56264 19429
732 25
24156 85063 45260 66881 6780 98062 37328 85874 92180 71945 65067 76410 37381 57757 58045 26208 40637 94889 22372 7115 4957 31792 28896 2863 3770
3857 23
78565 74820 13026 61322 96295 10339 45399 87846 61712 26040 59568 16943 94428 49136 66199 28538 53567 24373 421 34615 85606 69475 704
295 24
52089 39268 39211 29105 85145 78977 86011 96420 56949 943 21101 93426 30065 72682 90977 31803 51717 50240 70289 12141 22073 8638 74656 42697
2280 23
75171 60066 58488 81844 34498 28183 79338 14026 2286 90121 13982 43770 18868 73065 73128 50203 43483 63784 3504 36886 13335 32225 49554
5266 24
16339 59173 16151 58758 64804 31186 83717 21113 16764 68421 23764 1980 38122 46922 70712 36924 99626 6591 62913 7480 98168 63608 69994 10227
4274 22
21287 59131 2669 41427 63131 84733 26599 99929 33805 64570 73337 65300 71265 81946 74014 91608 69075 76613 17064 22772 92888 48655
2156 24
24776 25691 42477 94176 11538 61536 40315 26641 76603 24404 73559 94970 9007 54920 8266 18699 2585 18738 98049 84016 79685 14578 82405 7686
1251 21
43184 52914 22556 49304 92237 25384 34457 79790 2713 2675 55013 56543 41525 50292 48842 13264 84668 26422 61195 79568 22795
2966 22
13257 34180 11858 74782 21564 97846 83683 22991 30066 58698 16320 53479 49692 14997 12612 63864 57179 14809 48551 60295 97007 26746
5489 24
35559 54149 23558 4833 36637 62182 31970 28280 91833 93962 57087 16115 3510 54743 69598 9965 25671 36751 4769 11282 90315 28547 20397 42564
2847 24
95877 20441 39140 38190 18200 69210 31038 35533 23840 64229 1185 56682 10083 82820 56347 58478 35361 23750 51324 32909 75154 32428 36654 78776
3405 23
47228 33037 44699 7326 94563 61218 59592 66305 72061 757 41707 41642 4381 65376 16348 75658 49791 5824 31391 23881 89682 31968 16631
1343 24
58198 38170 12271 3843 30004 93807 58249 77936 56469 77691 60944 57945 89542 82160 19918 25950 76963 70319 11982 62096 685 28205 7839 68381
2691 21
78110 72887 9040 40600 30415 355 4767 94278 16062 92863 63722 2912 12288 90958 77300 92117 34889 4438 55920 95532 84964
67 23
3888 25681 12434 15571 53594 3365 8209 39031 27894 6610 44409 1947 87853 62055 52080 96321 29342 2703 32435 32707 49512 39340 2929
4255 23
669 9043 11233 72911 44585 97132 98557 88128 90467 41126 15622 62258 6708 94512 87760 17498 45721 32667 43822 84524 73465 38196 12872
4371 24
72939 69324 51106 88975 3716 28797 5522 81563 33721 18280 79708 51491 80898 5819 63877 13856 178 91212 87109 19821 5952 82345 21837 39542
4936 22
19390 36544 3332 94544 21276 66234 20430 32344 97354 48983 41795 430 27978 58111 769 49250 5325 79376 2145 21561 63585 3068
4152 25
74683 33592 62059 98252 88790 89200 40326 77017 13002 41304 87005 79826 8065 21579 72863 27196 55570 58739 88143 89910 59117 93555 47774 36400 33152
235 25
87615 5191 75244 14971 49251 66273 68178 56600 31225 17667 75882 48937 59038 88687 28031 81977 48292 9082 41469 12923 35832 14175 42116 59708 2825
550 22
13079 32143 20398 43828 94195 91814 91486 87236 22310 2064 42742 18568 62944 31527 16595 62910 9061 37909 43246 72886 44116 35958
5775 25
40815 6679 55714 7902 93461 76492 49769 57008 62451 22234 46920 64825 63663 90462 94523 55243 94801 87627 60298 17260 4415 90762 89488 94205 8471
734 25
65709 71417 86373 59426 62345 3199 89364 63978 45386 97486 17760 84147 46089 67296 79762 54127 28712 43364 38348 37714 29085 45261 64423 57267 64126
4644 25
87087 92234 58085 80371 97457 14050 91774 13120 61205 97353 79628 37264 79102 64553 27489 76497 39766 64788 66607 25518 53097 67932 34198 62356 12407
4031 25
62339 13720 95237 78088 57923 41491 77999 33042 80791 78920 71022 64241 28053 12591 26757 68728 26510 25712 49620 5617 2916 34472 58402 6076 48713
1001 24
56970 86541 20480 22208 6926 71492 58672 17524 67087 46896 24333 10301 16394 60912 6776 36916 69968 33107 11379 31338 95894 37094 95397 3054
3393 25
9866 75362 57717 14640 7085 22519 1570 64899 30580 2923 92689 4630 67170 7588 56087 18380 5420 60936 67711 86557 59894 35506 12070 16070 52816
3305 24
67557 98088 96796 14052 75173 7457 83119 86022 5723 7294 78005 7655 55528 21495 34145 70137 28610 74769 57106 58415 8898 98571 13289 93391
3718 24
5944 82014 64667 36973 15443 18363 16708 41543 18687 34697 96202 64688 42826 75347 15306 83824 83829 18611 78244 45759 38870 57592 90270 69149
3345 23
58542 90414 30724 21427 21611 53424 94234 55245 29116 38472 87621 66173 77770 15211 8184 75335 8813 3138 29777 85224 70759 92698 82466
425 25
90887 42645 59308 54262 45164 57637 27242 2272 37627 97787 24161 83007 17484 78158 39207 7709 98347 34965 52556 33970 97543 12490 32574 20248 51445
3924 24
94973 8226 6493 13650 8276 79486 92177 9238 76879 10057 22515 51571 48694 69684 92612 81233 94900 60013 10245 26725 62360 95268 99693 84408
1158 24
19348 53923 41393 69258 94166 32480 69977 51052 11794 65323 32125 71808 10916 51690 52917 64231 99634 60658 55040 13875 9233 22847 70444 46714
3660 22
31584 73250 75756 86706 35901 74131 36516 94666 3237 26200 32104 47150 11394 89119 74060 71668 60880 18576 74378 34688 84679 62813
3813 23
45040 71868 25842 84768 94227 20086 56340 2661 23112 50673 28726 23723 64310 5259 61920 15176 21858 58126 9720 30231 63211 75752 71858
2220 22
48725 81864 11404 26711 6738 63238 27730 8989 12262 52485 93359 8117 62489 59280 77334 43918 15949 11528 2368 47827 14267 10513
1426 23
12149 10788 6895 77848 56566 83402 74266 30252 11604 97500 93059 83205 7672 50136 21765 32766 72020 68843 4312 90998 99110 80800 63863
557 24
30683 21187 87673 77587 95364 54821 23968 94515 19957 26143 48351 81163 61647 91630 25511 16855 93659 49307 5876 71523 11954 90584 41754 90948
5260 25
18971 70163 72265 81178 86876 44732 37570 80897 5547 36072 35549 97739 36248 96292 80911 45414 13401 75273 25280 37977 19121 24570 74980 47143 59211
4270 25
86788 87493 89824 73210 16572 42328 89861 80678 63491 18796 86661 28515 62713 50701 17160 90325 27928 90385 69419 93609 30328 67142 16257 12506 15342
4927 22
29138 39267 83347 39302 76338 60299 64335 71491 27698 8494 86421 77564 66741 20618 88274 37113 82887 27324 5267 67721 8235 76926
5539 24
69400 5792 99719 49474 81564 54527 55329 16214 56342 4698 14513 73145 8171 60269 31461 84279 99493 92976 89063 50453 49785 5301 13291 43899
4966 25
19941 62437 27580 91155 16168 6627 84541 60257 50881 99814 20698 41000 11831 10378 12918 37740 37962 81572 36388 10600 30237 49313 11593 32016 23125
1187 22
2998 16771 22674 88137 30896 50687 41514 62555 84488 63746 18040 48714 52345 18692 14262 70541 59918 73599 68744 66613 76198 5696
4026 25
24706 79165 6849 96643 81534 14601 78059 37121 11825 70032 71358 91407 4202 90824 25428 34334 17455 91944 15986 44228 60065 70690 1482 69124 720
4541 21
95709 72601 35415 54073 47357 12785 45500 23975 39623 51488 64300 37705 33862 71204 8904 97961 15146 69465 71603 52765 84206
4667 24
87260 45473 45054 43309 98892 3403 30577 16327 48942 33474 54333 19750 1352 58403 79229 34403 62929 45163 69314 18403 86534 94896 64716 45815
2453 25
52494 3557 20033 3652 74648 67387 85652 5709 77703 28830 1598 40819 72586 63674 46440 33169 2225 58714 38380 67804 16160 24233 68181 38015 25179
1640 23
8763 9042 54622 80273 90901 54974 32355 77048 34700 6236 85822 55744 5605 26520 40818 28041 58056 7933 15386 72249 34811 3752 96230
5632 24
32477 43949 58313 60387 8213 46221 73461 7674 3457 20328 68417 15310 43684 32883 45733 51027 30727 35542 26548 55573 37521 26940 39146 48619
1468 23
27389 69893 28622 33332 17720 92418 19428 36814 62717 30722 65092 51857 29765 54991 22687 25846 99328 39457 90082 95461 5470 3804 50083
5126 21
74373 92424 14768 13843 96336 11472 32364 85773 74538 37319 30247 71378 16693 60969 93267 26430 67398 24978 48340 10247 11869
2633 23
84890 55592 83739 51969 95052 1697 69654 30605 60090 95035 39217 91888 78471 82129 77977 81426 79481 9038 81868 85755 60598 23187 44850
448 21
28863 35370 16086 39064 17444 16681 85645 43332 63723 49212 22451 10642 42747 91055 99629 21419 28152 25064 99458 75818 42787
3579 20
49276 81398 82769 78006 14812 70969 90744 99774 93789 84003 9841 71632 32401 83973 62883 2789 74162 3955 94026 46395
1532 24
94148 85455 12578 68424 92946 21185 19465 32342 21712 56452 39628 40051 44582 14447 19047 51585 51682 56475 265 54263 70709 276 38989 51240
252 23
75785 32516 55982 70356 11201 85320 1838 3835 69146 4714 18153 36692 52602 31150 79533 93584 21119 79031 37848 84052 76538 65148 90617
1994 24
45400 40934 99451 19019 39050 50156 88658 35543 76025 24492 48739 99755 41749 96513 17794 81214 16484 62796 43170 19343 20978 39886 46157 95615
3207 22
30484 16445 90601 62133 17836 44830 85513 94948 95686 80592 95502 71079 90660 19394 1181 65625 9489 98864 62709 64425 64795 93452
3958 24
61748 29983 95162 18538 86350 12047 77344 43582 64367 71276 30806 98716 40817 57327 62732 95549 5899 12321 2580 74899 76595 17570 18194 63587
2623 22
14196 2969 62521 45916 46701 28315 97930 3353 6354 39321 901 93604 36294 98059 43437 53093 81786 31153 42431 64382 4568 45933
5685 22
89893 46587 77978 61728 68357 3588 65499 79015 13379 69799 45740 70280 21131 96238 86125 19448 92756 62592 60043 7093 35396 13823
565 25
68826 79900 54034 82988 39521 73650 71434 55161 95317 33323 751 21896 33848 8697 76924 87959 6426 41313 58914 66007 35798 90496 74760 52944 95974
510 26
41479 43057 86357 82969 54265 11599 42674 37535 29444 23819 42565 38875 45199 42680 72580 71050 83480 68206 21258 73587 68693 5133 9983 93354 96223 21931
1779 22
2043 72303 88087 14686 98678 21728 32674 73507 71084 72374 25201 22649 59775 42352 73192 82337 52048 95143 67117 2953 59356 65252
5320 25
73768 20497 24673 45555 46566 40749 82201 14661 36032 43658 60974 94552 8921 96390 19272 19190 44448 62223 55027 15542 35365 99703 67115 1340 43695
3123 25
24107 34665 22880 94333 34463 70101 9818 19430 95477 14207 46981 13366 97343 58130 12561 75079 67957 65637 60310 32874 69586 33662 57184 65549 98271
3323 23
94094 89261 92543 28490 90041 47613 33139 30787 84503 67195 31766 77707 43633 28185 3874 11083 92094 46006 39695 94596 64263 64489 98436
5060 22
40139 56261 35246 45321 17123 90730 9090 5988 81804 4271 26750 65063 1864 11073 36305 85863 29197 34555 80750 10271 11258 16757
2320 24
77 1017 66656 25640 88688 75736 92918 76977 28615 6219 91770 28918 34829 90358 55082 92350 73289 40216 45919 20313 78593 6954 62237 54370
2088 24
47053 64968 55344 96254 35364 19665 93252 339 99606 95740 64277 21621 93021 68404 61243 47896 24577 10577 50235 77237 5968 76166 92114 44775
218 26
99668 80957 42196 53715 69447 70893 60653 40907 27757 91169 56760 51952 67514 3731 50403 52676 11452 58381 46151 7932 79905 25432 20806 90401 87642 1835
273 24
43746 33553 93843 74104 32063 76082 67406 49153 12017 42793 16615 73825 81644 42133 88257 24894 42131 6825 57074 16603 64043 53413 39190 90888
5023 25
30129 90689 97248 30917 22386 58455 45360 31093 59118 38805 57584 54409 78917 69313 12846 25491 78670 26812 65153 60841 76517 96870 83268 90892 6464
5515 22
74566 47481 87110 62018 75884 18295 80152 8768 16003 54032 29630 60216 20742 61118 33577 25760 4099 73510 44411 87532 12114 44144
4493 22
79387 1780 66448 39914 72433 37563 67183 13467 48457 87266 57454 44102 93991 58777 92278 72628 61165 30730 15404 56747 98055 60982
351 26
58913 13254 87982 82590 29913 25848 71074 8093 75661 20591 6251 77765 87392 44397 59807 4732 31928 93079 2193 21383 12788 67258 69690 34024 1439 79453
964 23
17894 42194 49433 18044 59806 68073 46630 76636 22531 56978 94520 23266 75537 66099 47072 53984 6716 84915 60395 22128 23801 10184 81735
3061 21
82088 55301 7207 61675 17703 19522 84772 35614 88740 35295 96863 28247 91626 37923 90093 23725 1053 76224 56026 46038 13341
5125 23
8124 8856 73130 39955 85287 69058 15193 60729 72248 79336 77400 59495 94621 11133 1936 22291 67615 87626 55145 88636 59805 51088 57082
497 24
14976 76417 17421 16453 80918 83586 35072 93274 22668 24602 1013 6089 34262 43942 54445 79403 87742 29322 95086 16176 62572 96247 5132 8937
1681 23
66423 48320 93625 24650 57023 3821 52476 42924 61798 49802 63215 39095 97135 85681 5815 29335 70281 82318 18186 13495 43868 45045 89187
3242 23
24719 795 83289 54938 91501 79760 76669 40564 21508 78096 7282 2241 61211 33274 81743 37298 30951 48560 36808 55688 28768 73229 2357
1139 21
56306 52232 8678 46956 73223 42541 6000 34336 98047 55634 75916 56548 41632 74025 10039 83693 80888 52320 56256 6520 88115
4552 25
81589 75394 84860 4785 11859 84102 84041 84284 76944 2650 88299 33573 89604 16567 20146 53056 78115 67274 47661 13837 37234 75792 80705 97097 5208
4696 23
5739 5858 22197 16263 59974 38385 81662 90676 84036 6736 79432 35183 61902 83372 46636 79409 754 31966 22981 95599 75221 14341 2806
355 24
97384 78224 49881 2341 21114 81220 58809 83905 40081 17595 62998 97355 24881 4509 1472 94709 73414 7274 67449 21808 15419 22852 36136 19168
2864 21
47328 68201 31656 67712 38068 89024 35961 74221 14647 75476 91231 85087 74492 97520 8523 45226 31364 52935 88518 57388 31532
3838 24
99878 44623 52348 1196 87973 76316 69829 90658 47147 97723 29073 98904 92074 699 36257 60363 14493 37088 91068 65999 24002 8490 90237 48475
1509 22
3876 54536 37062 9470 63636 99602 14525 94740 55965 89693 2309 84788 3561 92683 80732 87971 90953 64577 75141 68212 25534 77093
4799 24
21247 22788 53867 31194 60335 29155 31245 68506 7751 52979 68646 60931 17308 26271 60194 18155 20016 46117 1146 48295 84385 92190 71851 47936
4547 22
65639 82314 99033 84747 59865 81218 60702 317 98817 17600 11629 11333 42069 78029 82021 24149 39540 3253 44707 41861 99767 58351
2372 22
47641 21150 80556 4469 12719 69416 60805 68462 36804 90445 62705 98525 38580 168 90171 57066 60879 28884 67133 48805 52292 20050
2091 23
73826 87067 58355 53447 73247 32912 86307 74349 38997 75390 86388 74931 68306 34864 90614 54840 69924 83963 6911 49776 62314 717 87908
63 24
65028 66442 20009 48846 67130 99321 94648 97447 24897 94548 783 44669 52486 98827 24709 55844 28479 29743 82197 56373 97245 142 11696 82401
762 23
30881 2522 80982 73101 67227 32724 33044 13493 86842 44714 5435 74108 7268 6596 47069 13558 83922 54019 35952 85112 57089 99899 39785
1913 23
2075 11708 54877 92725 84643 58444 57696 27400 63664 75338 6711 56140 79267 27369 46375 59772 91952 99998 13333 47566 66507 93974 71148
217 25
86536 86972 21675 89257 98845 69806 77838 66580 67538 4267 16165 66270 94273 135 86633 74866 24547 18074 14692 30650 25006 80859 87304 77008 79083
4502 24
43282 44467 23668 91749 99732 45406 38561 39694 29833 70641 90870 62316 72021 78924 74119 2280 55014 84628 34284 85885 92001 61306 55958 75644
3328 24
41650 70666 45241 51885 93301 5571 88854 37064 77180 17907 26215 92122 37009 77287 15465 41156 78143 69818 78437 98439 30356 63945 77544 6760
5734 23
42611 82995 20135 37886 85893 86540 86299 28279 86555 15020 49430 39244 6260 3965 80264 68595 65378 9897 31295 8006 40327 57838 12413
