17
88 188
97620 11488 92568 9193 99984 80027 10568 49194 55120 65085 9984 32493 56198 72659 84730 75625 6520 9699 64037 44216 84320 43659 35695 7139 32325 35877 76618 68377 31077 57835 35797 31192 71599 58930 76357 65992 95037 94423 42292 92859 67805 18794 41067 26463 40866 59881 32539 34792 5469 84495 37813 73153 15309 49224 32772 70155 50069 33276 43594 34748 29427 19115 41426 40184 98060 81260 68618 40313 87053 7557 91353 27870 68008 30973 54771 11970 81179 53710 65436 56475 90481 26865 52093 87080 92405 52067 20357 15874 62778 32025 36358 4087 8806 65268 27064 49314 51369 88496 32314 9624 77978 81160 19530 92067 11965 26629 46035 36964 35114 89445 80288 131 16946 21535 88591 24886 84605 614 68902 88919 8595 17949 61917 91126 35171 35987 68256 34810 49735 48658 85639 8487 25532 46222 62624 9378 26435 14107 63562 35914 40677 25211 72401 38503 33029 58538 76184 75377 95251 91722 76738 52354 21234 30691 8156 77914 98663 53735 96805 47132 87900 22584 79984 45591 41186 52375 88849 65689 94153 35408 68769 36003 277 28489 50141 18152 9803 99922 27786 16017 31497 1812 35132 97607 87943 86955 6061 85490
5156 128
42878 56394 32538 77982 27238 75661 25014 24205 16093 58325 36730 58410 11763 86326 93526 8989 31939 53031 6829 15236 22730 37648 17587 41300 21855 45322 21610 38539 37405 22070 7995 27439 47732 65146 41809 61786 94956 88156 39854 13154 19759 39268 7035 93681 68286 32699 29653 34361 42577 9794 28468 82669 98613 43146 4566 32841 31648 50132 91910 13237 20487 41329 31550 3954 65030 43961 75582 99956 10480 18389 1283 27010 27363 34045 31229 82034 38285 56240 95330 45113 97616 38304 32846 60382 91811 25443 26395 37043 49843 87725 5916 48907 74365 18406 54492 41226 61323 53317 58119 37668 48715 26610 5727 84923 74706 20718 47250 26833 99758 8737 75466 57958 25337 34558 13804 2551 65678 38457 96107 68729 33316 11814 5799 30736 67965 77315 17065 97654
5120 87
25360 31305 37974 93016 92157 98020 95172 38077 63294 71598 71784 33257 46980 15913 82132 30002 76740 64127 1085 94477 58399 44925 76803 46649 14735 92862 23811 24315 15768 85607 24567 48410 99026 72442 29037 21884 27367 94481 83916 17510 64224 78896 28746 28558 32655 52347 4863 43265 97698 90748 94841 38731 87107 34230 16272 31126 22899 85239 20181 56124 37951 79287 33002 85960 46024 63606 86649 86301 9322 99198 10231 83155 2194 61531 63331 45849 77878 48644 61981 16970 79456 44877 4962 13161 35189 83852 12725
3141 67
16091 49205 76667 89658 88082 18434 79947 73213 81434 12344 37899 30287 7418 95116 56332 12902 54971 24856 17428 14897 7293 34971 71693 67952 70412 77622 91908 72707 16461 564 84895 88253 63068 71912 4936 85721 74094 80893 59030 78715 15855 35991 65738 75504 77676 97029 73127 87327 44390 97479 6293 96695 82340 74563 46661 30026 36024 72420 69999 79656 63191 99849 53903 87610 50003 98019 30582
1693 53
3116 37479 69055 96162 51832 88507 427 51256 93193 59742 40859 53171 10159 51037 90960 70374 65720 44675 551 37461 2440 85888 77876 85951 26954 63235 33655 66239 19362 62938 52886 99995 90344 74219 54384 35 326 13520 11389 14530 40480 75163 55967 76213 38850 55622 92479 84236 93447 5021 91563 60100 43135
3579 30
45795 34506 5973 15335 35728 97399 8287 90584 2173 25914 76786 63600 62579 95389 20823 55395 16695 64684 81733 68683 22169 98890 87358 55057 47611 37081 60804 78502 16343 42438
646 24
89346 4819 61837 86827 95105 41831 52942 63909 22506 97405 28577 86698 13292 95681 20062 36747 28923 45502 35805 93166 39415 39666 69724 49901
2709 15
6343 91051 58783 71568 71480 36942 75036 85666 67334 23219 55192 12643 24243 69386 57771
1372 8
81968 87147 93827 61121 95327 63096 31877 34734
4193 5
54186 50337 61940 7591 23150
828 8
66806 92888 29973 13305 41441 19661 95766 24277
359 5
23319 5004 29328 62647 40877
1515 1
89685
1665 1
72557
2600 2
55574 35137
334 2
81272 65043
257 1
60843
