22
6180 115
66056 97454 94702 56719 77997 31877 21343 84228 2468 95699 66225 80274 96690 17012 78882 56651 4463 57775 58094 98175 5998 67339 3837 25942 65173 82978 30870 65204 26448 37666 15559 40259 1561 84854 84822 17367 23472 8266 67250 80766 11982 75105 21729 53320 26895 97568 13473 2134 76337 90551 90153 21865 36040 84128 85138 9801 97035 92886 60229 283 37880 91987 88310 64033 81080 58504 64481 10267 7726 11095 29278 47230 86975 91949 67628 80779 25900 65687 39898 54954 70562 82949 75263 40071 52046 67043 36145 6644 85822 63381 6315 82683 29955 8589 79712 15013 52713 13680 3054 19655 49910 24322 42106 69663 20492 38068 72403 30191 34391 53929 67377 12881 11376 60472 3520
50 92
31025 42445 72877 96797 8127 21273 36342 28418 72155 31119 22964 51926 54256 88308 24916 95229 60632 8690 44787 73930 11283 68979 57605 70110 84748 88493 17181 52497 75899 92029 84374 17436 79244 67138 71499 82259 33617 50663 96158 17469 26858 67034 72199 82107 89637 26122 9186 76100 74171 1150 26240 70372 44117 83152 18016 60355 7332 97673 22984 40864 90583 13673 67658 560 8424 40800 74620 79195 98061 26911 7970 58797 97316 76968 71367 88352 90678 41576 85543 26734 68007 64463 53880 69355 53355 29779 44713 35281 15352 97929 86504 91117
2990 63
78504 7240 80519 9994 15165 39754 65999 30098 22067 42109 33719 47697 97691 61572 50887 3865 53739 61117 69747 86156 33353 76535 24195 30271 34179 44069 19865 98844 91455 46560 31049 97220 82880 24413 56899 18232 78373 87824 67251 37412 8312 63984 32877 94158 45407 33280 43118 83734 73493 58619 48465 19382 59863 54075 8370 1009 99579 84833 402 69178 36529 5165 19707
4722 50
41809 56121 71055 35234 36604 43850 56930 44228 83526 4106 47208 13219 31337 40982 33269 4860 96538 76921 24187 1291 67806 56174 78566 53430 74286 95858 61933 83765 29417 57888 12071 95937 10338 13037 50327 12465 85337 14299 46172 56270 25466 19735 62747 87119 33268 45349 30641 98606 44883 8061
5018 48
83124 71183 76970 3948 58690 65134 78306 99031 76352 27516 40439 29801 44036 38171 34047 2679 10045 2245 77228 13049 532 13047 11239 26290 47894 59181 63048 13781 65020 81131 68119 42503 353 29055 20981 41829 30547 93676 41457 95632 36850 7494 90500 19027 33643 44596 3477 87262
1621 32
76213 9546 79612 53250 64861 91109 6697 13090 76926 13434 85047 83502 60711 82154 52089 20036 51866 45456 38970 69465 2081 81266 80343 90324 85739 80589 21450 69326 17038 28554 63875 59523
460 30
60896 5152 55170 86528 7048 4522 34266 4652 68684 58580 12405 61989 63311 77620 56194 44477 32627 94911 63883 74230 47977 22585 13525 89382 97790 77435 88593 81439 40772 62190
5043 21
8430 39067 47662 99218 9752 59308 45588 4382 49603 15356 73199 11312 70509 10374 51736 63595 11981 68599 93275 35014 48552
5425 19
17842 95258 49313 51168 6291 38075 77588 45656 16851 88537 39050 72459 18227 7615 80860 64210 4436 99113 64618
4693 14
21282 30363 40475 35216 38934 15497 71944 44092 520 44986 42248 96470 87956 65713
1577 7
85037 360 26640 45235 99521 47785 13260
6026 5
44557 30356 93643 65615 52957
4271 5
1826 27943 47669 25107 67346
3426 1
39911
7333 2
78418 54209
1746 5
77399 37827 23684 66325 75391
920 6
71155 460 50794 14719 15770 13421
480 2
49949 24345
2277 2
61469 20444
7689 1
9060
671 2
96140 37361
7113 1
4586
