104
6044 16
40470 2319 86636 82365 71611 35905 32379 40364 51775 95051 65705 6094 65617 598 34755 62369
4676 15
82402 47287 40433 18409 3806 54793 82200 75241 22443 49214 86833 53463 79320 69270 87486
1362 15
17634 24208 17496 63374 4455 36520 98382 81944 50043 59313 988 49329 83832 72684 31423
428 17
21383 5806 8523 18009 41529 78027 23946 7900 67551 82130 31029 46358 63694 73292 71123 51273 85322
1971 13
86258 34762 5328 43520 47264 22594 93020 60713 97689 49569 11789 37486 60840
4309 11
87863 34626 63005 77141 85683 80356 71594 36957 90345 9552 71169
5971 9
19915 23211 38656 96744 42800 72481 17516 7734 80605
375 10
43835 9522 7909 68543 68155 78839 83536 22871 58271 75279
1560 13
63855 60750 22464 92337 84697 54357 49044 59852 43494 3785 1250 87210 60406
973 12
43042 57430 29277 51175 3221 38637 45433 50602 55474 5544 75649 29150
3191 12
60904 56975 2731 16409 32001 23032 36676 75651 83495 83709 62063 15413
904 11
41302 28594 20671 29113 24111 27694 71648 90848 50886 47485 69968
2482 9
70046 79708 97004 63113 31738 97974 45501 3512 81974
722 8
9562 75444 59372 61634 87387 80781 21154 87902
2182 7
26637 63521 41597 71625 98465 11505 67258
1608 8
34081 14211 34341 61518 37452 71888 69160 84308
3036 8
91237 47766 26043 32491 4018 36958 84828 9389
5216 10
78784 24420 85656 44323 66820 28026 17357 71230 3280 6812
2668 6
3837 45709 15836 55218 8083 4812
2549 7
81016 66013 60849 7854 80701 14676 61536
2211 8
95893 63616 79813 69950 19536 5869 32933 60759
202 8
99497 80273 75025 72226 22889 21151 42093 76035
1695 9
68775 26564 71651 21989 99997 47886 15319 68302 73338
1146 8
25146 77052 2763 28461 64356 29614 13305 62125
5794 6
75922 74097 20647 20612 34427 69724
816 8
24481 51512 34855 74761 37605 54734 60735 65929
817 8
60386 55787 78780 7827 66634 18551 50410 79604
2370 8
95361 56915 19040 50056 56110 77699 52623 45378
887 6
129 80577 22437 8911 67249 7670
4923 3
22294 5138 20702
5265 4
21199 78870 94595 67696
2881 1
68443
4026 5
19238 79191 95900 9769 96498
1288 6
61044 16532 56332 50836 92802 58456
4057 3
3741 97397 49646
1593 6
39935 73643 88431 92420 53244 65652
6309 4
3060 74937 59834 30982
1054 5
32272 50821 4825 82213 58317
4581 3
13811 86438 16636
5158 2
20242 52467
5180 2
55354 27003
5257 4
13303 74505 22508 43072
6355 3
88717 72621 93510
6324 2
66825 6032
6200 5
27884 98095 52965 54854 32414
4440 2
28361 39776
5125 5
45572 60598 53862 37095 57943
1159 1
54979
1730 4
34166 71827 72483 75912
4612 1
6428
6807 2
77537 45530
621 4
15327 46432 87834 87582
2802 1
2568
242 2
84356 11701
39 2
1227 27359
1767 3
35743 231 37336
571 1
42891
3246 2
67190 58347
1012 4
80462 72872 9283 84063
891 3
22170 44060 71587
1937 1
4593
353 1
6176
4217 3
96098 62039 71400
1356 1
16931
261 1
86323
1712 1
82419
4093 1
92718
71 1
18306
403 1
83172
6118 2
3451 88070
2112 3
39747 30039 25109
6577 1
15972
269 1
92540
459 2
19126 4834
6682 1
34252
4925 1
60981
576 1
53407
2267 1
48039
6366 2
72587 32320
2179 1
59241
6728 2
15978 14124
4068 2
63622 29367
1367 2
29318 96552
2575 1
79965
624 3
59630 16667 94605
147 1
45048
2824 1
81731
1340 1
62783
1514 1
16980
4456 2
94861 487
2495 1
74674
6579 1
12128
6674 1
3312
1655 1
79041
5899 1
13775
1025 1
30279
6346 1
48992
2787 1
78364
1342 1
28116
5031 1
82156
1368 1
39855
780 1
59252
936 1
42569
356 1
43653
