123
5532 17
29085 16259 46333 34624 17198 77172 50827 48350 76479 36738 14752 40629 14435 8451 18599 75128 32103
3192 16
23204 34684 74207 51285 3981 68026 13468 82230 38947 79845 60803 49615 71167 39226 91868 55519
3148 17
5479 19605 98084 5279 46646 43944 31424 61486 79641 27265 90752 7180 47986 46325 9871 7706 96052
2115 14
56703 55095 22163 61196 84868 93327 42100 30736 61543 91916 45624 67541 88059 58374
36 15
56320 86762 86550 87769 16270 75497 26318 84280 28688 69068 1243 98504 48338 61102 66273
5682 14
25405 67028 9785 18911 28446 86537 2493 52214 32543 68174 51329 87866 61444 25501
4482 14
97170 3928 70289 33995 41490 21506 79495 773 60361 17762 29108 84212 76819 44429
3318 11
34107 59016 38616 52490 43903 8007 21710 29660 74578 25964 92491
1659 14
7515 8224 56909 44861 18841 23414 30160 4041 50011 73438 12559 52177 36485 6937
8313 12
27813 62047 30188 92352 93640 29525 20133 42281 5638 26903 52116 89603
3907 12
18054 67142 53601 50832 74065 36417 448 64659 2452 90411 67199 43122
2239 12
59419 7394 33873 50120 7379 77225 39282 29976 19890 61281 27682 68503
4848 9
5459 77103 21265 54934 19529 83092 44474 91979 62600
5352 10
70575 39214 27074 12886 32379 69859 41063 38777 9865 55177
4073 11
4613 27601 14907 71422 60144 6575 76862 29546 49298 75755 80242
7 5
90600 98753 80981 12035 83950
5264 7
62751 45886 36661 44658 40794 6255 49545
2037 12
64384 3860 26430 24140 40398 16528 72920 63778 75590 35003 37564 67191
3616 6
31106 56338 53715 90390 44338 6337
1035 9
39764 73817 89268 96566 93178 42523 4778 51873 57954
4178 9
2203 31149 1099 68526 63456 13046 51634 63290 91804
6829 11
14050 39922 72203 245 47553 20804 76723 74898 28676 70174 4631
37 7
30301 40533 93476 3724 71307 5466 38403
9257 7
40193 32483 11020 35385 19209 49943 36808
7143 8
80510 81619 46406 2285 70475 94875 32032 20548
1936 7
97483 80554 8659 56082 26265 63728 86043
653 7
67019 36363 32220 4600 88098 6667 27268
7878 6
97567 36959 86964 38893 55260 35996
7696 7
40694 17472 63505 31244 7391 24536 79804
8395 4
52013 48081 45685 59067
9568 8
15325 21128 79893 50156 25550 34229 96900 77183
6390 2
26818 98710
7122 5
59696 37554 84637 57236 28336
57 4
16178 48315 61480 66909
6280 7
30090 32587 7813 57771 58414 17216 30523
1205 7
13665 78144 53903 94624 3264 54694 18274
3224 4
56417 69579 93109 57216
4715 3
35716 30149 88994
5774 5
79228 5829 68273 3030 61708
338 6
76366 82523 11910 33965 47730 59202
5723 3
91692 4730 24470
7268 2
77569 55951
5192 6
42169 84717 1070 77962 9328 75082
6557 4
35149 31430 53106 59022
6811 4
98499 42282 18410 95167
2201 5
69179 88019 66997 13274 35178
6534 3
75303 58746 87743
7230 4
34569 32192 22034 32958
5961 5
89894 94884 51171 90433 3479
3663 4
15470 92232 23186 54841
3435 6
32541 7818 70202 60044 11351 88650
3875 5
93451 98020 86528 38526 17975
8147 2
97158 66652
8755 2
10302 92400
7453 2
67033 59461
7784 1
35602
6728 1
94135
1271 2
32994 32898
3288 3
85734 51740 18111
8753 1
86050
894 1
14049
1267 5
23586 76328 75197 63959 22284
371 3
81267 59420 29072
812 1
10259
6340 3
78902 64968 63659
3139 6
41771 15313 8196 74327 64430 50501
4912 1
16231
2522 1
87324
4992 2
15855 2603
3627 3
59308 51556 43158
10038 2
10069 81737
7944 1
41045
194 1
7575
67 3
80989 44657 59977
4651 1
76673
715 1
69850
2123 3
86695 61163 47717
7848 2
59513 19898
2962 1
81775
6533 3
16529 73464 81587
6967 2
72296 80572
1508 2
11322 21693
6868 1
11972
2589 1
40810
7234 1
79330
5469 2
22903 4669
7759 1
22204
2228 1
13015
4295 1
95537
7644 1
6181
3535 1
68935
1074 2
15213 39799
1031 1
22091
3758 1
66153
6969 1
1952
6057 1
32369
6497 2
50643 74893
5738 1
49191
5506 1
64003
714 2
12599 40423
2932 1
81052
10172 1
72580
5144 1
2758
1423 2
24577 91107
3935 1
50724
6935 1
39535
2143 1
94260
3360 1
93371
2416 1
19437
2242 1
18378
2999 1
8278
2291 1
15773
7024 1
96454
2933 1
36630
3160 1
61722
3229 1
21587
7688 1
87344
8051 1
97332
7772 1
63918
887 1
3502
2604 1
28100
1192 1
8709
3899 1
45928
