85
3971 22
37268 58497 23674 28418 64603 67557 10513 27706 33906 28806 76207 30922 27279 14126 23169 23558 61316 20050 35226 9792 53401 7288
5117 22
46194 60801 39156 67139 69479 46866 44572 18132 36293 52928 73088 67521 5377 32937 71545 65891 51208 54767 71249 53614 3499 70356
984 21
13353 71904 65395 75877 35291 76134 25773 36636 46761 63577 73159 10665 37831 47733 3762 68256 28356 44846 23060 67949 18059
6025 19
6226 20072 39483 64067 44237 43150 39051 60786 324 49193 62496 17050 60347 9044 66922 30424 37843 30117 49291
5217 20
14877 22966 23915 37194 29388 59723 34758 40023 42054 11584 59274 38399 6290 771 63733 15774 2872 61693 1865 20230
2004 14
15425 65204 52027 1474 56107 17983 484 28241 61934 30406 37064 32080 71358 21124
4268 12
64803 3351 53309 16653 14659 60136 30221 57262 39236 41588 74874 34154
5249 16
63674 35172 10887 12059 2126 46302 57168 44327 15742 38809 53484 63767 72858 15095 47108 20029
3004 12
6801 76814 12553 62349 23068 48494 47411 51591 64053 66193 59199 72066
4587 14
70328 49474 13885 18978 25913 50702 6899 61813 45154 67170 77907 64826 57812 74188
3419 13
58191 1619 58664 8008 42001 41786 43351 26421 56302 9806 61153 45180 58421
3257 13
16865 8581 2712 55923 66126 66181 78114 21565 56838 28381 58871 52681 32968
6178 14
31441 39510 8024 61751 69226 16170 59262 71381 14338 16555 58134 76591 46863 26549
17 13
4124 48025 48746 71648 12938 25123 53131 24304 32444 49049 40952 34472 42535
7878 16
38282 50020 43986 31840 54062 13169 36306 15309 68418 66634 50428 7571 48118 49128 6425 54830
7416 11
36214 46602 76763 53605 73241 13481 27956 1123 66035 22262 34448
2450 8
40479 62831 14297 47281 2363 51527 17576 76998
5903 8
559 39672 3512 38894 58719 17909 44440 3039
5576 4
39528 18920 53997 17013
2530 8
51415 5597 47537 42276 64565 44904 20268 57964
6332 6
58713 25557 22174 57682 59381 56894
4678 5
35993 57306 63292 4535 9034
6135 7
67129 27534 25162 58552 33200 14749 65811
5277 6
1670 75606 54398 33459 8338 59327
6774 10
34421 64426 51333 29491 74048 28816 11704 34634 69707 40664
16 5
2472 2268 20614 51148 34632
440 7
26672 48767 10793 66477 71649 58276 31769
2776 9
69691 27467 1637 73091 3985 17145 36670 29886 65245
2754 6
39876 25102 18119 67604 19030 1114
3231 5
13747 58833 26941 726 34676
3388 3
43472 36618 69762
7867 4
43610 69077 22472 71916
1804 4
56067 73530 67088 34399
424 5
75749 54650 71973 73163 45385
4844 4
34470 26351 57138 35887
7693 3
65350 45030 22515
6890 5
41830 22399 36579 29461 62401
6695 3
12987 71605 49113
3059 4
53718 5875 47119 16948
3225 3
47415 64640 63937
6625 4
16233 63914 69140 30799
7279 2
73000 16934
4146 4
32657 69890 26690 32364
2445 1
775
6384 2
8346 35053
4559 1
13764
2950 1
25949
1840 4
9988 78213 49170 25247
4229 3
48070 46175 20723
3766 2
64193 63542
1980 2
20372 8115
569 2
55780 31374
1297 2
12697 3357
500 2
77616 67627
321 1
68668
4609 2
18498 24521
7175 1
16225
6251 2
40604 24199
670 3
36880 19320 44462
5595 1
20115
422 1
28375
2491 2
16789 25864
6442 2
41489 3480
381 2
69897 8663
2849 1
45859
7517 1
43456
5474 1
59049
4907 2
68549 29226
5236 1
33582
5533 1
10103
3549 1
63908
438 1
43342
6109 1
61108
27 1
77317
344 1
50636
989 2
46735 51503
243 1
19487
1416 2
43018 44508
6861 1
33096
2885 1
16148
6011 1
49539
615 1
28150
7113 1
71210
7578 1
67741
1403 1
22714
