20
464 207
58250 62219 26992 60397 49665 64844 31488 90249 21137 15007 56852 71294 85671 31698 98748 7552 79852 84504 85925 25068 75894 39660 70621 78169 31500 52932 91004 25083 36623 72206 94702 95881 24585 79132 51807 3802 22754 74418 70929 17789 19852 24714 94746 86849 45249 32189 15715 29427 96792 74582 74733 69919 84122 94391 71331 48058 6626 83843 21902 26734 24061 64445 62332 59123 32683 54910 16621 18471 20344 67039 60390 61975 27270 3838 79780 13513 14467 813 52271 53865 59872 26047 63061 29321 10357 74981 72571 86062 11915 38588 65875 52426 39440 64058 27098 31290 75437 49661 72467 43043 14487 8569 26813 90990 70581 31987 64508 71885 20588 10264 3614 46052 18084 40546 52277 38274 14669 76262 66147 93982 32907 57208 29643 27194 27489 27871 73236 18278 28852 83167 53427 5108 57440 27508 25282 21579 97717 70740 22729 39418 13220 70184 39710 86498 55071 28958 26267 28914 63734 24759 50503 29497 17093 66700 20833 11412 5589 49081 39885 54756 11022 6807 25643 16306 5486 81475 20419 83944 67042 16060 73318 93624 29271 48023 16745 27664 39237 9690 68171 42595 23943 34232 60212 12183 46020 11295 35953 38031 21159 34431 93295 93400 84252 29146 82931 72360 73734 35544 38320 17450 29550 86512 56360 35329 11841 76027 37356
4149 150
90110 59951 91392 32865 68507 60098 73659 54418 87214 50316 67247 99332 8855 13782 38550 15791 12544 8070 94102 34683 12687 37731 70194 73095 28414 70726 29862 24246 47098 31113 91413 83337 6194 66757 13915 8324 49937 43985 92376 32115 20276 46885 57313 60513 5275 84388 36302 29225 81786 87576 71026 49907 37841 17444 99150 89844 99832 88630 51445 41318 24150 31333 22312 91886 86949 93727 37171 24367 4510 40576 95006 34600 35717 75517 53663 73387 64486 52001 16345 97146 9117 54965 57695 17029 10467 82824 11542 26154 82821 48631 19337 20220 43971 40984 75699 50506 24236 82854 66565 72166 2207 13645 86160 26569 19421 61469 28250 89279 51866 61318 13817 72354 36239 48700 49228 2631 95660 41009 89300 45454 18073 20435 48351 16624 55133 50151 22148 70294 9702 62617 23519 70277 31274 39874 56830 89033 20491 3981 74390 67696 2813 20409 30716 40480 54028 54620 55311 87709 71256 13264
1070 96
79258 11011 83039 83764 3026 9405 53752 1487 91301 66035 72625 43529 60406 45336 2953 64481 17349 83778 46777 72436 64961 72965 77128 66253 98438 16603 58111 40616 58148 23449 80528 94809 4887 57916 15514 86931 50080 59815 85058 99465 67399 42483 81772 86612 29710 10463 61649 42115 44156 2756 44011 36982 14471 48394 9656 34964 27207 81948 57438 20961 91474 20900 26249 68783 39697 25236 84427 94680 53264 97469 46247 8316 22066 69925 10696 71482 3521 89236 91638 39027 59549 30158 20698 53298 8185 91367 23802 77822 58580 54684 5224 6238 78566 87834 26969 79811
1823 73
62297 15288 37783 4959 87985 138 80677 38439 68386 94994 64558 43465 76260 62280 46865 65796 66323 69505 57639 76840 74579 90616 35634 14657 76946 25745 85081 1841 1306 45672 15298 31458 51534 67889 93388 57491 69676 49337 61074 44239 95505 47827 63864 27151 49521 9096 54802 92858 40727 55262 19690 35860 41470 38758 84599 39039 27057 28439 24273 20005 55256 49911 91826 32689 20593 25532 57767 98212 30474 20515 26276 43744 10731
2115 58
5815 14399 28155 82744 42224 44697 60625 53710 73885 93011 28185 41398 84132 22950 49155 11423 80862 19668 81335 26094 54017 33380 5095 96531 85939 12609 69748 8064 24132 95443 29583 31865 13004 29358 43512 92768 57320 56476 82996 64625 56716 20362 29322 25056 26743 12440 67766 25828 19383 58243 37266 85416 36960 30165 84844 19489 74930 48685
713 42
9552 46962 57483 48793 72146 34834 3952 53533 3663 49696 42248 45713 95935 77456 31081 18539 4827 18692 10854 89158 40677 47232 69472 33572 90739 62227 85944 99707 87904 65668 71518 96127 95988 58498 24176 57543 72233 48723 51852 45373 3284 29407
1945 21
11176 10500 51373 20904 74666 84633 33605 30574 36308 39357 52670 76070 21024 83600 7748 65776 90789 35952 63140 71604 40464
4406 22
10827 75747 90838 28884 90713 50956 82056 13389 27283 80165 58770 15455 99065 78597 25203 24968 82438 43830 55873 50800 82184 42759
2088 15
231 88042 71188 92588 95717 58434 99226 83874 97317 65979 34253 41772 50425 41282 35462
499 13
65828 91471 53456 20368 72777 47306 82948 8991 45425 69686 91639 74515 59762
1193 4
27423 16196 96810 68412
3121 3
74349 16837 46010
3342 2
62522 14915
3729 5
51268 50543 3118 72693 83455
2863 3
10959 11361 56064
2479 1
95484
4415 1
68022
3106 1
46385
2947 1
61413
493 1
39177
