43
2125 106
95658 48549 65269 93704 46452 70508 56303 66503 73627 88483 33883 54306 11145 34825 73285 22018 55849 54501 4775 49377 75646 2968 407 44578 29601 8502 92518 49988 38329 71148 62721 36899 61546 24251 7837 83407 42895 68092 63709 6084 66562 94370 88601 40320 94557 46764 97712 25059 655 50894 77804 47437 57518 26906 24188 78406 42227 95084 33875 24060 63461 14809 43299 22864 92781 78252 34167 8952 69886 22215 34521 11953 17086 78454 71815 58147 81720 72352 26910 77860 504 85294 17832 70236 40587 3428 48098 64867 44662 49068 63829 78646 75982 4431 14007 91123 89833 87103 67699 83909 43472 71293 69775 25189 42046 38617
7382 98
7 49316 74285 35837 42113 56142 59012 76861 47141 67022 44116 16995 78590 42651 53319 94970 76589 9752 99999 89676 36242 6186 7750 75416 14005 85865 27832 46001 50094 63138 93827 9001 1748 18053 24095 67082 99036 28786 96700 24543 16914 74949 91533 19065 27981 41518 44854 14794 45404 75316 87160 41184 88067 93276 48575 60809 35528 20437 57669 65001 41565 64749 86286 56180 22470 48161 31314 80180 99838 25753 77712 18996 91241 49350 35607 75694 8281 53409 63268 98630 53440 70944 72805 82073 32298 64290 13140 25144 14920 6102 56366 75467 8426 34687 34550 76734 26867 89764
8969 89
96953 36194 55844 21641 38893 99799 46177 27589 66732 4800 12334 30079 27425 64234 66644 46722 4139 63289 12404 75972 5448 38621 55067 33851 64175 9754 14956 78869 17835 60310 57414 65228 50810 40042 26814 85678 65684 49040 66343 71698 78544 98500 55007 52963 87573 61805 17010 57922 56680 12824 87978 50010 14565 9623 13207 68813 9914 32072 39296 39757 39500 12685 81113 25531 77277 23663 1777 66988 24281 44271 8746 24162 11115 45022 47478 30037 93222 86825 79978 81837 27911 48118 38585 45623 30376 98964 70280 95435 55179
792 64
54646 35398 88306 1370 23631 5240 40555 989 97881 28656 82578 46327 72095 63529 42723 85303 34863 77981 70533 56492 71400 15901 65297 96802 44741 81546 96893 30057 49734 23443 20535 78731 85078 363 31932 39693 48288 20911 47264 10921 98530 9679 50105 82210 3623 36804 3087 20664 63588 81434 14650 48317 4179 23820 61287 67742 18016 51343 87386 6325 32706 87825 76539 17483
6722 55
14490 50280 87678 19302 47811 85885 25619 73397 15570 22242 84899 31842 9122 82508 55228 76940 86040 28691 97311 40212 69277 17005 31371 82316 93891 38692 19119 98179 89982 41990 520 58602 75185 26596 71310 94795 62346 69731 51482 93678 36788 85371 71435 22707 47511 43466 87254 80879 6514 40414 4300 33954 97628 15963 37897
4190 60
13316 41157 98253 72913 91017 63301 48133 43205 42997 43686 87274 9434 7093 10988 67839 91647 90078 80923 76211 29674 38654 2704 89115 685 20732 5023 81738 31897 10547 94597 8628 10641 15575 6868 26802 15612 60214 79848 58108 67031 57317 88785 30292 65576 8239 80384 59328 88820 77062 98872 36683 23011 94438 22800 57273 91564 5447 5875 23812 87229
813 47
9565 65156 11191 23033 65046 3865 54038 74463 80789 30514 66441 80072 58359 95926 27686 69421 60173 14158 93843 46929 32262 52445 88050 6479 93983 52221 23300 31205 8381 65747 99979 40198 80265 5379 87198 67692 84183 48683 34835 99588 58749 53637 18264 2358 17435 86495 75062
2050 36
13261 27088 11281 60886 81109 56090 64940 60045 92332 57800 18231 26183 6851 65271 8991 51984 15277 41471 68369 63910 59387 9675 91413 75376 68641 75537 11577 30915 20112 11985 41920 54453 3236 2952 90505 63308
6922 32
78860 40262 66958 35341 30744 69793 31379 30474 34619 48222 85782 57486 45276 96671 69994 99521 87285 60188 76834 25007 1562 94499 18687 80443 48078 46987 34400 81598 88283 57156 5500 34503
7793 28
48387 87853 50141 71066 52319 15212 44896 61586 73708 41088 9803 80363 52898 37457 34027 32009 30836 35997 21649 62433 63821 20285 29337 52139 29438 34471 51797 45552
9259 35
34414 12880 48505 92981 50600 56618 73365 14276 9327 68153 85477 75567 80441 5397 18365 97663 44783 29339 99555 86751 88763 15233 71054 70137 28420 93705 36286 94264 50193 24947 8282 39546 33534 10696 54404
4127 18
90735 31487 39208 29213 97549 95974 45347 52561 92209 72960 39904 76162 23490 19607 490 15753 39104 52914
4430 20
38179 59970 81874 31096 72196 86092 21546 84697 63586 96029 41790 32677 32452 2575 59821 56057 9739 37239 92534 13133
5790 13
13390 85661 30435 91478 75195 65097 28968 98455 6062 89559 74715 2852 46705
1400 12
56962 22008 50005 86454 4056 90312 33371 636 8499 36463 92639 82305
8363 12
66979 99991 98173 56859 33995 60700 77644 84826 45183 74778 41936 93365
2824 9
96388 15861 26449 48583 1533 74535 65093 67851 68449
6464 15
63044 57961 47176 70571 31016 85930 93255 2723 76956 23984 56879 73546 47661 12025 9998
1116 10
11259 93865 25804 82958 267 13963 7260 70011 46961 24337
3208 5
30796 63944 30055 66521 14546
1106 5
7519 39873 97263 52086 25103
2561 7
96276 8733 15331 98205 39478 82377 13792
711 3
37087 14071 33676
3183 4
59891 31032 10290 63651
1373 5
19132 98906 39139 83191 47166
5273 4
49560 23039 42260 74635
1308 5
54349 22175 33477 65253 72269
4946 3
6531 72635 373
167 5
15158 44366 78876 7690 26364
3177 2
22709 42183
2866 2
36545 29215
703 2
13982 65225
641 2
74666 13030
1624 2
33716 29870
7751 3
32684 56271 50637
5976 2
4943 18626
3064 1
75500
7532 2
68343 73824
547 1
98952
8559 1
74299
5569 1
63274
8820 1
71563
7367 1
61875
