5
298 497
36145 69337 59905 69911 93320 11057 2684 89097 78199 47125 76466 28199 38995 25719 27175 51572 41471 80315 74544 8208 90320 84878 53320 69708 49330 95626 51532 14119 54538 43055 36981 4130 87447 51351 6670 52944 98807 71357 56098 81705 27768 84418 97860 86837 9216 47553 25530 64574 48727 8140 24907 96526 47044 17772 67261 45598 2353 29596 46873 48027 58979 95482 12095 98284 41654 63735 79442 49750 11695 89226 94532 87891 28801 80007 23822 69924 1210 16378 87613 30001 40633 18898 672 43332 46910 16791 50788 78571 46429 23599 34211 87348 98422 27537 82216 26976 94662 85576 9526 51565 41223 36454 61241 28017 13603 50359 6640 28078 54864 95092 59999 31728 76402 26498 83518 20220 34216 99171 75945 41501 59216 81862 27615 95718 7651 75550 81420 68469 87238 54543 99640 1199 58721 79491 29070 43626 48764 2147 92391 43328 59425 36262 98941 70637 17434 10917 60577 6358 7849 42004 44710 79746 20033 8000 93240 12651 97466 27999 64896 84543 64333 75015 44798 90563 58148 82151 35234 47014 2829 92483 18796 97374 20643 95254 1607 96664 36713 500 19219 50380 63433 47557 96131 59758 9698 70000 32953 62969 50846 14475 80269 46924 45134 85184 34159 66187 75425 82079 32702 51556 14571 4060 76486 50337 99751 12638 55838 54799 38017 46214 77144 17637 6678 5729 30103 12174 36915 46547 31786 32130 86717 37661 81248 9865 9993 90415 88540 29381 63470 70246 82603 16608 78415 49023 88030 98552 63008 21984 39467 68038 81585 59334 69904 53767 35591 14942 11964 92919 91177 31549 69581 25144 2172 9489 15834 3708 38856 17171 66987 4126 18401 77045 40616 1535 8251 64596 48420 6499 75877 5924 13477 65786 8850 14197 58689 68660 2410 59468 58048 5359 63054 41991 36978 7560 79080 88386 44889 51081 57080 92930 97486 40268 98795 33636 62666 62589 18154 61920 36329 96535 45513 81640 96293 61714 17819 69505 34111 60195 38002 4735 86882 83236 32073 69315 17709 43345 19875 31324 46107 86671 27310 12238 18941 79470 7634 73481 96958 7411 40977 52337 39385 26459 58506 25187 11030 73703 53690 44046 99619 9624 17830 95000 20914 90631 40967 85335 86593 18435 25617 91327 2519 75588 48147 39017 9356 14360 91212 61906 96906 88624 59148 77125 20146 7274 71903 6222 10167 512 22229 13420 50001 86840 31761 88436 44517 57724 24440 79847 98455 78147 90373 87742 57232 67320 7686 38568 68559 20304 71217 25552 7619 21059 66913 62018 63963 29520 53987 6382 3776 21051 46886 82379 54320 87422 46250 17625 83498 76709 78312 86543 5325 69065 23798 93983 82805 53045 38906 96757 91736 35448 58163 43181 51152 17057 37444 31106 56176 48708 99707 21331 77453 14165 81343 92707 65512 99413 5378 26940 92324 26157 61563 49447 8484 8323 53926 60157 8386 88742 1330 15920 48577 86195 98416 50536 82726 56984 63599 14053 61420 23384 50923 77863 16685 17447 87102 54339 31817 58504 64671 33960 76002 51431 35282 89559 66022 93694 43555 37430 98874 24137 24145 63056 39551 69299 27317 19151 33499 77537 29422 86775 92939 55091 30546 67430 52114 82871 49143
517 241
45951 56927 47805 16065 84579 25100 4405 85127 5809 93226 26434 53841 31866 95173 71682 98998 31813 23832 87538 52449 21891 95194 6521 90018 93045 14025 16504 18843 1900 46892 16002 27681 96266 95697 26112 51135 59113 29528 92532 88743 66888 96831 4624 28126 45252 89030 50127 69919 73319 2864 71330 3720 13083 98229 88948 81486 11277 5332 93926 24834 43435 41851 24072 43147 11726 80932 51307 54602 16792 44048 95628 81092 94290 10573 11383 14627 61311 89853 12064 96209 69620 58798 74343 16705 19378 73727 24553 45464 66596 4625 88724 73183 79781 97236 49498 41142 79023 89936 6102 56810 32413 44111 13394 69601 60574 28878 27430 59473 29343 64383 93959 31125 54846 51238 45217 17572 34570 12011 52328 94394 25661 17026 92632 23531 91657 37609 24866 27368 48818 24981 95857 91863 80472 44546 35324 24611 88443 39305 41108 98387 80355 95623 49484 56230 81430 52459 93645 68753 69486 74177 83238 88874 8626 25952 8017 21820 7184 88474 96763 15933 830 65344 60117 1789 12271 36756 23605 30516 29044 61698 38613 27822 88237 59795 71967 45548 90081 3468 87345 78365 8088 60010 84435 42510 63074 28962 98430 31292 3640 60495 20138 87821 58392 9643 64322 2852 43060 568 16778 6421 12068 66925 63003 91095 12776 31068 80546 12436 58561 89169 1948 67980 59395 944 99058 81305 49665 59053 40083 21810 72910 2294 84833 73729 54801 93746 33868 20639 44196 67271 43749 33509 15095 40199 77591 8989 31156 62906 69564 84453 32235
393 111
62728 65104 1961 89750 12990 94894 97176 72312 63959 75441 15192 51123 91276 23306 75852 76276 57127 1364 86971 11417 72247 23540 43008 94452 84683 6331 51582 59881 49813 10458 95571 99525 14590 60042 63451 82306 51348 72562 17032 13514 71593 75617 14662 90026 58314 5736 3032 87243 18742 95885 41449 36615 91803 4852 33207 42733 58911 64415 13810 21505 52674 5047 80788 84593 12751 6962 73231 7532 2014 20645 59977 96756 78483 23967 1518 20632 48020 54733 36203 94993 82430 20943 69767 22347 77912 33329 14161 65335 9242 62015 20244 62131 52821 77238 89704 31247 44076 17961 55913 39049 82632 85709 29421 79654 3886 95561 24393 45390 14771 4066 46574
743 59
61565 65480 62146 81307 75037 3497 11923 81570 45395 70580 73290 78639 41273 81274 52356 80799 14073 91895 32015 98338 66664 42820 21385 24747 1631 55906 59873 1044 16928 17914 82110 99005 53730 28690 3980 83939 40420 31360 75887 31869 33307 79894 32984 9468 69410 36456 82453 20365 26890 33211 42577 74650 30775 88988 18345 70733 30541 49877 84327
611 41
52473 17130 19536 78599 82590 57488 78525 18952 99945 38255 64033 85592 18318 29406 90932 29653 77745 97193 45717 9976 7830 40539 66277 63506 87092 83801 13257 50585 9540 58832 13820 63546 7670 44982 5587 9626 44322 98752 80350 32614 57704
