14
2800 298
56682 85847 36388 99853 72711 8223 68432 62971 34173 12394 5507 67518 60235 24176 34423 30304 26782 48674 978 11548 49019 31273 45728 44728 4 34323 8675 84016 77882 69763 65133 67231 97120 87132 57885 51517 14371 13812 60227 27958 79900 7451 62001 70112 21394 11501 38588 69706 7781 57969 5390 49519 10162 67575 63992 9514 69110 64785 99903 90580 4586 85765 52082 48871 99860 77899 11895 30425 88922 71766 50143 77963 95746 32153 38614 16195 96842 45738 25962 10395 44290 35482 40781 61584 59691 89791 28510 86323 70053 28065 13261 43220 74550 12076 78489 51294 86281 42425 21034 55511 93001 93570 45076 16561 65895 13552 87672 24277 20328 77 74923 24801 64589 82815 83016 84462 97789 2953 11816 83516 29611 72030 2349 49497 83036 65977 29321 9974 63440 83569 56011 82667 99714 51175 47641 95908 96205 6389 21573 23981 93860 96612 64250 47992 43986 77171 82900 6056 14831 99916 30466 88249 67487 27105 70440 10399 35382 13352 668 79770 44145 10189 25137 92874 22831 63229 30820 76120 74423 85677 72115 22484 57243 42574 29595 50893 9171 87283 76605 81158 57304 84251 30215 47217 96947 88689 61431 33058 47861 42379 66605 96618 6495 89533 49116 50681 61906 65743 383 54556 48818 33679 45616 56991 80839 51499 82063 90791 19334 12943 26319 86452 64778 48679 243 74033 49039 92970 3044 64622 21476 87088 44795 8476 71725 70668 62583 43612 77933 94790 95492 51012 48186 7931 50551 50464 99466 40412 19226 40310 18072 12679 32988 55448 34649 88917 54205 9191 17494 69933 32844 77349 16247 64037 88661 89369 48998 62426 48903 56410 2104 78423 45350 65877 49757 39425 53952 81204 33381 37368 75959 46171 15281 6230 62820 75140 87437 85883 21975 26490 50921 30932 85894 16798 9325 3260 44232 60635 69870 45362 11720 9683 45525 26290 7966 83796 77738 87999
2783 178
62045 84096 98552 32471 81110 39076 86198 78444 25524 58452 89567 96478 14350 32121 98412 50760 4988 16788 37829 18301 61586 5653 16253 72523 40576 37434 17083 1477 35370 59834 93142 72029 37901 92001 93224 37449 25724 41657 26991 54610 40902 50515 13821 88399 37741 31776 30103 61771 9073 61515 71400 41445 84541 9881 66643 89563 80870 12664 78221 16170 767 14410 89433 12656 13294 43953 62504 32297 31035 65348 3906 71091 48100 95968 21711 25674 40565 64508 51236 99184 41297 40444 56774 54971 22088 27264 43917 62388 58451 29146 16092 85274 44714 5477 70894 26585 25716 14830 291 37240 65771 40725 17823 65478 24516 14768 41853 84744 17332 65197 96797 18924 91914 30128 58983 34575 68799 78735 20013 32887 53278 62660 98062 52040 31586 31700 45753 83726 22949 30379 61068 56400 67803 65886 49520 46628 20621 29300 93412 55077 15962 95583 26188 75545 77669 26149 43939 28194 78608 41668 33831 24514 26352 36698 98004 85913 9664 51120 15405 32337 23948 66313 16702 58181 85582 28597 86030 4286 99030 41785 99902 605 5255 38574 5384 88989 87464 43519
826 107
64638 41892 4491 16737 5995 76985 29717 96898 934 20365 22827 8300 25478 80295 16494 8861 71900 78986 68834 13635 91521 84917 82520 63964 97522 20894 45199 93063 39265 51178 71197 92684 12537 20444 78740 63176 16254 97389 99507 95551 92763 41553 75157 92538 76776 81733 26581 88736 96586 13103 54661 61452 91528 72337 54984 71669 78573 98438 87225 52876 73428 46259 18600 48328 83280 90245 31622 80717 14163 42653 52442 84516 18418 82669 56169 81785 23689 5146 3424 17273 17242 49668 72228 52952 22496 38388 58575 66971 54930 1283 18231 75431 87073 54037 59504 32491 38849 69781 78557 37786 88744 69405 36882 23632 8831 77983 78786
3161 77
16908 87593 36340 91955 60224 27863 58111 1492 94729 83841 24240 6846 79400 93043 49979 93423 5644 2437 60178 70357 53331 69236 12641 55998 80278 42180 26540 31738 76730 71035 43184 71230 73097 43640 740 4341 28119 61875 91214 40048 43674 23249 22232 15450 11529 55609 39567 6645 13387 73608 83734 67986 32477 27646 39100 21562 69752 47967 51577 30016 93067 80095 99554 16653 98681 9714 34368 97908 48343 46269 83288 28182 90694 89176 4215 45918 24012
1499 44
62290 97666 56728 86825 25167 58727 32673 67247 73440 14981 75408 82018 29871 49022 16230 37835 18729 71444 23718 90939 30602 92000 90794 14707 27082 71458 82213 37258 82347 76719 88211 88394 10271 13539 10348 44885 85478 80720 51655 22536 22136 4477 38928 21788
785 24
77318 39471 76970 30614 4851 71405 17038 73858 11951 56722 68823 38408 45782 7215 16762 5079 83321 51854 57131 31448 1097 84693 12869 39615
2383 21
17376 84575 10599 40313 94001 50519 81073 27869 84995 26744 1556 19865 26828 72050 32056 13175 38850 70558 73377 48082 23428
447 4
40349 46370 88627 22791
1165 4
17352 13904 50831 95821
1633 7
94701 97831 30499 14778 55376 5509 16522
7 1
62617
1974 2
31808 99425
56 2
95006 7350
2114 1
17762
