205
1011 132
14395 82072 10249 91904 47561 43216 12257 84106 47040 28143 28511 47202 52290 22914 72928 83743 95595 46981 7540 11912 78186 15501 53803 56266 38527 18515 7777 37064 70501 37704 2387 30854 9990 20105 16604 88324 58004 5741 24054 38929 52868 57512 63848 95381 66795 78398 15457 9969 22850 23016 64191 15629 46282 63229 29584 97467 45014 77629 95761 13431 7510 77854 13756 49233 44672 60553 12595 21270 16932 94679 89330 18543 13135 31198 99128 11339 20325 70861 6248 47025 41915 31807 14039 40036 20873 49666 12294 52142 18054 79671 57671 46639 84790 13163 50914 20421 79467 9431 53264 3718 95766 23840 95171 19500 79445 28180 43055 55357 78771 68709 1636 70713 82074 19683 6461 73699 56554 63288 63449 57751 54484 68372 64467 62779 36519 62129 99140 74776 80495 99023 87316 63775
5157 4
49464 69907 37115 73373
2176 4
57364 45106 47567 73160
6446 4
85130 3362 29370 316
511 4
86950 45563 56438 69676
3265 4
7297 57775 14523 73263
4128 4
27636 16709 60958 69630
5252 4
35363 55717 95750 50856
5235 4
82565 68587 1761 77624
5307 4
50210 93363 2725 25559
6018 4
97030 32109 14482 76375
4383 4
3951 95401 49854 52109
851 4
82726 5048 8632 57765
3210 4
84093 56360 25286 78738
2746 4
21585 24695 2177 54554
1168 4
27732 51820 29725 26925
3728 4
56376 45465 26314 17697
1627 4
1956 7343 39858 27876
6260 4
912 69157 32352 77676
4114 4
63835 3336 35701 60607
6860 4
962 21824 98400 41346
6494 4
8767 69214 81238 13584
533 4
11881 81989 33185 85148
3677 4
23068 13472 94296 53860
4039 4
51754 41146 82568 95646
3087 4
60195 35579 77842 14885
3851 4
29071 93177 92113 74040
5877 4
19631 22423 87284 88953
1650 4
70363 73866 89901 67641
1997 4
32033 26571 9393 2085
4490 4
33538 1569 42267 77889
3963 4
37194 43701 29317 53794
4232 4
54149 48637 28637 15687
3660 4
19682 42361 71505 12468
6350 4
10665 8108 50132 80509
404 4
99947 5838 81010 97677
6687 4
97484 21597 19162 93782
3921 4
79205 83378 88773 91354
6312 4
26524 63216 51039 44458
1676 4
68533 90263 41979 4273
2784 4
45644 2759 89515 46793
2817 4
34392 11513 91327 29466
1296 4
97414 58723 18019 70808
3686 4
37978 68526 89847 2004
2059 4
86489 65060 4559 86789
2229 4
81221 40676 63192 11896
3574 4
17491 44050 42827 67387
3269 4
2610 37858 36762 28610
1044 4
77041 19027 82832 53878
2066 4
20617 89114 92929 31387
6251 4
70879 1383 37695 41292
270 4
33723 2713 3907 43797
2050 4
31781 57446 70035 13177
6741 4
12088 64008 81522 24049
1014 4
6195 94151 54320 75137
5234 4
13213 99208 3367 98258
2751 4
74967 96201 18270 19204
1829 4
5866 94364 65963 240
3951 4
6268 33593 54863 80652
2886 4
43108 34120 81634 24953
6947 4
96198 60932 58188 22957
3285 4
13853 98517 43964 70036
236 4
79762 67892 93496 25273
5297 4
10523 37068 62355 8270
3400 4
43282 37186 2955 4182
1649 4
86257 967 69056 95224
1675 4
57371 57088 39391 63518
969 4
83483 28621 21152 90182
3252 4
84832 74526 15642 77031
3173 4
68597 36573 36790 96813
6983 4
55423 6905 7766 69897
5038 4
92324 7884 51111 23707
3589 4
13081 39376 54890 52525
4692 4
29114 9315 84030 67203
5262 4
31855 56769 84375 15866
6474 4
37681 10844 18070 43926
818 4
62972 14607 70112 93818
3223 4
29707 51413 18368 30701
1950 4
52417 60632 61732 52403
4460 4
1774 66103 46524 18111
4849 3
24190 1513 96474
4694 3
58253 26826 98068
4606 4
23378 91173 68397 51703
4681 3
12552 48741 48080
5937 4
4118 20868 69733 72595
6663 4
66735 98143 50728 5766
1912 4
9898 33367 62013 82910
7391 3
77536 62920 18293
4437 4
70183 80978 19992 78569
2208 4
65712 78501 8748 88742
4859 4
50065 89155 88318 18438
5313 4
23531 91422 79233 77773
6823 4
7926 10533 49432 70181
6487 4
19999 93097 46603 49708
4776 4
61534 70592 42669 93694
2316 4
83097 36009 64477 19186
6571 4
11475 57930 95831 85232
286 4
32407 33369 77246 519
1231 4
89941 77105 81187 9337
3841 4
59316 37206 13070 61271
5822 4
36761 22856 17120 18924
4946 4
96654 15831 40343 8484
4445 4
66505 44191 67166 9333
5062 4
48784 77470 92297 72144
1407 4
68830 63696 54186 84184
6310 4
85616 91652 86571 5022
2014 4
36580 36680 72829 7465
3450 4
44864 54321 42275 81807
2092 4
13673 66469 54316 53553
725 4
55602 32470 33412 42193
2580 4
83475 73991 48118 13851
4861 4
25834 31995 25247 56077
1879 4
62182 30489 14409 59710
3628 4
53073 44572 58570 31742
5815 4
8930 62619 80711 51626
2489 4
27415 20783 62987 3372
415 4
90188 4701 93843 8120
3857 4
71659 73236 7939 30017
5341 4
48413 42781 63015 12403
2201 4
69679 93727 38766 11657
4330 4
78865 66548 63668 23288
6139 4
86187 65676 5934 36281
4583 4
16078 68819 41363 28339
4927 4
64123 51832 59616 58290
5141 4
62960 34525 82328 71210
724 3
34449 82559 56782
439 4
47546 71376 67482 81064
283 4
56145 29167 55928 51358
1748 4
33795 21570 31884 71983
4001 4
62103 26748 7061 80697
2136 4
67844 61208 18153 74406
1512 4
64138 48805 21926 56806
3500 3
24351 15723 8035
287 4
55887 19884 24827 86146
597 4
76606 81845 14315 23377
3243 4
76276 76809 5995 91749
6104 4
10496 75770 37394 17269
327 4
28315 20779 26970 39742
3019 4
65419 25072 58903 1333
6296 4
60297 72739 49044 74368
42 4
12198 79809 9367 92154
6937 4
33572 1168 35911 70495
4112 4
41614 40883 15783 10469
2455 4
65506 99450 28331 69399
6276 4
38908 51252 84753 44145
5776 4
16418 68515 89211 43536
6440 4
46988 58660 29002 78499
388 4
52830 70955 95209 42269
2273 4
89133 96038 40421 54737
1716 4
31460 68136 44744 99899
5435 4
64738 77185 56978 54741
6288 4
41519 38856 12816 33245
4510 4
75663 97144 37836 45791
4558 4
75311 90289 51200 35231
716 4
39735 10800 67966 92239
6154 4
77759 42777 50328 24845
4866 4
96084 26675 23047 33997
6392 4
59187 72495 84100 49490
5250 4
958 70844 47444 65975
1557 4
47955 81242 12112 9995
1641 4
37138 16104 84645 64419
357 3
69087 1389 2367
5942 4
45142 37795 93451 62088
5751 4
61740 50654 82241 64168
2749 4
10102 81874 59366 65905
6236 4
50651 68356 32757 18896
5589 4
3915 26852 94393 54583
5378 4
86596 59036 14567 60758
3577 4
66128 73077 36057 30942
4076 4
22670 36592 61884 12573
5662 4
46996 44334 54705 55363
1331 4
38985 31988 4772 42305
238 4
84955 81292 27860 69660
1315 4
68592 85171 15822 80956
5818 4
17331 91569 89147 93270
6640 4
79125 20542 7130 9616
6301 4
15945 7602 63471 60285
3603 4
67350 22741 13860 26647
1163 4
65189 23384 4765 87688
6229 4
98982 58313 83 57214
4121 4
20665 10773 2914 81350
150 4
82587 94036 31093 38425
2028 4
6549 20244 95689 20438
1141 4
89044 20812 21485 18047
5474 4
8920 31296 93855 89433
5898 4
32839 69004 1415 85188
3783 3
10235 23848 94185
6808 4
81936 93364 16870 39161
3121 4
80105 64383 670 96401
1634 4
74180 54488 45186 74382
3444 4
16224 18133 61176 98504
4806 4
37267 47443 41343 73328
6861 4
80884 22229 47845 39985
6614 4
41304 57870 98697 2119
5379 4
63386 61480 20543 8093
5406 4
50060 33286 54005 36964
3267 4
95319 95397 19555 88701
1144 4
37050 47332 23596 78170
1030 4
14768 50518 94618 87017
3224 4
14629 90345 86758 62356
2927 4
72645 62778 25611 9366
3757 4
69635 38615 49777 31933
3414 4
62089 4328 55488 18659
5505 4
27680 34715 74208 91053
1025 4
38553 61803 15836 6073
