6
1351 107
27795 28710 27706 1805 7664 22277 15836 24916 24118 4421 37873 7757 24339 41087 10885 36713 11145 19678 21579 35652 6819 25259 41721 40102 11978 22147 29006 23878 23021 28791 4905 40117 14550 30389 45915 41685 35927 40501 19202 42583 38834 13366 7628 31813 18572 9224 194 21460 22325 19263 42558 2757 15606 31559 22917 31080 5455 44918 21922 40772 23474 11767 43744 30734 28628 46396 33386 16539 34711 25732 43646 33781 2304 19820 3270 11369 9357 34881 16733 40466 30054 16348 17274 17907 26291 18215 30117 34946 39293 29068 25698 2454 41627 42761 5708 39156 43017 10008 43554 6444 6192 32050 20045 40809 5773 16801 42445
3472 28
519 38754 24377 25958 23305 19146 23670 11833 32345 5324 22311 37684 28922 38272 27926 22570 32536 9840 37292 22105 39570 22244 15466 33969 17082 29522 30167 23540
1660 10
14519 10059 19626 29062 45894 41728 21453 1834 19022 401
6322 3
19512 46226 15314
1384 1
42169
4869 1
27194
