22
300 114
66581 57932 45232 63094 37576 89525 18573 10023 60214 7546 47603 55477 60744 51106 55223 82273 63929 17126 4806 18903 7127 54605 84591 15363 1813 49932 69402 86834 4006 66908 46554 69781 49386 70239 90476 55079 4580 8768 23256 24651 41218 17283 37408 84608 38320 32087 55462 82811 50999 30409 60591 36054 36623 62016 71824 24266 67879 88044 45234 17870 45871 29078 73619 25221 52111 60936 22984 42521 55669 51187 95040 39485 96018 1130 73420 77126 17037 55471 19925 48653 27459 10830 50488 43333 92763 98335 45787 47579 89364 92302 83956 79393 157 53177 62896 21808 22822 19161 98273 69673 49384 94921 25245 96250 23817 71320 30889 14795 93705 66938 39488 83034 64949 13653
3102 92
42813 13231 71318 94545 47010 86512 58618 99310 65580 93899 18974 22821 84278 24819 52132 63557 62780 80108 68305 69256 55820 87311 74131 79580 10962 538 10021 86121 76490 65690 52089 5242 87905 48980 52769 52352 64926 67680 70176 30618 5792 87902 51485 80802 47375 80092 17332 67129 30019 97590 51570 96640 68225 55104 92805 23794 50989 10952 82267 36452 38100 39723 80169 78349 6994 33738 42111 16007 29350 8601 97359 57023 2284 67820 52752 83480 12705 48043 35913 71743 93759 74207 89972 87559 61440 57487 74249 30050 65796 65349 49030 94148
6979 68
78203 45610 10818 95636 40932 52793 29438 83050 53662 19502 32566 7533 73523 19049 34079 65773 63850 5505 67914 38626 32499 38416 55891 31148 74087 4944 87079 48533 79676 7867 26698 99597 32444 20115 52124 6587 55920 60030 34231 68539 68074 34500 76113 2771 97769 55256 24561 72488 70116 94109 19594 47702 58626 88806 79251 57990 67986 98759 60265 22402 17649 53775 8743 36496 90652 25485 97604 40911
474 44
71814 25073 79110 94157 60508 8267 93316 29337 56267 9768 47789 6279 71078 16269 98729 13288 60154 55810 5477 11601 91326 74588 55259 85761 90073 29246 96084 86613 222 88614 6922 75905 92160 49998 19985 3 23890 55355 92971 74052 67215 45909 7216 67784
4650 46
37302 27291 82622 2442 84114 27769 18754 54219 34479 99983 61100 90786 58395 4493 73069 26257 6156 74785 41211 14718 32789 97837 7731 28574 99940 61079 67800 5214 72401 16778 41045 96283 62473 38770 17600 43305 92339 58687 75627 89184 82855 2437 23261 87885 18054 70889
4637 27
54449 34848 49882 64022 62209 17188 5219 55340 42498 67200 46130 15605 2974 9995 91050 57211 38251 2461 96724 72920 3066 15451 20738 48456 93313 46581 18496
7081 22
81408 78784 43094 28970 88800 69759 37645 10624 85817 6031 64807 20467 57294 66597 84817 41287 76614 34067 9939 58311 68050 99347
3808 20
39210 84020 7691 42318 33227 27077 65897 7560 36361 12751 68507 89996 63181 97177 30391 57839 35330 54120 99147 60340
5476 15
86404 57765 81119 90986 39017 97858 50875 63342 9066 59397 13229 54437 73025 1870 11475
5540 12
27372 39795 78281 22416 88342 40845 66454 98222 86918 30940 69009 32122
822 14
99409 60101 14265 11973 76817 14248 78872 63897 71530 10860 65288 79098 41605 68356
3306 5
83191 76554 2688 35530 23541
4031 5
88238 17729 73321 57116 71465
7826 3
10740 41313 39517
8492 2
67678 49840
444 3
20920 78283 36684
7284 1
46120
4044 1
55426
1381 1
35818
2447 1
89570
476 1
8958
7709 1
59383
