116
6660 110
9474 14598 12811 11026 630 12168 1163 15532 13770 9939 4060 3807 15080 5353 13838 15482 4403 834 15704 8361 1087 13080 10989 5883 11587 3108 7164 7684 14834 11730 14391 16789 13151 10425 14880 12272 3233 5378 12150 13211 2771 989 17902 15574 1876 12891 14613 7007 8646 13279 14870 7402 41 10985 4925 6890 16092 7629 137 2312 10190 13103 7906 11738 8162 6428 461 17386 18740 3342 14272 16417 10455 3861 9606 4406 8161 12353 687 8585 9862 14752 6484 2906 9701 16426 14685 15211 16832 994 961 7961 17000 201 3742 3474 8739 898 5973 7082 3459 6010 2059 11901 10683 10021 9163 4017 3907 2507
3006 35
6545 3142 17110 8674 6133 15968 7258 9658 5493 7513 17863 14895 13845 11462 11962 8266 8014 6245 575 2164 13070 2087 17070 9854 17250 18067 5014 16492 15450 17845 18516 2778 2784 14455 2484
496 35
17543 299 5423 16694 7389 483 12867 11581 14933 8938 5170 5304 14884 14943 10713 18025 6741 12301 150 4603 18004 16919 10307 10670 12705 9846 9113 3325 6581 5585 5159 9654 6152 9888 15104
3562 35
4146 15545 11766 8571 335 10146 216 16954 9138 8722 18339 5578 5296 13858 6429 3360 1992 17749 17876 14315 5183 6891 9129 17380 10294 17924 3225 14969 5878 1503 17028 16598 17004 6153 7493
436 35
15497 8725 13112 17891 6781 15025 13974 9266 12387 3052 1242 11126 18673 1059 12663 4458 31 16816 17784 10537 18260 439 711 2227 18238 4174 17937 15089 10627 12796 13183 1833 11551 756 12377
2044 32
652 1317 6871 12127 8960 4409 3241 18776 16806 9909 17363 6990 9436 5182 2782 11400 2307 9462 2110 4832 9 12268 3389 14641 6460 6446 3184 22 9731 15053 3128 13001
4228 34
17152 16268 174 17348 7494 9722 14137 18508 11223 6150 8879 2904 2217 1997 17014 17493 10351 12399 5194 5181 14254 7937 7229 1307 12755 16166 4535 9785 13270 3427 1168 2574 9354 16920
6210 35
5904 7388 6498 5605 16585 5962 10888 6709 9164 3750 10808 5823 4550 10174 1659 1591 16206 15676 11250 316 16974 18716 6415 4474 16681 17732 6306 9234 15189 5947 9999 16785 2849 8267 13255
670 34
2439 9516 622 9841 10745 17696 16456 202 18432 9170 11983 651 15044 17269 5465 15869 14426 2471 15695 11476 16879 1225 3020 11162 13660 18019 6725 7849 3214 12546 9877 9653 17822 3392
3612 34
6159 18070 15124 4257 4900 1633 4575 8068 13007 17371 8944 1529 5830 17758 9847 5959 3605 12977 17347 8510 8992 10082 16703 11246 12108 7696 3594 11928 3923 5101 151 7847 5611 15508
2916 35
11404 280 5179 14015 207 7797 15883 6146 9417 14078 13851 13014 6938 714 12563 5652 5508 12816 4028 3494 9108 9504 12880 14590 16342 13604 6210 14273 17424 9529 17894 12586 12966 2254 17123
4754 35
1805 2575 3611 10692 8906 11472 18559 9002 7131 11893 16869 12228 17892 493 14098 12929 3726 8525 6727 8197 17630 5977 3424 4726 7621 3174 16819 6297 13992 9120 2718 7190 16589 9520 18770
452 34
18706 1705 13490 15434 18263 7407 5104 9752 553 13248 18397 4817 10615 11547 15531 12450 5144 7106 12342 15269 16184 16058 7457 11064 4317 4205 18166 790 8429 15199 9275 16498 8336 8526
2795 34
9749 1448 15401 6573 10946 15730 14597 10953 3817 3894 14545 18301 18681 6324 4348 14534 8426 5616 12011 7021 18227 12447 2593 6786 10643 4429 11908 8630 13776 5829 10176 7596 10092 10829
6623 34
13472 4790 9165 5094 10603 11537 2081 9860 18406 2895 14815 6041 7002 3810 5275 7107 14809 5813 1851 4497 14111 2752 14328 8234 9112 16940 8033 16053 555 4321 10502 4921 16628 10213
2532 33
5134 3397 14422 18163 1815 16438 12921 4954 8257 13968 168 394 1420 13198 7835 9370 17694 166 2245 17636 4522 3597 9684 13502 16921 9033 9191 7125 10102 8107 8881 1624 7199
3500 33
10268 9894 3014 18017 13221 10299 15354 12077 3193 14070 5023 17914 7269 7264 2585 525 13063 12601 15565 9263 6021 17505 11735 4871 15624 5323 6506 3149 15280 14575 11401 6284 17292
5917 35
16001 5889 11206 5223 15850 13217 14822 4727 4165 18653 18122 7903 14415 16356 9172 7622 18121 11087 10249 6195 403 4427 15583 12661 3993 16272 1863 17875 3350 9199 10368 18236 6743 10031 4201
3988 34
16519 1545 6685 8398 9449 5366 17322 17536 11107 13913 4053 3942 18081 3510 3656 6401 12279 10272 13249 8873 7151 1036 2090 12194 8918 14425 5155 11692 9555 16371 1034 15037 14869 11198
3145 33
15137 8759 895 11662 7808 8836 8276 8709 3006 3253 6066 5481 14885 3442 17395 7470 6617 13566 16995 6216 286 17868 2182 7916 10749 4065 5779 16151 11079 16855 17742 11695 13462
1448 33
18839 9624 15008 3762 8441 16687 14464 9500 2799 9533 17846 17648 4930 11405 2776 13426 10920 7196 17944 4265 2122 7036 863 12183 10626 1470 16161 5634 11390 6330 3689 6916 18834
906 33
10016 8758 1607 7135 1760 17258 6265 14482 17573 3375 11038 8616 433 1950 18137 12725 3692 2647 4803 13889 15454 8693 3373 4344 976 11670 13966 4940 20 16324 4583 13362 18719
3026 33
7837 10199 9946 16623 17226 4857 14191 12031 9133 4549 11708 14097 17338 6601 319 10057 11760 2616 17034 9694 11613 12241 4190 4554 10572 15564 8792 12295 4881 715 18649 14359 11671
4504 35
6024 12657 8189 18667 10797 18742 8327 3660 15379 15395 13682 15367 7483 18123 7999 12503 4965 4466 700 15288 10636 1809 5480 5065 13067 6801 10715 2132 1191 12199 4570 10926 5173 18047 10358
86 33
1181 14117 762 7316 6207 10599 1973 3227 16661 4039 13724 12242 15495 2874 11195 14110 18482 18725 1804 9817 15473 13483 13292 13827 1403 10929 18631 5523 5717 9019 1342 1744 8022
5195 35
773 3731 3302 4844 14113 18206 1295 5778 5158 2301 3621 11976 17508 6261 423 16910 4064 15585 11848 10152 870 15224 1207 4395 16029 4 2412 7678 16508 4029 8231 5267 17708 12314 7609
678 35
15360 13075 1566 1834 5555 14774 9669 5093 12422 4184 2411 15073 9123 13684 3154 8490 12788 18793 13576 690 10159 398 6857 2299 15154 18705 613 4820 10020 1072 9451 16271 401 697 1685
409 34
11440 17104 11219 2340 10687 6151 17400 1748 3839 13925 17663 8411 11108 17701 8178 11 12475 9473 1631 10579 9503 8457 11559 7487 2858 1405 6438 4961 8515 12230 5071 872 17131 6180
6251 35
6405 8994 16946 2631 18656 9071 4861 18348 11685 7062 1318 7579 16976 5887 8222 12951 7008 14024 9936 8730 5913 10634 6772 9753 7019 1213 1959 16481 11994 15432 12395 471 9433 16815 51
1253 34
13981 13510 17747 13557 12226 3186 6262 11437 3338 2343 1878 18444 15887 13753 16873 1618 8913 11489 7820 13742 5860 11715 9943 17500 2273 4001 18209 1127 6822 16249 11222 13145 6652 2247
4396 32
14857 16174 8115 1627 3696 8349 10617 1122 15620 12857 12728 10733 4997 2269 750 16923 6918 3326 12700 10674 8044 8991 18036 11873 7048 4608 6457 18453 17082 12155 5908 3873
347 34
12686 3374 5619 5577 2680 11977 136 14766 792 5213 12694 2196 11567 14237 16278 16548 7785 8070 15647 8075 12480 17355 10549 10543 17574 5575 16837 5868 16507 7055 11539 14269 10336 1102
3220 31
2560 6676 3674 4594 5394 3500 13273 13351 16917 4808 7490 17974 15197 17971 8780 49 14673 7246 6797 7737 149 11825 3581 9097 10184 6269 14326 16894 12593 15498 11188
6824 34
9351 18090 5322 9437 10859 3953 9054 283 15185 15907 15393 4670 5718 17674 16195 5833 536 366 10668 10232 9644 5920 1862 7713 5110 3086 856 7751 554 11899 16673 13527 16776 14181
7460 33
18650 18688 9552 13530 12756 5727 10712 17854 3525 8243 5055 3320 13980 5587 17001 15475 7156 10077 12173 3681 14387 8304 6471 2665 16566 9111 18677 6844 17673 8216 18710 4607 475
2073 34
9757 8368 13516 15057 8419 17642 13560 16854 12715 1903 4511 18803 5567 10945 381 11509 11307 12266 76 1277 1999 631 1548 4948 5643 7620 2212 16483 5548 11464 13703 7769 17995 2322
6431 35
1795 18730 9649 10930 2661 18297 18035 1899 16533 2350 16846 18665 6272 3562 11823 12897 2371 15121 17263 11532 11737 1800 4672 11486 17961 1008 16959 10499 9953 14428 6494 5417 8558 9851 13465
4136 33
14729 16015 5525 816 8902 16901 11930 5222 9802 11082 17302 3932 16516 9664 11664 8254 1940 1749 3330 5346 8352 15547 2637 8364 11511 16802 17730 11744 12404 8603 10771 4708 12402
5890 34
14292 4953 17243 13670 10471 11637 358 18560 9006 8338 16956 18326 5433 3472 9360 8660 14418 1454 923 17830 18439 10378 17132 8524 5048 61 4802 17447 9568 8669 14767 13830 350 14562
3172 32
6669 12987 2755 843 6504 18103 7923 17497 18136 8237 13595 4193 6858 17036 17277 10143 8874 11577 10794 11220 17752 4852 6894 1786 363 17189 8347 11762 16593 6456 5799 2435
3369 32
16521 15642 10924 4021 4506 4647 6166 15605 6768 8249 9017 11704 842 7550 11163 9597 12444 13226 11872 18425 14126 6339 5613 14225 18468 4248 1274 17422 195 10914 7475 10554
545 34
1849 16233 14200 11836 15278 9450 5510 13846 18749 3741 10108 10514 11373 3464 8703 14508 2339 9011 10737 1690 13245 9695 11698 3633 17760 7714 5675 5492 12388 840 326 3255 17393 10012
1245 31
17689 4762 7238 7667 15977 1646 4923 382 10445 3423 11851 2226 17589 5001 12185 3409 11844 17019 967 4004 5395 3565 1104 9142 14972 7673 18134 18180 17264 13723 15870
5959 32
7844 9638 14290 14041 3057 10846 9316 3189 5928 1572 3800 5551 18645 9253 3823 16213 3852 11474 13849 12327 15404 15066 15295 11457 3276 16126 7945 1979 16810 3532 9702 12162
3121 32
7701 2863 4147 6338 346 2197 609 16294 7030 14484 15384 1489 5220 10724 14966 10663 8581 2446 10863 3999 14648 6538 6643 15103 7003 14521 11432 15771 15331 916 17280 11306
445 31
4304 9428 13768 13389 14694 4043 11655 17809 5932 4917 17635 15304 6202 3031 16081 12021 13366 10968 5805 11963 10459 14416 2139 14841 5601 16655 6547 12579 11739 3010 10001
5250 32
14123 12985 8025 11763 10089 5839 18833 1142 3069 12197 17289 15378 14196 17929 13019 4598 9651 6860 16176 15465 9723 4112 9048 14777 8812 12381 5782 11727 802 2443 15061 7476
6873 32
14107 96 2775 7639 9758 15949 7255 569 5063 6805 13584 1264 17718 11804 10192 4280 11765 13813 11463 2633 17792 4271 16106 5174 9484 11540 1838 5364 4200 10117 18018 4683
6212 32
8599 3027 7911 3076 3673 1930 13450 2176 6369 12576 3521 95 12702 17440 10366 83 13497 4341 1107 5762 3051 891 9188 18584 1742 2734 2541 9476 2579 17200 3183 1645
2963 33
3988 5942 6596 4049 12371 6231 18410 2813 4552 7441 16096 6777 7046 15972 18329 1275 9627 198 15387 16273 10431 17303 5420 13720 15608 8097 13746 5300 18634 15192 14854 17528 15221
5899 30
1320 15438 4969 2669 10433 2847 11566 2724 5211 12969 371 4834 14704 17091 4600 3238 14903 727 12305 12572 11387 16679 2580 4623 2440 8478 325 16334 9315 8425
4314 32
3994 14619 2722 5550 9306 6018 8716 12142 3997 5703 7446 15904 11557 12198 204 11967 14863 16248 10324 5271 1785 8007 3911 17704 6110 9805 2329 9594 12435 12004 11136 18192
6439 32
5661 17336 9551 11995 6876 15582 12258 9834 14462 11490 6591 6697 15631 10287 7261 9242 18712 14925 6407 18275 14824 17721 8531 1459 4111 1431 479 11520 17305 15217 8395 2387
2844 32
11652 9635 7350 5780 12005 1012 9345 18352 2188 14174 13475 13485 11808 18622 16478 9828 14219 5060 13562 3682 4176 14213 4057 14509 9085 2039 10004 12835 11105 2108 13953 10736
511 33
2692 531 11111 7577 15164 16883 3935 14715 10409 17086 11789 17552 7647 6514 11833 5284 7281 11925 14553 14716 5338 3305 878 14607 11778 8535 4006 10039 16958 855 8024 15290 17052
1965 34
7180 17468 6224 10731 2096 9300 5264 10613 15964 7593 1974 2475 4419 9979 2703 5297 12097 307 7080 8258 6053 4324 69 5747 14017 7215 4978 16203 6398 4681 16014 17345 3219 14298
4645 32
11947 14401 7254 14786 15252 11709 15458 14568 16606 8374 11042 17140 7813 14960 522 17092 16758 10616 13785 17919 13230 7334 3646 13528 12748 8449 4044 11900 4515 3216 18480 1166
2683 33
518 9369 5036 17216 12618 17486 11629 15743 3708 11940 661 8821 4698 14033 16537 18492 12271 12317 9194 11838 6277 7148 12246 8904 10275 12025 9281 16588 14939 14505 15315 12595 1016
6701 34
13834 6666 5390 17306 4468 10870 12682 5512 4421 16860 10876 289 7689 16665 7960 9713 56 9804 7230 10817 15618 12144 8620 16044 17221 18796 3097 8819 4422 3921 13593 14274 15442 5646
4471 31
3974 9361 12212 1080 4984 10356 8657 4982 519 12148 4673 4936 11475 3860 7782 4717 10883 14879 523 13726 6349 4551 14831 13650 10577 7681 18318 3435 5355 15451 5891
3471 32
13615 12215 708 13383 5079 8047 15909 18174 11439 17620 7795 8279 4646 3617 9708 2634 14043 8528 7556 13109 3513 17317 15285 14962 18224 13368 5953 18484 10681 11177 14997 2384
638 33
2513 1701 5969 11278 3146 8540 5792 12080 16557 14047 15117 17012 12693 9732 15724 13251 7716 15893 1266 426 9800 6290 16460 10166 109 2199 6888 8990 6509 8296 10912 4058 7296
1234 33
18304 17193 15864 14332 12982 6169 10525 9652 14993 8228 14164 8910 6147 11998 17861 3008 16205 14817 6590 11329 6033 6970 8403 15119 4956 1797 2174 7166 5038 2654 2869 5886 12306
472 34
16006 7691 7922 8962 5005 1236 13372 3034 16795 12146 6671 14984 2878 605 832 10103 6060 736 17174 5849 11388 159 16455 14102 3379 11973 4377 6796 6155 8031 13107 11450 10382 14297
5786 33
12802 12034 4753 3408 7764 15301 14666 9032 17947 14452 11358 14936 16415 5333 12179 7796 11909 1267 7503 5387 17872 7934 13114 2389 2083 16790 568 1325 1521 9184 11726 1162 10518
3283 32
7053 12770 4449 14334 10158 15882 5266 16343 9755 11422 6645 559 7993 7852 6200 16886 3030 1552 951 17488 14112 9394 18154 16276 6611 6441 13874 11441 17979 12487 12568 11638
2088 31
10505 818 2630 18273 14843 4566 2620 15481 4584 11585 2494 11041 14595 16459 3631 7328 3555 9284 3100 15220 2300 10954 14693 13521 11055 5768 8001 12800 2463 8110 2816
6651 31
10934 2292 7522 8185 1559 18581 4620 15529 5141 1613 6885 4514 13448 250 17319 2123 17130 1310 4415 833 12102 4158 15806 5313 1604 1783 7499 11164 13924 18430 473
3673 30
12391 3709 13050 1914 10147 453 7044 10383 6408 4560 17049 8280 15320 16773 9545 12324 13404 15345 15947 1547 15832 14612 1305 7469 17197 17145 1309 18431 993 14072
6783 30
514 5954 15305 5091 7355 9763 1335 17195 10261 7944 6738 11931 902 11093 13301 1819 12190 16374 7289 8530 4946 6787 1495 6872 16985 15527 9585 5255 12359 11640
87 31
17796 16918 16676 2670 1723 4792 10494 3042 1024 13553 9738 6558 203 16859 633 7260 18299 16952 2610 10721 4420 15797 5893 7368 7548 16509 6850 968 4286 16099 8122
2303 32
16770 3730 12696 12062 4173 3686 18279 2554 6384 3984 1990 7391 14976 2056 10131 18168 10217 10017 15389 17880 3982 6811 11600 13320 2414 13797 12733 1888 15567 14176 17888 16180
5182 32
10976 16194 11412 1641 17335 8888 9348 18713 4774 14675 7574 8849 1722 10610 11494 2596 17284 16464 441 10355 9464 15254 5861 5901 9596 9867 7915 18620 6619 11186 3702 14258
5123 30
14183 16119 4597 17038 2216 6103 14249 8551 17159 639 7496 3783 6641 7878 12038 14195 10165 9143 3130 6788 6126 3414 285 13971 438 11114 11686 311 2519 517
4291 33
3480 3365 6351 9824 9512 4131 3229 11398 11854 3989 13520 259 10671 15433 2215 11284 18141 2377 12745 2987 5143 14152 11984 1379 419 1904 5073 7828 7804 11084 2052 10981 6886
5872 30
7831 12368 18788 18550 12128 10044 17530 8733 9041 4085 4181 12133 3208 3680 13387 10235 13651 277 11954 13329 16402 8591 7754 17167 13636 14670 18590 5277 8437 4563
5992 31
796 11183 15032 5205 18183 12333 8128 5123 18630 3419 16413 13192 6778 8706 4846 5720 16737 4746 17757 1421 4715 4149 15324 5701 5229 11224 12356 184 6710 105 11846
2170 30
14307 11011 1341 10032 18754 11990 16611 9248 11171 12057 7312 7979 13869 13261 12245 13263 16259 127 8734 9546 18757 15188 11411 645 3497 2372 14793 10673 1634 17744
3025 32
11911 806 6698 10415 18502 10438 18475 6119 3872 14476 16088 15020 6466 2757 3821 18693 6744 11826 9825 656 12992 16087 17194 484 8885 4338 12998 5968 5853 18449 17112 15835
2269 28
2834 7324 18354 18298 10690 14474 8503 17631 284 7167 17825 17469 10857 10354 6679 11027 11221 11368 5212 13189 7874 10550 17063 9183 15323 15755 9406 8400
2626 29
8916 12758 7387 5049 12170 11165 16239 9589 12140 16451 2380 10099 17143 17316 3920 11889 16744 9712 2092 8933 10852 16669 18226 2281 15954 4742 8982 16538 17205
8055 31
1201 8582 699 4711 11506 13789 8639 17356 4685 7394 5008 10884 3061 12863 16054 616 234 12237 3976 6421 16944 2361 4543 6954 9558 14847 11745 18307 11416 384 16157
2343 31
13196 2599 14019 10228 18135 9994 6396 18130 18396 1868 12591 18281 1937 3558 6528 7484 11443 6242 3081 16823 7657 14645 11971 3910 11294 14409 12666 7941 6209 13800 6435
4912 28
7893 3172 14964 3743 2153 341 15462 4669 12652 5777 1112 8217 2944 1673 16989 14260 18276 7635 16862 12151 11582 18629 11169 3781 1233 17096 587 16799
4575 32
4539 10856 18608 10132 899 10559 2426 7976 13439 15770 1194 14437 4063 17693 6517 15478 2658 16756 2236 5620 7562 2885 4198 18064 6750 16777 11137 6574 3421 7938 10782 13484
1363 28
4490 7697 8281 858 18674 10018 7262 14134 12840 8165 11199 10347 4472 8443 13778 12275 4282 15173 11427 5026 14540 8459 10243 5405 1153 1686 5245 84
3088 29
8271 1638 13929 14588 894 13564 13872 18664 13068 6661 18637 13369 13133 10779 12045 16568 8707 4312 17325 194 7887 15369 3806 12424 11617 18194 10076 16791 6895
5358 30
10640 7203 17471 1993 11492 16022 11700 4162 3511 13841 9223 0 14029 3802 17479 9303 15606 10830 5430 18698 7393 2018 13375 16700 2582 2079 11938 10405 6026 815
3724 31
2818 5046 12345 8140 18142 12217 185 11771 7288 3308 7872 15644 2104 10986 3507 5708 1561 18367 10072 16216 15913 13222 9409 11024 3796 6503 13792 14826 18604 10548 7160
4788 28
13955 2609 13247 11840 18264 3527 15166 12346 15130 2966 7400 17644 12826 11002 13038 3116 16811 5584 13355 15731 1960 12584 4400 14769 2893 8413 16880 16579
997 34
5895 16534 14878 4898 810 4148 16470 8297 14705 14520 924 6807 9872 15818 12723 8184 18148 15736 17633 132 14400 8827 1315 10183 16146 4513 4300 5957 463 835 7359 15490 18178 2237
1699 26
8708 5137 881 3192 17020 11946 2502 6912 11357 9182 2073 3466 13116 5526 10036 13537 14558 17522 5427 3620 9855 13885 14480 7282 18344 18106
3052 31
17680 6936 18100 5564 8520 3545 2562 116 4356 2282 2135 5251 18040 11535 14447 177 13328 8100 14897 10359 1347 12053 5373 3679 15127 16471 13489 8232 7486 7384 5984
4731 30
2879 5068 16616 9077 8822 4208 15549 6336 13917 8859 4033 1732 900 8215 8841 7646 5318 15589 6554 15712 254 15586 1352 13933 1541 6527 3874 5773 9155 12339
5809 26
18437 12812 14489 18116 2814 16830 10079 17526 7608 9362 17682 8252 7185 1408 17224 10844 2592 17548 175 2147 81 9128 17972 13190 12195 5610
1776 29
16403 6303 2241 4809 4056 18302 8974 7553 6381 15778 15109 9396 11174 6378 625 11209 10646 2595 7155 11423 7773 4349 16211 7142 14956 1338 12887 11743 16348
2488 32
5787 17948 5408 10333 12517 14321 15976 2697 4538 10916 8541 11569 3460 10725 6411 4005 1564 18808 7838 9461 13041 16858 757 2566 2704 9623 13097 1630 11558 9446 867 16077
2252 32
5825 4292 14035 8225 2204 4127 15422 16448 1782 274 9985 9304 17149 10571 3952 6587 17787 12088 14233 5154 14668 10593 15357 11127 6829 760 16948 16497 1346 8966 4798 7022
2125 30
8358 12534 8824 17173 607 450 10238 5224 5672 165 13486 14937 821 4703 11049 4392 8544 10759 17455 5571 10546 3871 5399 17139 2835 11865 10907 5809 2336 372
5990 28
10141 12465 7219 1086 14538 15219 3990 7299 17394 15505 3652 4306 13696 1895 10893 17381 1326 917 5349 1623 16955 15575 3986 9072 13921 13680 11046 11434
5394 31
2950 1944 10231 13691 15440 10633 1620 7426 2324 8641 432 9775 1189 13772 14770 5867 6130 11681 7018 16698 909 2977 10703 2511 11642 10519 6365 9174 3279 18826 8084
143 30
4284 18761 16949 18589 10295 8417 11410 8393 6382 8663 16045 17237 6746 2447 9709 17893 14818 17186 4794 10940 10128 18733 12218 12638 9382 11749 13288 12082 11348 6341
3560 32
14120 2128 2280 9375 14845 14574 17774 1790 1150 10014 6838 1553 11092 110 4872 3629 1771 11937 14510 1667 17286 11242 12902 5469 13916 11754 4724 111 13822 10542 7551 7448
1517 32
15370 8587 3223 9173 9313 11753 11602 17492 1010 882 13212 34 1926 16769 10088 13842 2200 7733 10564 8369 8538 17119 14250 15524 13606 11362 2672 12109 4509 4979 11502 5317
5788 28
7824 9622 10464 12932 18110 7205 3191 5989 4721 73 2206 6736 9737 26 10097 4090 6762 4897 13592 12944 128 2413 18470 10360 6097 16685 14471 9686
4358 27
5139 8250 5834 14889 3401 11393 9052 4665 1910 7953 2883 8032 8664 1250 15249 13238 13994 4523 2829 11538 8427 3867 15342 5700 3961 2146 1422
2314 33
12547 11014 8740 15174 584 18638 7421 17158 16951 18338 4863 3277 12431 15594 1595 13891 14424 16662 1642 13880 10085 10570 17795 17813 9534 1674 777 15663 2715 2889 9586 17106 14197
2041 26
2828 7317 16163 4903 12898 629 8346 2747 12192 2429 3212 8686 2542 15783 8552 2080 18395 9161 8415 6915 8111 10849 5113 9720 14896 5140
6074 29
7929 7898 9091 17085 5225 10379 3644 4799 16848 2608 3908 4958 18767 11226 1803 10823 1144 13343 7054 13246 10813 7747 12065 15484 5203 10815 12182 17165 17023
6595 30
11546 2209 979 14551 17881 12765 2559 10151 14891 13675 537 17985 17731 6260 15351 2896 7427 15413 4624 1714 6307 14380 5554 11918 12789 5529 5499 8971 7990 13458
4806 29
13481 7611 3780 958 14472 5847 4455 1628 18310 10453 8762 9829 910 17981 4291 9506 9875 14947 17425 16370 17968 2866 10820 14806 6771 2523 17378 15737 14349
6767 30
4229 6800 5669 11604 3447 15347 14000 14975 5993 14797 2708 8589 10816 4601 17296 5479 16827 16601 9404 18474 3104 10466 9907 18125 3268 16707 3678 15165 486 5476
4978 27
16435 9412 16877 14838 392 252 2394 1823 11192 4202 15110 10665 12596 10179 12865 14788 7575 12646 9452 18241 9660 2224 9356 9891 15169 16763 16253
8761 29
1165 3473 10938 8265 10608 1203 8512 16113 17450 1438 10290 9280 10134 3262 1450 16064 17529 4473 15622 17786 7634 14144 4018 13964 3118 16232 14384 8451 6322
127 31
7168 8464 2264 11289 2137 18195 12537 18842 138 6599 8981 6423 2664 16452 706 9667 6513 15365 12191 16463 2556 2880 9565 9139 18493 14456 15223 1609 1780 11568 4052
1889 31
10915 1885 12019 11544 13712 11667 18365 1696 7137 9176 9932 16627 12247 18239 3489 3134 972 12567 6171 6243 8999 18220 16965 7525 17309 7523 9286 13835 6313 6108 3359
