102
5566 11
46651 41249 50012 24310 55438 34710 53362 43173 25028 40730 52400
7686 10
61665 40652 48032 55425 4626 6105 10756 17934 51589 33712
6435 9
34479 57481 58660 37215 10621 41108 55641 25304 13363
5000 9
13578 125 27629 43946 56817 56585 17798 61603 35649
3074 7
49789 46297 34061 54472 1017 58131 22711
3393 11
27537 28815 4550 60240 21973 59040 54313 42662 45087 40591 36212
5646 9
50728 36825 1907 24953 46552 16214 56082 49026 32258
9014 7
27318 62157 44084 9276 51027 554 21419
2712 6
49464 9459 3734 26496 1785 34769
6361 4
45453 51913 57349 45827
4317 6
12364 40240 55377 52246 4192 36395
3037 9
22669 14919 60152 38749 5577 20867 20761 14072 18648
540 5
26034 60729 29051 27605 37960
1256 6
14260 60538 28847 17143 37560 53001
9981 2
1607 7789
1054 5
7376 45260 17122 49723 31003
5422 4
38243 6929 52174 46321
1729 6
29668 6644 28828 32424 22470 15145
1176 6
43389 2382 45498 59226 42646 49112
5308 8
21150 61241 14776 9605 55351 53542 44367 31944
5602 5
12964 39226 25009 9397 45631
4377 2
27759 30629
369 5
38101 28996 56476 12768 15228
5569 5
20611 25712 9050 20350 52625
8191 2
42070 55743
938 3
3749 52128 27548
5155 1
2676
251 2
34468 58353
4588 1
28612
1694 4
54080 22985 30924 53552
1006 5
1738 44574 9740 32773 27004
4971 3
39502 60843 40140
6241 3
26529 17873 58448
1124 4
23855 53209 20828 32016
62 2
10577 13223
1744 3
47102 41232 33054
4902 2
42370 9649
3626 3
27140 22480 17478
5461 4
28534 1097 37077 17005
6283 2
23662 9484
3520 3
53521 20873 45416
1484 2
50010 32785
3420 1
12579
5215 2
60000 23817
5364 2
59269 127
1169 3
5505 6483 45378
2549 3
40188 28123 33437
3020 2
39103 42923
1980 2
42695 30331
2660 3
23750 17973 52298
2109 1
26159
65 3
55887 8786 33249
121 1
32510
2742 2
32473 7224
1477 1
35138
4653 1
38815
5597 2
42457 15790
1105 1
11275
8257 1
60931
5380 1
25714
3413 1
46158
4843 2
24397 28036
3496 2
57210 40112
3682 1
5588
1645 1
55353
2598 1
20337
3191 1
45371
2168 1
4063
7 1
25806
5905 1
14343
2496 2
27495 20452
9497 2
58188 42094
821 2
59512 11143
4190 1
41979
4552 2
12346 57537
1878 1
3105
5406 1
52472
3167 1
12906
3152 1
30995
1707 1
60287
2172 1
247
3219 1
49991
5601 2
59983 24068
7584 1
2997
402 1
35111
744 1
61390
1354 2
55230 61232
50 1
3791
5115 1
833
700 1
16698
4268 1
23416
5174 1
18697
5365 1
59017
5413 1
24636
7466 1
4160
3676 1
48898
3365 1
24613
1771 1
9678
4803 1
22663
98 1
18006
9767 1
61935
6081 1
13679
