16
3555 197
94558 80776 3551 69956 12220 29877 47761 73526 88629 46600 39209 24718 53248 19332 53552 92403 64055 30902 90002 41534 93587 90210 64654 18458 80290 70896 93995 42303 11186 53353 12187 94526 63320 28090 5599 26880 2235 88503 96781 8253 81811 28629 99897 29164 88236 94960 87857 12087 89580 47240 3321 52652 32336 98237 24558 7860 494 50278 98187 24775 80285 71233 43499 70183 91559 10819 53315 9745 99892 14907 65522 4231 33442 44498 45279 25634 21149 98785 47090 32774 37400 14746 30992 12659 43020 34677 86450 49446 9607 13609 1886 85003 82770 95446 60423 76265 14418 21290 33423 87960 94365 22341 18839 84425 96886 95818 98516 47931 60929 86103 21244 40999 27540 89247 67909 53061 22535 86333 76971 47574 58869 37430 57039 63110 51938 82446 84048 49636 60003 82111 98930 11866 67285 68512 82302 76926 25898 18394 43229 52971 30185 57343 803 80346 36464 5064 72668 20334 93528 48501 90242 9528 82029 35148 61822 459 25895 28133 89464 22019 72124 79493 45999 63021 41487 43808 71507 38284 38638 72209 41453 21482 86743 59502 54553 89161 39991 54650 48957 97618 80671 69307 65426 76096 15302 44320 26501 25902 4438 5967 88638 14922 65506 90733 77026 287 95095
2976 136
23468 29754 11974 69010 35841 97023 4568 81620 18734 34205 3163 36944 49808 68404 81302 38670 69096 9615 78035 41967 44048 169 35108 73499 4561 47232 87403 46132 48962 59999 39110 59544 82543 65139 93073 64833 50128 28472 55464 14386 90179 88102 12023 43219 27617 52813 37527 85088 38118 13075 55783 56346 68828 35264 13724 47115 97826 50704 17506 21170 9306 62106 54263 20760 77992 32247 88671 72769 65984 77966 81381 20085 59437 97248 34108 50624 51791 22233 79592 75429 30976 38920 64701 62297 19248 70000 44070 64984 24823 47390 97951 27321 55300 86662 95037 42208 93525 27438 83355 89806 29929 15203 39853 98298 92319 40129 36720 12713 61574 73852 12918 92421 90461 71466 35286 37123 28381 39301 21585 75060 61223 99506 74931 10159 74602 17413 42848 78662 94647 30798 75861 72476 9739 51883 2311 30574
1712 86
55185 9869 54554 66834 16799 77800 33722 9451 88589 27871 36810 84464 9915 26432 75720 6914 99006 65579 29841 71150 9020 76995 95004 54088 50995 72193 14123 81321 85755 85026 68674 57149 57155 20312 3457 90862 18282 20878 23169 94297 86601 96709 89626 57556 31691 33917 78972 67637 30204 25101 74606 7532 13697 75278 86307 53054 88062 6640 28580 42326 31261 22888 25756 74045 92005 57479 6111 66320 91937 1454 61182 95493 92268 8891 21384 50471 41046 50354 81398 51122 84079 87935 49338 91536 13336 95267
1100 61
26566 82278 5809 11510 87985 24258 67368 61516 20690 33517 63022 33623 68870 32682 74992 66012 98496 26633 85731 82858 82098 12 76543 4160 50674 89497 48639 56284 739 85971 45951 11840 48996 33869 39417 6307 48723 33728 70481 72932 89409 62075 46776 951 43193 88289 79112 94397 79823 61308 3120 44364 476 46860 46916 23286 49048 80679 62406 74445 63594
1961 39
89301 22466 7941 5043 5229 52737 54024 16 70081 75739 96251 88607 86 35749 45940 87426 36153 20688 4394 22841 32074 77391 83321 2231 88762 91512 56582 4450 35926 22606 23944 92460 81387 20502 4803 11152 1467 40521 5384
658 34
35412 40182 51039 79476 75075 13550 55777 15039 71854 28048 39129 46314 33799 1273 23282 14060 85703 75597 57576 60424 71462 7459 41239 76895 33717 19834 36788 39887 41145 76748 30892 98296 31876 60097
3328 20
4615 98338 96495 13055 55993 41012 18604 75280 23494 34753 38074 72136 86642 32638 81551 76340 68319 43217 65167 25107
2901 9
33466 14775 48987 19227 51765 93867 28091 10532 99915
1039 6
90280 8980 83677 7124 20446 19057
522 2
87207 21945
2411 2
72601 11690
1917 7
47662 68942 69550 5309 32476 22216 1340
288 1
52402
2958 2
88841 76723
213 1
20634
4692 1
38967
