61
6429 22
19553 61860 57203 15812 64626 632 37442 16073 5872 41711 47178 4465 31437 61877 68408 35830 22537 58492 55025 13243 38071 4294
9657 16
5745 21019 38007 51070 56631 70000 55124 61836 40033 31345 33213 28615 44503 57909 58310 60805
5130 19
42836 74054 21356 33263 49780 29063 75049 53654 61243 22627 15366 11407 5364 19019 28173 56452 22157 44117 9200
5533 17
53507 14662 62604 71373 64653 46383 23667 1604 34598 39003 2523 19641 43938 63462 34021 28197 58318
5696 18
10216 6611 33811 14674 35328 19936 18960 62117 6415 62166 37032 33551 25867 46278 69164 53967 29912 65126
3483 12
42190 4365 11498 69097 8272 15629 49370 47458 5903 38385 68354 38728
10944 15
7475 20988 39431 40291 52921 592 47954 3997 57219 16184 11968 28139 41348 46755 74208
2406 12
1872 23581 15179 64608 8479 1861 36511 33117 66928 67894 10247 52947
5237 11
47096 4103 25396 51727 32986 37506 26743 23887 16500 13545 33907
6625 14
71627 56376 71762 21663 16392 40250 18300 26768 35959 57583 52494 23537 50362 25526
2010 12
43802 2533 3195 28338 60509 18928 67692 58122 32699 4373 55936 34962
6878 9
60813 42401 33991 18752 73758 55510 70405 66252 68647
653 5
22667 54574 29633 14671 50418
5153 10
62403 70040 72034 32746 33809 72512 60144 28187 66709 51573
2439 9
70115 8913 62046 53192 67006 57247 21215 1878 29041
6209 7
59416 35746 72824 50994 61250 73347 39430
81 8
28614 41509 30781 70874 63331 61675 43353 35735
650 6
24443 13184 23451 4909 67135 35600
3720 8
17311 20023 69501 56297 2993 54599 38724 16411
1608 4
39320 14692 72076 71202
2862 4
73306 42222 65758 69715
1515 5
39902 42221 4643 51244 35255
3001 6
24876 50650 13951 49904 58784 17077
5417 6
36015 54280 38324 11094 19363 41404
2381 6
46795 28493 60221 28336 71461 29632
540 4
9288 50231 36673 40500
6674 3
46860 68962 20486
8379 3
40481 68364 63145
8366 1
23458
4163 1
3873
4119 3
31111 55484 72458
53 4
27154 68698 34650 5501
9312 3
12388 37747 11447
1308 1
21447
1000 3
17448 66446 59643
2655 1
66676
306 1
46901
5487 1
61820
3428 1
39675
6937 1
32212
3238 2
31921 743
6215 1
9705
323 3
18367 26427 60573
1222 1
60058
2931 2
57246 57999
5097 1
55562
4341 2
45543 7832
2748 1
65440
5921 2
38354 39203
5507 2
40338 22153
3407 1
20682
52 1
20323
3409 1
26117
1700 1
273
3866 1
73555
744 1
29242
4673 1
24192
2642 1
16287
2404 1
51042
7982 1
32897
3653 1
63368
