101
4002 201
39427 3786 19671 25637 28369 16068 44534 12999 42974 34521 14939 34174 6131 32018 19490 34918 6894 1436 10539 822 30958 39984 23983 41686 1888 2433 16841 27255 3349 9643 28497 40014 43199 19598 37210 9789 19985 7045 5242 35538 10125 27549 33245 31112 43265 4939 31144 6628 31364 29211 30161 27428 19773 23617 34549 9056 31304 20378 41014 35772 30288 36960 17534 14117 24538 13604 16385 39156 22811 41952 40846 35373 8424 14358 13694 24703 29570 18830 39747 43853 36240 34023 28970 22606 15539 14123 31447 30941 16861 11180 19911 24090 24897 33802 26070 3737 14633 39236 476 31072 20526 4533 24472 10190 11217 44051 24817 41448 22712 36493 27052 44481 11497 40543 18384 31422 13778 12870 2058 29880 25360 10508 23246 29672 36900 29894 38635 8649 15910 38019 8568 19862 12369 2484 36953 27354 23606 27168 14465 25275 35623 41616 17616 43902 11266 10341 33640 16475 33926 15056 15489 42075 34503 11454 32998 30811 23660 1509 4647 42824 22773 32843 8245 43664 38797 29722 28326 3142 13657 2127 37415 10241 31801 1520 13175 4972 33670 34364 3281 3602 19071 34851 41844 30993 6267 6164 20505 2566 824 15677 16769 37812 9192 10045 15545 12910 10714 2501 37095 23132 3809
1003 73
41958 8602 10966 2853 29193 22658 16091 12052 7594 34327 271 30057 6461 890 37199 38769 41306 27607 42328 4655 8790 14727 4391 33496 34219 20890 20230 9672 33098 22984 36625 21848 13795 2850 3724 2852 28183 38624 6513 1939 5475 42232 17164 6784 1241 373 29374 44537 3699 28169 12831 39243 23457 27660 16558 44111 42500 9585 38614 19788 28834 11835 11720 3693 15077 39982 9695 10858 33373 9295 40366 2644 17511
4289 72
13032 16149 1682 7881 19782 38090 42727 37922 3379 27602 30181 9008 30910 4050 42262 39995 41864 30870 41068 17449 33533 36959 39521 23055 1620 26629 39996 31717 43389 41446 575 564 42708 15265 11012 38945 24996 4386 8369 21867 334 32893 1081 30924 1072 27229 22880 43622 21125 18266 21167 10569 1836 21241 28719 9166 29020 37336 10349 9022 18539 9041 26185 15739 19101 5364 30938 15226 28703 20051 12185 28605
964 72
23626 3528 8726 24379 12992 31456 10334 42825 10445 39814 12280 20998 8423 11285 28691 29208 17887 17757 27283 21712 1975 28832 109 42518 25313 38589 37021 37171 17920 33337 1632 42456 44253 29157 31110 15522 15403 9849 28092 15770 11164 14032 36220 33970 1895 14146 42888 31427 43302 19170 10256 23595 29150 40094 42998 42552 40335 5419 37781 30621 16153 25230 43427 13332 33842 43550 41290 15151 44049 20468 36839 42419
1604 72
18558 2312 40183 41215 27961 35335 6271 12260 2397 32546 44081 1504 35849 8158 3287 43370 16205 1073 32032 40891 20056 42234 33303 15380 20437 31517 1467 23798 35138 33963 33355 40781 44653 39017 6221 37009 25255 6379 26653 13888 13075 20786 27974 39266 42618 30947 36422 14811 18851 43534 17255 16295 14187 32771 3947 44340 21734 30992 15302 3894 13382 41356 15263 33114 30372 38447 17089 30227 32560 43717 27031 19168
2145 72
10558 30979 15480 26997 38414 24542 26129 17448 583 32068 569 31276 25928 13919 34002 21921 19548 35743 26157 37677 825 10570 4661 23739 18465 41055 33534 14794 11750 15257 38465 29091 43280 33637 22529 27281 6679 25699 22968 23991 4299 42969 24339 23195 31061 19849 2696 41927 7210 36572 5361 25352 13001 5771 27029 27872 35303 28143 15628 29623 29805 23002 8341 28867 19188 23546 29590 3726 15652 42685 41314 3072
87 72
16829 31580 1730 20590 1596 18770 24268 41326 17905 1473 9102 33228 32873 39028 17011 19718 23331 35107 14124 25448 12473 19905 31730 11966 42905 11551 20546 11281 39866 8267 39569 37463 30794 14195 11615 6301 21571 30056 3015 28332 28752 4596 25155 28364 39639 39553 4856 7206 32935 40276 43403 38133 11642 24802 36171 17648 12342 33937 15037 7914 44356 23555 16962 8919 32726 488 23572 19177 1255 24071 26410 25858
3254 70
43522 32772 2375 38590 15441 13670 20507 35301 28852 30198 35944 27023 22915 18866 28850 23354 37214 21875 15691 18074 25707 2410 14236 5165 17644 43697 6052 19540 41173 42341 42471 965 32656 5027 15996 14890 24581 28700 41873 43471 1015 4975 7105 7374 44336 39015 19028 20620 4957 31548 37660 32256 41449 22600 31380 35297 2805 12525 33716 36001 25393 24166 4188 1250 20897 33395 3654 27467 44709 34103
2474 73
287 6216 14492 8799 33986 23646 26619 41020 8633 20102 35988 35152 39990 12075 27677 11378 28221 6677 31224 44618 33598 38636 27724 4346 26054 27611 35756 20429 26990 28109 41163 28975 24154 3407 3580 19235 10236 17388 41338 20316 37058 2384 32822 38965 8512 13831 21888 38108 23914 2774 41196 8180 28313 19245 41600 908 893 12071 20641 302 10513 38094 38832 43035 18106 41197 5280 19032 31059 14830 17413 33848 34588
2104 73
14440 2836 3948 22419 23584 4669 11441 18820 43011 18972 25706 2347 30077 10408 15359 26472 10294 40671 34532 40529 12213 22744 5026 3062 36392 2494 43566 26939 14483 37082 3512 13867 18743 36779 25055 32840 21851 10988 26994 35733 20283 654 28162 35158 25632 35627 16636 32342 30994 34651 19678 39365 19968 36715 19853 16160 186 31213 27028 33079 12851 12234 25583 15167 30311 11427 32384 340 30864 7882 44298 36512 16025
1552 71
21392 13620 30049 39437 35901 34397 31331 7829 24057 20189 43307 34991 4590 27532 5954 31779 2854 16659 43947 26510 41655 17926 42087 22943 14799 17090 1213 20275 18970 4008 34923 13833 26556 30117 18687 7710 12551 6159 42538 24171 33237 43244 8151 7437 30970 16479 16533 36830 31202 40641 41145 14180 25880 44734 40283 44688 37644 12708 43146 44192 12420 32244 10155 20310 3768 19530 35379 44609 12112 17508 38111
168 71
28731 18912 23037 21542 35954 28749 35256 40878 14432 799 34648 7237 36593 3563 27997 38598 5381 19791 44403 28829 26114 17086 36283 5474 38200 31631 25952 27570 19494 10814 17037 36549 39031 40202 9458 34783 43906 9086 26227 6558 33563 35557 20425 20530 21235 22236 23994 39661 43094 13824 27936 21441 26294 43419 41790 36124 32279 18957 4308 15832 43258 22760 24550 3177 42426 25452 16628 17989 37001 21141 20562
1186 69
15203 34545 35564 31309 14111 17102 36706 34571 127 44079 28144 4361 24828 43765 16286 31673 7740 35490 16491 25202 33823 25197 20399 11261 8328 15197 4146 42002 8224 1684 28096 16833 14338 31365 29824 31778 36808 34146 30544 11282 2924 37531 23982 26594 24779 24490 9922 8177 30966 23386 10649 30387 4036 10288 29551 6624 15865 18181 21962 33192 28865 11933 31994 32969 24175 10824 11318 16605 1468
1620 73
14107 16434 5986 2087 22438 25571 30813 41082 5698 29890 37911 39915 41515 17044 9851 32613 37632 30745 26933 8403 29810 27249 4488 175 14197 32215 18632 22400 6464 31853 33618 14767 774 35385 24876 18222 11182 12490 4545 42129 27319 42466 28554 40954 44269 23695 30008 30149 43043 3675 22569 7553 25665 25173 2747 9072 13579 8463 43379 41740 31781 5206 30934 38057 1225 26986 29274 39244 26288 13535 4216 7166 33495
385 71
8965 12175 2594 9571 9257 24978 42196 34931 28754 12593 18349 18664 37666 21919 3892 28324 36201 22816 25635 10344 39228 11158 9954 11794 3091 9588 44158 42190 41585 11579 40223 18227 21552 12803 657 33612 44293 19667 36075 10140 8899 4555 17492 31085 38366 36812 538 8559 40851 21644 35062 34799 12931 23942 36826 5156 31385 44153 25058 25824 19184 16024 16285 2561 43792 37421 39492 18635 31040 31514 34438
32 70
16442 12236 5525 26838 13946 44198 2295 20014 15540 24739 43564 4809 7861 44408 482 9984 17889 34029 36092 16581 26144 31103 34994 36999 29669 30702 15775 25312 27256 7753 11313 19417 34900 68 9534 17273 20408 27805 41329 7580 25802 8481 30266 32483 32051 22395 5002 8104 43669 611 30180 7678 26474 354 2668 14002 16134 39020 33606 26824 13627 13969 20879 16646 20911 42004 38472 11742 11044 42257
1670 69
6108 29513 30964 17237 28657 36395 32887 40724 33370 6528 31043 15193 10232 18737 42484 32152 2029 39181 23614 43085 44502 12983 25003 35260 9217 7539 28406 36410 8199 2610 10816 10102 14734 19779 34266 41930 28111 21120 22970 41358 14806 21817 19037 21402 26274 36991 14681 4911 40478 21063 28267 2068 14293 12354 18314 32176 30983 16657 10736 17856 13931 44257 2496 1526 12557 25121 41238 10076 16049
531 73
39914 7436 20232 325 18824 38767 22942 17843 44471 18478 33235 43997 3467 3202 27345 27161 39290 28303 4035 10616 3071 16321 22117 20985 44304 25266 36548 21952 42922 36253 7316 43462 12322 5715 35443 38060 12759 4578 28960 30257 1694 37316 23956 41949 34811 12439 36126 36903 14425 31556 493 34233 6758 25069 24605 18071 38276 28913 11074 41462 17615 10124 37606 425 3491 135 17135 33224 26143 43941 33320 1998 12726
2602 69
13846 21332 2352 7848 36859 34303 21938 36058 24791 42851 41752 15843 3024 18853 38435 20678 44657 25896 13974 27344 4976 11507 25575 22561 36396 5725 29401 24282 6944 24576 34025 28246 40694 6104 24299 27371 10297 37371 9090 9469 19428 20500 11142 19201 2579 13063 2868 34894 4718 20859 21829 1733 26234 35092 2415 42150 29981 15510 17109 36540 40472 23490 28928 6062 7696 17627 36845 16625 39766
594 72
2301 10493 6560 20233 30851 28649 30118 30313 20746 16753 38728 31534 14392 35031 28672 5693 11693 42781 20053 44608 7984 12157 5848 32964 14574 23920 29976 787 26209 35093 31392 6974 16503 10650 40695 39917 10249 28977 25797 7834 22122 32754 31550 27860 33558 13482 25795 33162 37878 17472 18620 25800 22651 8983 18725 34080 20312 21837 28643 19884 32209 40854 17300 21208 41793 30397 26273 2356 31986 3611 39402 39598
4624 70
35000 8618 29049 664 27418 21330 33976 3541 17226 12535 5522 14788 40968 31503 31703 33593 39678 34432 29640 11467 12005 12292 12144 15790 31866 39547 3647 12538 15800 4840 42656 38833 15004 4132 17079 38216 31645 11514 14499 32387 14853 30835 30954 10036 13111 15025 8422 23403 30339 42163 35683 26497 6877 5090 41044 35753 8338 25787 30538 14833 33039 12922 2261 8853 34541 37252 41052 39246 38038 15870
643 71
40036 22262 35264 20127 35788 26215 3503 40544 17023 22254 21017 41694 24982 38878 38857 11980 1324 13258 10921 13263 43515 17297 1874 39700 17451 38506 17014 5421 20734 40484 19926 15788 17339 34077 15597 19897 3746 27629 9880 31399 2361 29152 9829 38608 11865 9133 23620 14744 6516 26847 2948 44476 1024 19806 26494 18811 31568 41444 35136 6359 19209 12194 12754 14436 14087 16341 4267 13027 25331 6926 27018
787 70
11477 38849 17585 29911 22061 4670 32207 31896 7493 28316 31405 40969 18466 39022 16243 40568 22362 20348 23487 26799 19167 32136 37661 25122 29992 12760 31078 12560 20366 11055 24629 23902 2266 19664 4402 18000 17773 11087 246 28339 20869 39230 5380 34632 13411 43888 4931 23106 4272 38998 21090 19523 25111 38046 20269 30956 640 34214 29145 31948 6429 24173 32768 15855 33197 40358 17134 28903 28583 5354
3182 68
23575 14041 43457 23227 20010 2445 28612 15797 4245 42820 20485 29335 30319 2003 23544 30809 13909 10730 22800 14546 25258 26962 6000 39939 7992 17106 38843 32599 23528 32429 40556 6722 30162 43708 17202 42323 35032 2736 41018 37700 14453 4158 17471 33696 10693 18653 14629 20076 42289 20341 21395 33099 16596 39150 34693 32060 33555 34619 39558 43719 4942 30697 18140 40319 38186 29724 8235 16939
2112 69
24067 9901 30338 8457 16494 37118 44533 30682 15145 39177 30301 21752 15272 5759 41794 31267 17568 40446 27903 34246 19934 19150 44418 25388 5081 26752 12553 38315 34616 4456 32724 42949 16317 39954 13105 28077 9395 13716 1766 16899 7384 16447 18871 36298 37864 15543 39311 27104 36193 27129 31646 25579 18903 5629 16486 24009 31086 22909 1224 18215 22883 16064 25435 23662 41969 38448 28123 6843 4258
883 70
20038 44409 39153 8604 26996 19794 44370 41679 38411 43841 1564 35326 25068 28361 44168 42717 24345 28562 9941 21923 15110 2993 35960 8125 17838 24671 6096 6249 25549 1397 20352 15913 6827 2651 13517 35276 23735 25214 30355 40704 4379 2988 14400 16120 13049 13811 38088 34691 24372 40159 22565 29066 12875 43396 41431 25657 28188 22904 15698 24928 36476 34119 27296 38330 34228 3252 36183 36296 4862 30839
717 70
18185 20910 7547 19144 23437 27051 9946 39193 24702 1025 19571 12013 40973 3046 40811 16566 36129 31693 14648 44235 31546 20739 17807 4303 32855 9646 41791 10073 23516 28248 6442 20033 42017 32624 31814 43110 41353 20558 20616 28495 39035 29003 6842 26275 24800 39808 31403 33276 32727 20475 26580 41331 15019 38211 36688 33391 21894 29458 34714 8566 12422 25344 16817 23388 11178 15028 39742 6918 8644 38438
2029 71
18218 44177 41233 14770 36200 23990 7475 5161 37955 26835 17025 23777 28794 35763 37680 2084 21342 3545 31962 23183 12779 16344 29263 17229 10846 5996 24228 12599 2652 7246 10734 10950 11603 37819 11052 29424 10609 20330 28907 32749 15023 29532 42236 24322 42733 11746 5506 32932 25830 30094 25950 42956 3501 29934 22669 28448 32072 41555 18958 159 8220 17188 32975 3097 11320 41548 15072 28101 22065 42762 25097
2042 69
39490 31345 4428 23934 13274 3059 31789 19544 10952 17781 11845 26384 3075 12996 4544 19877 14449 16020 18454 36237 2168 5203 16359 36039 41308 6947 40175 18503 4789 29013 24547 36206 21393 35997 31147 16036 19527 22590 36428 18292 44077 6209 14015 17973 2675 5662 8471 5556 11768 34452 12488 16414 18596 23063 44679 18579 5003 30503 24161 6121 11829 6922 32450 17033 28665 20321 42558 22786 1778
4526 71
25676 34367 24658 39784 21300 178 12614 37310 41083 16627 14474 10175 27080 25785 35658 38129 18586 36083 6407 18567 35148 6036 30142 36521 3522 13758 28320 31306 23223 43578 27103 18031 1236 28418 1582 29889 12039 40825 5284 34127 35614 33266 4196 38662 37027 41489 674 26395 14701 23384 27380 27238 9699 5895 37786 41520 6975 17538 4958 44472 35764 22593 35589 26683 9732 2386 34570 23084 43581 18403 35845
2194 69
2210 3837 18052 14979 21686 40720 5800 43385 44570 19921 15496 24936 3626 18242 6306 37161 26586 28904 23677 31481 4159 35238 38336 9521 24446 4495 14320 20270 41323 36368 10411 43868 4452 3424 21067 7296 29939 78 19053 43568 4019 22694 37753 17182 3857 25916 44571 44274 15321 2369 7699 39233 35632 40067 31539 11820 19 41324 33938 32745 35680 9062 42729 18409 16113 34509 43727 38021 2968
1664 70
11594 19898 9082 6804 3226 38895 4675 15078 44047 35491 38474 1661 40228 32163 41051 14370 42645 11509 17944 42547 16561 8478 7574 22804 24686 2940 29689 30264 1203 26078 25112 35948 43336 34309 1814 34520 16537 7117 7912 23520 24417 41492 8551 35986 32459 10207 44070 14148 15344 6141 28402 41798 29774 1310 4322 13501 34760 21425 11990 21370 36562 41589 9436 5145 29926 25300 20857 1536 36672 22109
172 70
10342 20251 2456 27431 21354 32741 4524 16965 519 38648 23952 27675 41951 13764 32654 39274 37558 39 3397 8266 1578 27710 36214 35402 23663 23684 26085 7194 35396 15079 34057 39952 39631 42711 21408 24221 29121 24680 31824 2994 25806 23610 8506 12541 515 34992 6264 32798 22433 29535 11482 44691 13352 11466 43372 32509 41473 9100 3971 29980 34249 39310 4029 2932 41194 5889 20276 15069 10309 42337
2504 66
42258 19672 37601 2457 23858 21089 33675 411 30566 2121 3096 36846 20803 17276 39517 14191 40991 32159 35728 15448 29478 5988 31760 39806 1384 35471 3435 23547 10096 6381 41710 33473 13682 16589 18361 37047 27572 28580 4638 43184 42823 23321 23593 5820 17682 30868 5060 42339 17981 16630 14566 43667 28598 19293 24396 17537 37785 24614 34392 41104 44658 38144 15279 30927 43855 39846
1241 70
26511 36636 29742 25966 6380 33825 40217 14237 14683 21499 29083 26027 39329 26516 20644 38592 35611 697 23418 32233 39301 7287 5792 31241 25814 29339 42023 22146 15044 36739 43886 27439 31616 4002 6569 36053 16181 28896 7760 733 23948 28151 17502 17573 6917 8073 39888 6845 39320 4413 29505 15400 15297 7394 22770 15015 37231 1204 11193 2600 2000 16331 39007 27304 25976 6787 31907 39231 33301 40981
1984 67
33446 30711 42632 38532 18613 8521 900 43832 7556 26828 11057 11362 44549 13170 26804 10310 38841 28187 1075 29337 19874 29520 33336 39111 10305 29893 1709 21187 28391 15021 44487 27863 33728 18353 16507 5784 35442 44137 44295 30480 9933 7276 6171 14084 38872 36030 1101 19484 36703 15429 24517 33594 25935 14732 21876 35468 352 8538 11531 25221 43371 31323 23092 11643 38059 29108 5040
703 69
24970 3834 2322 18411 34555 34661 14600 11501 20555 13076 19966 29895 14690 8055 9296 30461 2453 4947 1859 163 18968 16672 31277 1335 17076 36568 35095 39006 19622 31745 6061 15046 7369 23763 5461 13309 3933 8733 43688 22306 18056 36543 8625 8058 21575 15898 2606 40683 5722 31656 29933 8868 14685 29661 35284 13444 31491 23511 1234 42991 6725 7924 33278 15671 44008 17379 1481 39383 17569
497 69
6079 38756 27059 20715 24088 5006 42846 24689 31889 29270 36802 27794 23090 28524 22735 40146 42470 38394 30752 917 22264 22174 11276 16992 41249 10265 12822 38225 5745 25718 29979 19703 42624 26830 8952 10012 16066 37769 22936 40618 11771 25620 3058 6207 12078 42413 7543 12761 42850 3714 41087 7200 3755 23288 11991 22142 20613 4640 23078 22187 33181 7609 31582 26999 20780 30473 18625 1821 3625
68 70
4748 26766 35447 1062 27959 10234 23984 16151 34852 40365 1727 13225 27619 29615 41267 29758 10664 20819 21432 24986 16819 38904 10332 19297 37609 28256 36962 32108 36380 8617 43285 32240 3308 20861 13984 11113 32135 1882 25369 13396 26900 7027 27819 36582 28327 40810 6949 21916 10233 26728 34118 28633 37188 23191 23320 20729 26214 39716 12523 31003 2303 21956 19347 32640 34862 33946 12691 14310 35428 40169
2283 70
14562 16433 23700 19233 11309 22104 41322 10136 44121 29575 37991 9488 41702 16741 3119 10634 31120 11341 2717 38215 44125 11774 41037 24434 29255 8879 6535 10768 36345 43441 2878 30589 41990 2351 20504 43586 37582 29062 13087 28007 18658 44141 25894 18322 10996 13370 31588 33683 42083 40865 8550 12547 21290 11216 37960 34380 2254 2102 19988 7357 16583 20005 40082 9338 17095 26952 26967 9554 12404 36010
2542 72
6982 34105 8007 7304 6025 39276 6102 14290 32916 30156 44066 21765 9439 41069 22686 12524 19439 22052 10534 34268 13276 867 32804 25106 5424 44523 38192 6575 26039 41726 12824 3284 12177 32585 25232 14708 24589 1361 19906 36782 20025 16324 13433 19137 41852 32866 10417 32011 19769 38408 17875 21476 35262 3819 17002 25548 17930 29126 28573 10800 41926 11564 20481 11871 39250 5821 20045 43557 17114 44690 9182 43638
923 70
7510 36821 30399 40870 28015 40566 35353 24736 18029 1154 8796 7331 20733 37024 26153 6074 7765 13609 33046 3995 39542 10580 31993 5292 32824 27977 21836 21146 38030 10439 44530 40145 3840 1110 35057 24907 41661 41940 41575 39119 28342 36054 13108 24806 43661 30747 8869 43909 13002 13270 43027 28367 3775 5264 37219 19826 20376 4666 17405 13512 41900 17267 18116 35713 37256 43009 12566 32375 6132 36528
1925 69
41523 11340 40747 30552 41682 26907 41776 35687 3240 14091 38353 5904 29769 11636 32783 13556 23827 27095 37557 12993 36563 36879 16514 24463 15275 43254 37735 12792 42213 35370 22452 42527 35548 15763 37242 865 37655 8812 30362 15288 38091 32522 28412 24184 29497 13233 22489 7349 1658 36792 4238 11650 17334 23523 13071 23077 30454 11681 35381 40620 40587 27715 379 10304 29634 5459 34758 13052 12428
1143 69
4790 13837 41387 15808 14411 42322 15081 19022 37796 31195 32821 41870 35017 34024 3453 6987 43730 31031 39263 9152 4706 35852 44538 37015 1316 11000 31988 8210 16532 36550 20727 21056 32237 44588 19509 326 39824 36364 20186 35015 17729 4808 33931 25504 29437 22652 17915 14165 24807 24883 95 5235 34279 19698 34133 34167 29428 43132 35486 32630 37250 33110 21140 31721 35778 18157 21768 17149 35607
4622 70
6834 2477 41963 32905 15841 757 41226 9968 2627 13194 3131 50 2459 14468 11915 19265 30639 36301 9267 43665 24127 43528 8442 33841 7596 19142 34907 26564 23728 37890 16985 41246 15947 941 37947 43821 40018 20677 38018 19161 35269 16010 501 36872 36064 28443 29212 28475 11128 32246 30515 26401 21823 4935 27719 44224 14408 31186 19083 33906 2417 39502 30317 23725 24303 3702 39827 11273 4835 5960
2324 69
12367 35282 16041 3499 38266 13681 24710 8456 3023 19376 5697 29913 37591 42053 35040 16252 29833 5367 13690 30550 15420 17375 43344 32015 5131 44437 10883 16000 36924 4173 13906 23897 5524 4723 1607 14826 42688 24374 3952 30245 31245 12398 821 22347 18787 29835 19068 10710 3795 13654 10221 32920 32686 27388 39192 9424 12887 42245 38285 35048 10669 33010 33920 42423 16352 1178 29102 31472 34883
4204 67
38734 40967 12580 37333 27866 30365 20531 20561 19123 20380 15356 30912 38681 895 10160 10754 41508 14620 14261 11379 11684 19420 15968 26663 42563 5606 32986 11891 40574 25133 30016 37949 32089 32828 23779 8669 31100 25725 2091 4687 7627 34561 28261 9873 6503 12699 4445 15849 40161 10279 24432 26891 44208 24887 5255 37504 10301 26269 23278 41610 20260 14312 23005 1754 14514 17668 13621
3188 64
21482 4474 19100 20478 22451 4575 17387 12806 14858 35793 16499 29057 12325 25075 40090 38714 25544 35583 17072 39850 11179 12060 35378 8789 37997 41454 43713 39405 27624 30505 20325 39120 39801 6026 5624 4536 29432 35876 5785 18230 43584 2534 9019 19391 41999 39351 27899 22378 11100 31908 2620 6741 15100 6037 38297 36209 43180 8855 17457 23411 42430 32699 29209 38490
2435 70
29610 19489 1627 20216 42889 16432 22827 43130 31780 17529 18943 27917 6598 10556 22727 39040 34585 43250 27895 13836 14305 44378 9224 35099 43700 7238 29679 4541 28370 34728 28241 34804 19984 37522 15245 6239 23688 32994 13272 9354 32869 11978 2114 11518 44444 35714 12810 16500 7247 27179 10306 37073 9505 38174 29390 32348 7655 37920 28982 3468 11002 5944 2059 11120 44264 30434 27732 8360 40030 7815
2254 70
13581 10970 25096 28498 7198 341 21787 21732 18588 31330 23190 32214 21747 22410 17976 23329 44122 33062 42938 23419 6270 9683 28979 19346 37204 25152 22184 26343 9479 11143 2046 38295 44620 31980 2183 43551 22129 11728 12546 18993 39567 34821 11995 17067 1571 44255 41048 10840 24656 12405 32262 34332 21541 44693 37729 31349 8298 36517 6277 35011 7671 28455 40152 6855 18759 36356 3597 20375 10154 12148
2013 71
12365 4307 16645 38711 34272 23669 10520 26258 39744 9341 33925 7568 1393 35918 35950 32598 16606 23784 7656 23181 16770 23905 43869 38065 40636 13431 34633 16717 39580 20125 16431 44591 28550 4769 14674 13201 18780 6296 1160 36744 9831 3731 15054 42008 42283 34194 2399 718 20361 5598 2601 7249 30720 8553 43770 2908 8505 10247 41363 22076 11922 5714 6995 3678 39663 26083 38703 31737 21683 23041 30129
4795 70
31326 9866 40662 22085 15354 29348 36328 5674 22008 8937 26059 31014 5874 10912 32010 18447 15979 16509 17977 25292 26034 7454 41013 12315 11125 4834 25586 12032 18896 20665 14298 40560 39874 18689 3727 6325 17008 42088 42066 5394 19635 34190 22494 5656 29265 14658 13181 40429 35610 26858 4880 22933 8583 6553 14807 13560 18007 13853 1375 23363 42529 16253 17711 42576 42860 27597 38402 8845 9438 4136
927 68
12823 43606 30147 31256 21376 10590 8380 38352 12921 3991 43646 44071 31753 43063 43229 25888 17336 28430 29325 5371 28235 35799 20763 38397 30395 25972 25618 32956 27671 11110 11289 29804 12672 9608 30854 36305 3705 3662 27789 30889 18008 16725 6236 11596 39683 20302 37361 13580 28347 196 25829 24943 35345 27531 43874 16105 17343 14616 23028 43203 29373 16445 35386 7196 8500 18959 25019 13266
1666 70
27684 27069 38697 16046 32650 20617 694 28265 13496 32882 40648 6967 35205 30735 30827 21638 23678 22211 23125 19343 8123 506 26703 27447 41992 10893 29902 3728 10217 35913 25125 21448 32379 9227 32 12714 23890 17291 22194 40674 17512 19729 11841 16357 21566 23433 12861 18856 278 43592 5078 33715 27957 28229 17439 41779 17983 20480 29888 3613 17995 39696 44360 24655 9932 2574 43710 17908 4454 2182
2447 68
28705 9362 24382 35190 22260 18703 6089 11017 22867 2967 2164 12648 11754 37035 9584 31479 2803 26284 5672 37697 40476 4213 13676 39753 13165 20105 20476 32740 11130 8814 41222 1945 42146 35207 42172 1954 3681 730 37694 35834 871 15915 3326 35977 7787 7024 8066 25181 39711 43502 16649 43706 23536 2730 7549 40653 6292 9266 22734 5138 25375 9040 667 38720 22020 2635 36211 3788
3044 64
22209 5154 36707 22158 5985 3764 18210 34913 10137 40955 40211 22962 38672 41284 4920 11228 23337 2083 24541 15083 14815 18390 5098 29305 35828 37408 39596 19592 26506 41057 34486 10298 32230 7509 40697 36433 16736 5022 40936 29971 16124 25735 4218 11969 40817 14621 16696 11767 40005 28999 11251 16390 38031 43999 15422 18654 22467 20163 36881 1222 1787 21855 5806 30818
3765 65
4489 37400 30949 35170 34978 17605 22822 20947 28890 9782 35085 34853 8742 8748 18799 38996 12715 20403 38732 14433 18537 30187 41172 31699 15853 26620 22841 12357 33198 34943 35173 17962 2933 25839 17583 8878 27979 43483 1239 16608 35946 24930 2634 36065 19748 18203 25623 29257 22809 5454 28070 17392 32918 34076 33017 29854 25994 16319 42330 10097 19204 31320 9210 41138 11046
1379 64
20309 36936 29881 37561 18458 19226 12876 23937 36689 11503 12959 33720 27703 10622 29727 41517 23261 34494 20784 8024 12489 9333 23799 17985 44368 43588 31066 41386 23415 10355 20912 35559 32013 8476 27268 1372 30166 30416 4138 26943 12587 37297 19199 33764 39581 43822 26349 22912 9123 30917 30191 24496 12716 15570 35581 31790 33369 9481 39122 37702 24399 26776 5749 24993
3973 71
2902 30437 2048 2734 1256 22162 17713 4369 24816 26345 17342 37536 378 19247 12399 26467 43503 8593 42073 36835 32867 16618 36451 23510 33608 32888 11005 1637 40707 1524 16547 33859 39284 1515 26152 15229 38151 453 3898 30882 37167 27139 31628 21959 12368 27838 5845 14827 17100 22785 12744 8201 28001 34151 42811 13390 16337 41977 33072 32716 34730 41909 38677 23554 35389 37693 41221 13574 28892 34398 32868
3471 65
29617 1800 1516 1587 37399 15436 44161 22126 43263 7522 8615 21386 7412 40499 35304 38847 12724 2517 7352 15135 27481 20040 19668 21334 2002 27370 40209 15896 26733 18914 32571 3641 37685 21480 12737 24734 4956 34842 39352 23833 12101 43125 27820 10315 42278 3009 24332 17697 32951 42200 30536 1970 18836 16154 41915 3343 26007 5811 19149 12091 14501 35804 14933 36308 8276
332 68
4005 17280 12506 22212 36477 21877 24222 38612 32036 28759 6268 34568 21313 42327 28048 22739 9145 16478 13711 21733 27987 3003 43053 42507 8520 26046 35144 22865 20071 1411 25552 35715 9113 18705 10403 1936 26201 38358 10866 39928 1949 7233 12574 31386 23279 13407 9632 18133 27631 24767 6544 18362 41601 32919 21947 16220 4318 27317 5559 42126 27222 22465 12105 6238 43585 31020 23030 18094
549 61
40514 22853 20956 18149 40778 17865 40713 11632 6847 16807 15260 24565 40855 22036 2056 17824 37417 42680 17026 18768 16765 43469 34197 14894 13215 39261 16400 4610 3353 32642 17677 11645 20147 28291 22813 30215 26292 37292 35603 42261 36354 30068 6895 13553 3447 1193 2557 20881 1835 11141 31651 7387 40964 21594 327 43863 24285 28603 38973 35759 27173
1949 68
35646 37818 43129 33739 30039 29005 22009 10004 29291 36207 19147 642 22903 39816 33298 34766 22014 9641 39657 6019 21276 9560 35705 20900 5086 4388 4485 29162 34800 17338 29764 12862 14157 27552 24110 25828 34289 13653 14437 268 41675 13457 11067 17850 2252 21240 12920 10683 38749 6390 22921 8272 29462 24834 4356 23011 36293 39034 32795 26582 29213 43424 441 30251 37401 29227 18795 6289
4672 66
15126 30297 4717 26748 43613 38656 26123 35194 5520 18506 15331 34087 43101 25995 30167 2404 22018 8631 12167 22402 7922 21517 28730 37806 25877 23277 44212 3132 33711 12164 3550 30294 41904 39343 5871 43980 37763 2230 17317 12191 39831 41895 29082 15741 26649 27878 8534 27706 13511 11970 23944 16427 43718 26652 21896 4993 3710 35380 35781 24314 10109 42738 41183 38286 34615 21891
2531 68
35232 40168 35298 22781 6631 24518 3055 10313 27698 42461 30260 44124 234 26110 29998 31189 33554 2556 21567 4411 18916 27840 5751 43836 29240 24912 44460 28629 12033 1746 27791 8875 8651 15361 20195 44366 41148 30604 18709 14840 39876 905 8977 40061 5433 1311 36215 4481 15147 26540 19332 2427 16351 37668 17027 5366 19831 20916 29485 31987 36637 21411 16652 13046 34075 37300 17667 44015
1602 67
10630 20175 31697 5650 162 20059 20630 39085 9663 20041 2980 33710 28984 14871 5188 10203 9303 33932 9678 28258 8378 25518 36502 30217 2052 23968 43119 4436 41730 41004 4867 37852 11481 17367 9986 21937 1470 39314 14415 42946 23522 2679 41341 38787 36833 8139 9437 31158 26328 1404 3126 31639 42567 10128 28380 43750 30570 44254 41257 8147 36860 24575 29521 41384 6832 3638 31535
586 70
17938 13636 30617 20591 1109 6346 39272 34003 37874 172 43786 4042 35579 2323 11852 31686 16688 27396 22666 21214 44114 28179 30655 38864 3557 44553 40073 5297 22862 4290 18670 11744 26929 44017 42448 11015 41732 29483 39970 43179 30031 3513 5491 13423 35552 11461 26180 40500 16524 4197 37311 26856 40126 15382 33731 16403 20179 27305 26256 9042 5487 14805 36981 1328 38180 39947 42036 20225 31840 25001
1392 64
8160 40191 29190 21772 43345 31881 42599 5067 28021 41127 24062 44321 13401 38626 24559 18887 7056 38332 20872 28527 19573 2982 2136 39646 40493 13464 3245 23661 33478 19207 16088 42467 37540 25093 6871 44589 7654 19314 41483 15852 32528 1583 36904 40063 1139 12251 14599 18542 15564 7869 7645 30044 44150 17950 4396 35879 32846 35645 6589 35113 41340 16184 31107 9441
1135 65
3679 29817 18747 40487 23518 1244 16777 36427 29619 24030 10098 28175 12275 12565 38209 35145 41945 3249 31757 43969 19294 42171 37662 23221 16089 37019 4507 42879 11875 2894 20430 7759 10973 21474 10071 39636 11556 5373 11880 12799 31379 8956 4010 28227 12845 42192 18421 12116 22864 7849 16100 31370 23652 8174 2732 40944 26482 25343 5772 37707 6263 17596 19757 38666 38894
154 62
13146 35178 18064 14457 33415 40813 6904 7949 7503 20559 4936 10695 10530 15463 43631 6416 7628 39576 5093 39675 43647 11522 7527 560 33452 42972 24621 35069 30744 7577 28410 4408 10760 32120 18819 37293 40894 44273 22920 2028 15287 14137 43621 13379 28797 13588 31532 18358 19673 32472 7230 20609 969 33063 39449 37261 7706 44612 44073 12362 36678 13519
3761 65
33767 20454 17332 8850 27898 29078 5503 20150 29411 16545 22348 37936 11877 22424 41182 18329 31943 35751 43083 23569 38559 26537 33158 41871 8268 41115 4733 1600 16944 8719 15336 1488 37347 35421 13760 27826 12266 31891 42431 22897 15075 33680 9215 12286 41642 40193 28472 12396 29550 1784 19557 22165 4863 3823 32047 16722 41697 11114 35698 15160 26719 25675 35985 15805 32565
3988 66
34835 5431 7067 20416 5015 17436 36255 33402 4268 5411 4877 37121 17789 11920 17066 10705 7092 16758 12812 10287 36558 11187 32718 35104 17513 33962 19567 9489 42205 31533 44552 17127 40509 5460 10600 9792 15109 32755 40521 42294 32506 14337 11786 40533 2649 36398 19588 2248 11886 3210 1935 5547 37321 29387 43417 5044 4312 5266 12934 21461 40 15680 42913 5331 37181 22665
1976 65
39248 11554 31203 43896 29897 6293 7183 27544 14223 11337 103 7307 27205 1439 43692 30450 9552 6663 14813 38181 37907 38727 26391 4726 17214 6612 6570 35949 15663 30273 28050 9301 39395 34085 37090 41759 467 36326 28035 4977 33230 24420 646 14248 8903 42671 12528 7721 30323 23628 4773 41518 34496 27224 8861 1699 30654 27189 27682 38070 6235 21884 18570 15596 44341
869 67
36402 27220 38164 8252 42212 23526 33863 6919 38110 9644 24813 6805 5795 16121 4317 7591 25382 25338 44676 4855 23404 5732 33324 32594 38047 24761 38270 18375 24803 40859 29456 32942 16570 30298 10614 25761 26381 9855 13754 27505 34086 1898 601 4145 1371 37424 9577 11930 39058 1128 2754 16274 2311 38975 43070 40029 16392 40095 35197 8771 15216 38717 24530 35343 37135 20240 2586
2830 69
15686 21578 44162 38811 24722 40522 35796 1896 24079 3464 15991 26774 14577 33315 28734 17678 5504 6901 19078 429 26396 39132 32330 39050 21117 10906 27419 4069 28570 3581 34502 41809 35631 38424 41989 43972 39019 33862 29420 10057 36641 23325 8118 14051 20761 9103 40504 19447 19783 44440 23783 7373 25196 29260 29378 13901 8477 17848 35562 4371 30582 19263 12863 29459 36023 6788 13526 29748 42028
2992 62
1382 22093 29577 43642 28456 4123 2742 8722 25708 42769 7172 34551 20377 31083 192 4065 29552 17923 13607 18088 20158 16058 14795 31518 37490 40708 5620 35526 40239 12563 39720 23476 23486 5010 24539 11672 12589 26831 25816 37087 35809 19990 383 18102 36184 14476 31275 18143 6078 8768 35426 6458 37867 26178 39638 44126 8099 32034 24647 9815 35149 33605
1862 64
33398 4561 6826 1262 28548 41264 41800 33984 35217 31042 3273 42157 3442 20736 33437 27869 22453 16658 29720 2598 20836 20940 8244 24735 11491 18313 17592 2702 26390 24972 24662 1158 27560 36151 12403 60 32959 12632 40709 23127 36222 39852 41060 6006 16967 17571 23740 28126 8003 2284 14144 10373 32672 1248 4381 37455 34238 16030 13227 20296 30883 12899 25593 17240
866 66
23372 43311 30995 28100 38856 3841 18206 17901 24740 39590 22838 35785 38450 36442 44009 29850 19481 18467 40226 38987 33408 38379 2683 14014 27595 23390 42960 26286 34216 39363 31187 40385 3149 36727 27785 28447 32106 28164 37959 2156 10371 33394 25730 41688 21473 12464 12527 14506 37260 10786 32597 32927 8527 44055 28362 30155 15388 1737 13586 17364 39328 18492 25513 31619 7717 1664
2477 69
12990 44097 33889 35250 28106 43227 31540 27270 22911 44099 40402 26920 39472 678 43283 37141 26966 6620 12948 9771 13506 6989 39385 24653 15963 15433 28501 2897 36141 9548 28295 6825 17048 9752 12869 39210 5073 2451 2245 29621 10920 35185 24104 198 7796 15316 33846 120 5231 11555 3400 10394 4566 28809 5049 30417 36446 3141 29760 1732 41043 22719 27145 42098 36051 33912 24888 29800 28213
1360 65
759 3368 37037 20601 10438 29223 27302 36575 37888 43964 36275 12833 43183 13131 35528 34880 14721 7941 36123 12324 32160 4660 20831 18781 11140 17797 26141 24832 37887 12009 612 32210 3890 21284 38365 28720 4543 25189 8693 10538 11370 15281 31754 41996 6927 1474 33260 24430 34270 6477 34885 23282 8415 13007 5692 11184 33157 34107 43973 43429 27934 19254 41565 4115 14359
2356 63
23091 21546 38504 32502 25843 36284 22761 18865 28556 36268 27940 18891 15731 28386 37052 40104 40003 36738 17220 22191 3780 32711 3530 35540 31448 28714 13761 26413 36447 3827 30768 16730 3345 25126 14442 42223 37187 14867 11793 24584 34956 5917 10851 13979 29170 4160 14548 14282 37305 24874 32264 9386 38477 32532 40164 27596 18087 12169 34039 13841 6859 1272 1551
846 65
1309 12758 13178 28756 9778 6471 1931 16360 40218 15364 15144 30731 571 15816 4547 41615 26353 21507 17307 12287 24546 21258 16620 11553 14046 32713 33305 18279 1961 24142 2402 12102 42580 21044 20545 29549 27347 31741 37876 7037 13492 44024 16474 31674 17589 28457 35767 4950 9969 10850 18675 4839 6484 41507 15901 39323 1994 21114 23460 21216 31951 20776 27511 7506 8078
4697 64
20494 17951 22501 32406 33132 12837 31068 7674 8009 5864 26637 27713 33900 26695 24790 15694 33396 33282 32982 44135 24500 40494 33677 27774 24987 24602 42142 34859 19018 22272 24537 40980 35964 10812 5463 14995 1422 22518 17333 42875 24328 19929 39890 8724 2276 34097 16585 10141 42994 23330 3173 36671 4137 11723 24532 23957 30186 21905 23924 12380 32052 16096 1424 33694
2214 67
14686 37395 41739 33187 4891 7442 28156 9961 40916 4207 9389 2309 14005 28030 23496 43024 19410 3396 42596 4968 28253 28460 17762 32561 13050 10002 4534 17892 24654 17442 24479 13856 30748 34305 40626 28827 25925 44196 31374 30665 32490 37018 11859 18746 36196 4372 1790 4630 16695 43662 43903 947 30812 4113 13034 28238 22617 9583 1432 30867 32316 9980 38725 27633 30127 43350 8890
953 60
20909 2082 40563 22136 39354 8920 30172 21719 24436 42600 18060 2204 28228 16968 2227 16891 26888 7090 38620 25433 9751 19857 43649 44555 6751 44003 35391 24729 36264 32688 21819 2883 42611 42501 9748 30579 20093 29103 28408 26479 27605 5465 3813 37004 28146 24005 32376 19602 17363 10691 7991 21739 12597 25253 22045 41573 40417 12500 18326 30098
1598 66
19405 35719 35366 35278 43485 14878 34236 9471 35762 8892 7559 43422 44187 11041 28018 39294 5428 23399 40978 3390 4959 41663 14481 12797 29562 11639 12462 15499 33188 4739 39165 10806 15233 24691 41409 31509 9910 38958 28147 15914 29376 28804 21986 24189 37918 28268 25116 21231 16973 8584 41 35841 12308 20597 1013 8320 9798 41640 30802 6142 13671 38246 8975 8916 9916 7305
4902 64
14943 24202 27537 29294 28653 24478 39304 3006 34890 36717 11256 3865 27482 3176 39819 25893 26111 41171 5347 38803 35061 25486 3103 6912 24969 41789 31884 41716 18568 22314 3035 3485 39655 37473 32308 35307 37389 5496 38653 11606 18028 9606 31918 14720 17896 39529 33077 34455 24076 8395 19896 32517 3807 37667 3697 1832 10284 4622 34444 5230 9714 41437 26940 39859
1488 62
13389 30831 32953 19131 34599 22102 31353 4736 23838 13249 9342 31714 36138 405 17804 34070 2498 43133 10016 8637 42344 28563 21351 22759 27027 35757 42221 15754 43939 9888 31312 26307 15299 25543 4696 21893 37151 23117 10769 30545 2318 34349 18992 13630 15505 38125 252 40125 26276 9970 5691 42849 38934 31791 12986 3199 31476 33360 1681 36350 19830 39792
459 61
7479 6820 28371 39262 39091 10789 34552 38882 27175 72 4427 43496 19074 21537 32336 37403 12519 13510 10764 39839 8811 40959 29251 20061 41400 29331 11161 3147 36047 29276 41849 42193 26267 39257 12537 37029 34152 30738 24050 9228 2516 20303 34359 827 2822 19250 14478 42935 36880 29295 22013 25301 29070 20924 34528 13202 23069 520 12918 41818 37950
1153 64
28985 29315 38638 28628 5298 8285 41436 26373 4077 8694 15782 6746 37607 9468 4410 32689 20509 39782 17322 4168 11197 44076 16890 43919 40866 32890 13757 33599 975 779 21211 13187 8354 37215 16073 33263 40829 43019 36491 2289 14098 44072 18138 18332 32569 21698 13595 29231 31407 25887 18557 15282 28630 15689 14039 37398 793 10387 30776 20827 25913 25757 3283 41228
1709 61
31122 22028 17914 6028 30777 17689 17709 7180 13449 19284 24763 13785 7870 44281 22730 1118 19133 24889 27397 33972 19396 11634 20487 23107 3568 27575 11846 12796 27843 18474 25650 16981 5402 1284 12731 36617 7668 87 11887 10767 35749 36497 930 40032 24861 26935 30690 38739 2109 29396 22654 735 32820 11070 36390 35236 15815 27562 17566 19528 5669
4919 60
13315 17708 6308 27006 9857 26796 18844 36662 26323 35994 29863 34807 29359 31578 32886 43211 43620 22336 2259 41914 40971 35766 40742 21018 18354 36158 19246 43872 789 4339 7339 23058 31678 21857 12301 38956 9408 6495 8777 25198 33878 5677 24976 39462 5403 27951 4621 28039 8091 44020 41192 2928 14755 7353 6334 22119 7729 27751 12769 31225
3098 67
19933 13558 26107 42380 28596 38721 36716 6318 39070 39105 18335 22722 22929 25507 39916 42649 4478 1764 36723 15994 40532 26466 17018 36302 2555 26926 19641 3964 4412 24676 33386 21620 4906 21990 13454 7450 22431 28988 44291 7792 20655 43139 20982 33597 19640 21468 24706 44483 37826 5054 35905 34573 8610 29770 1437 19192 19881 39911 5070 5833 13855 3169 1828 2120 11368 21420 44504
3602 67
35891 3229 17124 40422 21286 26636 1 20272 12901 32048 43007 42312 8656 4869 24369 29275 21054 3294 11709 23509 22030 39740 42269 38175 9016 25390 26882 4126 3076 44183 33844 14424 3 30807 5721 19677 8517 21740 20214 2689 22403 12089 4079 6368 25416 44388 18614 28542 44678 16864 36504 6341 7328 14238 42755 32364 39936 4611 1946 40582 30168 41288 25812 6091 27892 32702 35716
803 65
26979 30637 15857 33990 12277 19802 34489 36921 16572 22608 785 40640 28552 21669 36965 7124 23455 12139 25190 7501 42438 14430 12314 12522 19646 9817 34235 40585 32273 8116 29151 14525 44506 43674 18416 5846 29516 28474 2420 23676 15550 20461 19154 43420 12034 7742 12029 15094 27234 15687 17485 1251 119 10902 18734 19665 41835 40951 27587 26603 23578 14007 35251 6738 28469
768 63
23549 6892 33515 43068 39473 23145 39219 7895 18480 16687 30175 19766 32446 32545 16311 35084 21220 43186 597 15155 13184 2705 28997 26490 32910 18549 14689 42381 13516 43162 14109 8891 24048 1710 6438 32825 36829 31729 16705 34109 29885 14897 19158 15600 7614 19797 30613 23738 17556 10885 7809 10535 2707 41251 26449 17074 24859 23428 6186 44697 13012 23591 31441
3276 62
39303 37748 21035 16197 20090 5432 23621 43989 3663 4328 33746 22313 15621 42706 10761 32619 28917 13199 5477 2984 17650 15127 22089 90 15733 29063 33143 32059 2528 24135 6583 43144 875 23120 33510 17168 28163 40554 1798 40328 12709 11330 19726 1636 32365 26416 33921 27502 5112 9308 34262 33126 40087 16816 20261 22638 111 11347 31949 13541 12311 9928
26 63
39514 21450 13359 25732 41641 42424 40490 33998 10211 19995 26068 34882 10503 43536 41333 34834 25610 21790 22012 16855 31473 1497 31352 3285 5603 12592 33190 11557 33113 18621 31794 981 34044 29649 25472 37946 5518 22584 9561 35176 40066 15064 8214 27403 23891 25567 38550 11317 14524 1238 14592 10935 12647 8736 332 16546 1036 14758 21111 31877 6492 9967 23053
1745 63
21296 21098 8068 41003 35439 11351 43636 43033 35883 33212 8954 20243 33310 19242 43415 9580 37800 16439 7836 37724 11472 29178 24245 37436 2226 32413 10405 26102 11772 37407 11981 13822 23884 17167 3996 37994 5530 9496 9822 44450 22457 43970 20239 13183 24208 6651 33087 11204 3017 25666 14199 17078 34855 18061 29569 2693 44673 32958 27534 2011 5587 19054 40016
1971 63
25322 38392 33333 40833 37508 39718 7602 8836 15027 21826 959 38005 7096 20510 42350 12573 16208 25167 20371 23711 30224 18039 21223 40884 29112 7334 22997 36538 23326 20301 24919 38406 15695 39401 33582 19931 10435 1761 22790 42906 12108 24151 16885 2729 42712 2938 11122 14973 41424 16720 10065 44720 43480 1522 6607 29284 40942 13155 3165 3063 19973 14946 28686
1002 67
15527 31500 16729 26465 34700 43245 42109 4591 10062 14043 19556 43601 6615 18058 19467 42534 16771 16734 12262 34483 24045 8770 14544 43303 712 33583 44642 14498 7078 1230 14086 30987 24457 3742 15476 24879 23493 37535 16567 40678 23225 28886 31396 15481 42452 5855 24672 4394 18422 29277 19516 15774 38032 29368 8189 8782 29929 36294 9809 39906 22388 16230 3537 7190 20918 18359 37691
