15
2949 303
3966 38931 84278 47120 34252 14192 70367 75801 20516 53617 71620 47058 7980 77069 2241 88886 42472 45176 64148 90121 23104 92787 54242 2811 61450 95917 29835 83692 81301 83427 94749 17115 60420 85204 78622 36117 40973 52725 96547 87765 43615 72684 10209 31742 1847 27791 59238 66623 84883 67947 5433 41672 29452 2231 63757 399 32516 16663 73364 80692 90435 10126 77382 17776 17469 77437 38005 83621 13169 39653 13532 17827 98675 27367 28568 69856 55046 99944 86992 55433 44770 68173 52690 28847 44425 55080 41088 63890 34198 419 48655 43192 64926 92943 60145 54523 49407 4184 6366 14769 38876 6139 94824 11805 86839 96560 97327 41109 23916 50464 10966 90827 10780 31454 38574 55543 32732 98269 62004 48600 60183 47937 97547 37443 73493 9109 86075 73816 48305 73533 47184 60187 73698 5425 3021 15542 22812 32240 95585 69179 59015 58655 83709 20387 18054 34408 7404 18298 17984 58687 68898 10631 40804 81461 40336 57901 42163 46344 36570 14612 74767 80307 61766 59175 53337 42435 85307 2291 59756 40382 32771 38068 29193 90449 16096 64178 62393 10935 18939 16032 39438 72521 63871 70690 98334 29497 49047 3361 26838 55747 12779 29142 52890 83321 5248 99471 68740 98864 26730 71531 50978 8585 58391 19082 48478 69082 14858 8132 20206 86092 44358 89552 22050 10890 712 3319 75047 53078 57706 44537 94455 63979 63323 56955 45685 29272 79340 53472 8332 44969 52838 71368 93284 13736 72193 74081 24138 75366 49668 44651 88441 57451 91421 31915 92831 70885 78185 43797 66609 69437 31946 45541 67853 89633 88475 87814 89262 88968 10257 47123 84320 82746 10836 22157 20102 50134 28591 89186 77046 80967 44319 49665 35486 28482 2323 54645 41 93038 41366 32950 33553 25604 45650 49813 40826 31088 88063 31327 15176 89300 1332 9534 52613 93669 78347 35353 86553 74305 18083 40652 62175 39722 56250
2365 172
89540 24728 70526 82489 41806 91669 40109 48746 18499 43718 26177 49729 69817 41066 79170 66165 41049 39588 95837 70383 93529 90921 20216 63142 1825 95380 42562 12069 8081 59562 39114 13964 27442 43376 84149 89533 94832 21027 4154 1363 69865 61013 1303 47450 45611 91012 58658 75929 13204 98159 45395 81757 82810 9545 28855 74234 81033 60386 20726 32167 21885 85188 63442 84586 43331 41836 17899 51572 58166 36655 26469 66917 67881 82790 59754 66845 8461 91527 82334 76944 94871 74822 71822 40814 41204 98961 20543 83168 66996 56358 76942 78944 36847 30322 5346 64351 60511 29031 8199 68162 2470 34480 36207 35104 68940 90077 45590 52684 84521 81293 90011 83993 1884 41422 999 10147 75971 70849 54312 33076 90711 52680 10474 20548 67081 29283 59523 55264 44495 17838 66853 80319 21267 84638 78151 15934 52761 56602 97997 55843 13470 38268 45238 20169 97963 22882 66902 7883 64872 87282 76073 84821 3007 11869 50252 38893 16744 99160 42816 77188 10686 95631 65340 64517 79991 59043 23719 50379 42719 41923 71633 4581
848 97
35194 66648 55088 57710 76247 71433 89273 56778 88564 80099 14692 90212 10020 73187 63629 65319 47440 6274 64781 14845 57864 58951 37624 41535 97923 38722 76899 7845 82883 85578 77020 36615 96000 24862 46417 83931 59725 21424 39172 19405 55791 33748 67233 96695 67295 99523 2977 62898 4682 10409 18237 33640 42954 2097 31616 48744 97503 19895 2103 60119 91436 95609 9397 732 13828 23799 45457 15358 38684 38230 82877 15627 11935 84738 63531 30426 72116 76598 62653 53340 58719 50021 8780 20281 77754 42151 51975 12231 23148 2286 47032 50748 3106 29963 22309 63332 76792
1362 65
43699 93971 74165 9940 97864 21693 63828 25204 80149 22440 75954 532 69901 51700 67101 43616 61496 98289 73251 27943 49281 52040 62018 28544 1649 7768 56412 83328 72893 61744 50483 87719 26214 80788 63593 27346 77012 85407 66979 62907 42211 74985 42889 7424 47492 90761 21391 7903 15667 24410 36260 91969 99829 23363 44842 41371 7110 98745 35595 52772 70567 16548 10155 22583 89442
2586 44
25076 33218 8827 94482 18209 18126 97764 22012 98766 19921 56009 4390 98801 45104 29430 91351 1732 57322 6311 46393 32975 2975 31176 14924 62703 91953 19328 77967 79222 82216 78381 22467 20338 48242 66383 33401 29435 27757 28613 26016 27923 82343 53418 8495
3291 26
14005 62344 39603 80529 10714 61849 97245 28486 8193 44960 80318 64201 30196 9968 86637 1890 17654 47368 8534 23918 35966 44335 71150 5804 73476 20274
2294 9
542 9611 25022 17287 20466 19055 57428 40806 1670
2250 5
21851 94007 36740 4030 81420
2000 2
9926 66970
2162 6
62065 902 83143 44816 67451 23795
479 1
15322
1601 2
65970 5711
1103 2
56150 19216
889 1
42767
868 1
99643
