13
49 103
59414 37397 63335 65840 34646 57825 12160 55087 5162 12143 59558 52090 67655 25924 84178 13583 38294 79740 63979 48130 85794 48557 50945 1587 79680 7082 13363 70201 28826 27462 87874 40975 2435 4399 10965 25977 25446 21655 29891 14793 52252 75909 24396 31428 11307 49056 71025 49163 25728 81443 16912 10000 47651 54956 38463 50728 88903 54968 56889 57442 59706 21338 64486 11263 68810 10980 15127 55290 81383 9143 30834 76336 57064 6663 67331 81483 52490 87207 85470 55994 50320 61819 50735 2281 56951 59314 22081 31046 65420 69996 88143 8584 49624 37992 9729 60793 5898 66710 27097 69159 20792 952 71398
3642 60
3182 693 80904 84717 13292 49017 35771 22251 36566 1841 48978 41232 7622 66988 19570 5548 13635 39494 42785 32971 83555 47267 14246 40729 63305 67552 59365 23350 24259 81839 41620 68458 82909 73377 60046 15863 39289 80729 32143 44839 27038 33619 35910 56183 78982 47456 39838 1078 3742 4506 63658 44955 48084 67369 66465 86696 77761 49154 83035 4842
4420 33
72426 45961 15065 51274 33458 51832 50808 20278 2464 8744 46156 82575 24840 11239 17295 36552 38481 61403 29413 38821 50533 76501 18657 76633 64734 22875 85807 5806 21246 21218 13988 71878 87125
5968 29
13503 9308 62548 20135 5749 12876 16952 77986 28282 69442 82296 9498 63597 9990 61142 48112 26333 25865 10451 84907 45482 29823 88862 28259 44922 32131 15357 1036 48872
4397 13
21970 19641 51801 39775 41204 49928 56702 8337 2418 13547 32306 23173 46223
2162 8
40473 41099 41967 17995 39472 77152 41701 50963
765 5
48722 7807 34995 69231 82536
6001 1
83798
1962 2
43013 19773
968 1
10128
3350 1
39423
683 1
61823
4435 1
71723
