16
787 277
28156 33963 72770 15288 64298 84501 39037 12817 64777 63680 31901 36237 63915 99074 62715 39186 44505 58321 35153 60334 6865 80193 93918 28015 22640 49557 24585 21393 43461 45751 18693 77383 73281 4817 41153 70331 1137 4839 353 8264 33809 52493 39006 89202 93992 51030 59287 49225 61961 68168 58588 74794 91083 34504 67028 37005 96513 74486 14645 71367 46169 46341 50719 68470 75817 22922 90116 64663 96929 65361 74582 16774 3999 49747 94975 41324 58499 14274 43285 1979 83237 10309 95168 37937 9546 26207 57367 53264 43037 91653 17200 11630 12034 80727 10066 70927 83757 81359 76168 59115 62401 51462 32951 98836 59211 20536 20826 51301 56979 94635 62488 95503 10411 17377 51118 36919 32472 12663 9457 62298 80965 53614 78608 13612 64200 72815 50734 26364 65166 62542 16138 53327 65626 89079 62616 3609 51096 15877 84278 27516 68672 18468 12218 82314 90043 39419 47417 74431 65733 26773 11809 49772 32607 78093 54286 23395 51000 15170 20352 49575 65400 80340 10977 53095 51281 56929 62857 66757 61375 99763 64020 4043 73753 8368 64592 79242 24213 57101 71678 2942 87226 51923 13717 3386 58887 64415 61437 38181 37529 91359 73290 42601 35444 10440 88810 1913 87562 71484 32003 68616 18532 36506 41712 67073 65266 75749 47523 38650 24567 5633 96790 39324 1489 40787 56583 78639 44518 28187 71424 83096 87077 41318 17066 46949 87223 37512 92755 60199 37404 84823 66078 9729 58091 85990 68393 28492 73543 891 88566 91643 18318 16395 76979 59317 14891 38146 72729 83024 76267 32895 77861 11040 64737 53716 8438 52470 71372 85404 11945 53424 80663 90483 19054 83568 9969 56127 9533 66303 16574 17698 40274 15866 51890 61234 48975 85911 19367
1837 189
29322 85787 87536 71593 35590 80778 90496 15356 52558 30660 97951 5513 56824 95731 40515 9526 4120 90126 67000 15192 71417 702 24319 92685 15158 30233 80446 49158 50677 43947 35544 63643 58252 29913 48681 28947 51070 70882 69172 4635 4360 75756 16277 96434 57269 21066 10435 41474 73498 3340 20291 99248 76481 64296 12298 83709 21695 10264 78842 79361 45627 33205 16501 36397 47469 54698 87069 35506 21247 30215 90889 88974 53776 53883 31723 65225 77043 96078 1829 41805 1277 12807 52382 70776 41713 63922 33555 89688 68408 59533 65242 92989 82027 9186 82794 68635 88291 80371 41119 77828 68165 70542 97670 20621 51656 33517 34028 82477 54149 20290 34948 64568 3400 13019 50563 50201 66125 31779 30766 14109 58860 88182 11770 3773 67881 75976 39389 90887 82403 6504 2650 63530 33250 65865 56753 3199 85176 28834 57518 87634 57316 57812 93831 41279 3209 53592 16580 92062 84657 82072 48104 63997 88618 7175 95607 62503 60129 99261 15475 64859 94437 37903 89535 39516 36131 17940 38111 88535 877 25266 79922 23700 49844 66108 48863 36894 26656 48763 97974 25786 20732 2819 36617 98757 36297 94178 60393 57329 8187
914 108
77370 59988 88900 78782 77163 42603 73689 11060 87595 7922 31269 30228 46517 22534 56750 90805 17210 96597 28610 50332 32128 76529 44259 12077 79639 33534 3702 20639 7715 36533 73119 57580 4962 24480 55286 22987 2161 60925 28382 42930 28487 40253 50653 30400 52433 93688 70031 71611 89842 2969 95779 83818 21862 89342 10606 77065 38333 57452 49317 72347 22276 3961 46884 84385 46207 81799 99241 36939 85 69843 33153 29843 77296 46470 75559 4967 32661 39807 90906 42300 67487 24312 15639 79862 62339 72814 85752 46800 29421 25006 34580 20499 49354 23028 72737 86775 84884 81012 85579 51465 26701 37890 51823 32837 13980 23871 966 65497
515 73
23154 18435 45889 96720 79589 95365 42452 81720 70935 34930 32261 97887 19886 83807 26867 74234 6981 50680 17208 91870 9865 17711 26763 76862 7915 21422 91207 85530 7823 64421 16853 30044 42804 47823 84034 46285 86507 40141 41184 91475 3388 61790 20512 80310 94186 41883 33561 91286 96036 29908 66219 10998 41177 7005 78301 1068 5524 90387 6547 40339 63219 58612 33278 57187 61689 3056 33566 67556 507 66828 31778 78567 1509
1011 48
18916 74196 56863 97282 64165 10683 2847 19552 26368 60143 81599 25972 18295 24798 96587 13190 28188 35611 55446 84828 13620 56642 31578 4894 23143 89527 57429 54254 28940 35348 85259 26385 66132 38322 44905 46452 35613 87004 4696 5537 73027 13596 58729 94008 22531 93503 66861 61770
671 42
42570 38205 63029 56833 3421 47299 77030 57412 61695 23311 31073 66830 55211 71017 43982 35265 65727 15182 3404 61977 11627 21319 8883 50785 57650 69709 69531 1693 90888 83122 8200 55372 15341 23781 25678 39651 26264 7552 43693 66533 59297 63475
181 26
99170 35138 58148 55618 93862 4217 191 27930 10726 15680 84306 39598 83274 63349 5329 43660 28071 98621 20463 46385 44712 94940 35272 24370 96131 42011
789 20
79697 4475 38863 30110 22658 13666 51309 53430 19231 48100 90382 89263 70410 65249 17692 9649 47099 50638 98396 65542
921 10
31206 65759 21587 953 82307 53863 12870 5743 26792 12723
23 2
58744 97422
940 1
27406
1037 5
37593 51275 17186 38241 10126
873 1
21777
482 1
29446
984 1
66268
839 1
31213
