37
3559 30
9499 59229 28835 97447 61545 29847 28469 32760 13328 60405 97943 25820 72657 34817 78656 26056 97591 57600 40183 76036 34492 25581 77197 71279 92876 53343 51835 34720 57507 74603
1687 30
87205 94719 91756 39128 93797 31081 12727 79146 88621 15858 51936 55624 47889 92714 60507 44158 71928 43966 40280 51229 37119 1789 97842 38829 98896 87736 25887 63579 42448 31396
5962 26
4499 72093 63716 89568 97088 89394 40443 56014 40406 95988 13939 24289 505 67878 46276 3636 87127 91804 1730 96368 39996 52206 56791 88535 33009 63680
4780 27
82596 44399 38481 37070 18211 98533 79375 13680 55191 71401 13845 47151 45168 24807 18932 54174 24035 85138 74969 12888 7518 2975 47587 66563 35438 21549 46532
1742 28
46982 87364 28051 72245 91039 8716 30506 16010 19399 53485 11513 31040 7495 90002 13346 17917 11380 24439 43341 475 123 15309 87836 34374 95546 11556 6507 62385
3265 24
11258 60466 36402 75160 90413 14695 56654 72768 38374 44326 12850 90768 12932 15863 47209 72983 97363 40732 63769 30048 18060 85981 92830 1472
3716 21
56165 21904 43252 70677 91331 32891 61714 59638 46390 86894 50277 37583 16361 66697 83800 81972 81660 60542 98412 97219 91161
2953 24
2690 2655 79009 33884 15031 29685 37600 25966 65283 53833 38792 7326 7537 98830 9556 87100 91019 89722 52380 44186 29795 18508 76908 28773
1033 23
67749 55743 94898 36693 68921 95920 93710 26423 8035 87871 88227 86996 53829 9047 50217 71562 28620 99144 33755 69552 72120 89748 12655
5534 17
59733 36777 99838 7522 18583 56447 94384 47551 9134 57612 9329 92934 11891 73009 21106 13065 72176
2947 21
57419 47928 34792 49785 84711 71868 20952 70219 13355 4430 40923 8269 14974 54506 62371 95342 47644 44368 12847 727 82285
1758 23
57868 24624 50583 85605 19750 99640 42161 91998 76286 97910 29632 67337 65911 16753 62520 48256 83271 69247 76558 59039 5039 731 73184
2149 20
97397 39446 89331 41067 49314 34871 61776 64585 90470 14627 94595 19233 6513 30692 41741 73310 6498 65462 42746 86928
1838 18
90541 17311 48335 20924 67652 23460 27112 57194 60628 11089 75803 7542 89267 61424 84853 22961 32547 29459
796 20
74121 4233 78273 10560 58868 70938 5661 80048 58642 97572 84912 40354 76487 29895 90988 72480 60989 44198 77878 96491
1570 19
44800 8610 82680 88294 84970 32460 40287 46703 28285 34319 10947 92942 94560 88600 42430 83269 72953 50196 16565
3046 20
78659 98674 20420 11246 21212 41885 79734 39890 73371 30006 23024 64041 10133 57185 78389 73044 85314 58579 68315 46202
1239 18
49342 78187 80746 34472 17664 15055 11266 28020 16961 75572 30431 34962 83201 10129 99816 76555 56464 9309
3753 18
19622 61694 4961 55220 41369 92632 59283 35784 35450 37276 25422 69018 76468 94378 80695 85469 40605 10165
2164 12
69650 37582 19141 77501 2126 73430 63083 48732 33737 24711 64219 33231
4634 19
4634 58323 96690 45286 72843 69832 74739 380 20529 61691 28708 95901 52129 70258 75010 31909 37810 55187 99452
5596 18
25313 56252 78828 80901 35147 39477 75590 65318 50315 21430 70883 30814 72039 76233 42287 26765 97113 69578
1593 14
20047 35732 49651 45058 32559 79551 91025 69582 75114 48792 9388 96036 91301 38585
4611 12
84013 19886 91001 12546 68766 52474 39261 32750 74115 69955 80537 39938
2955 15
62176 64038 58966 66382 11289 67597 65958 84301 77261 49339 31745 12524 86510 54803 40312
2024 11
74992 90950 77758 55772 69608 43890 5629 98536 71864 54396 73572
716 9
57978 97022 75466 30127 8712 36037 33990 62247 82174
3348 7
81325 75928 68739 54674 8050 22145 94453
6029 15
65635 15339 73992 58712 99239 35672 76998 24071 7179 94051 44211 10513 98270 54849 66052
4741 8
51453 20939 96776 64324 68779 37649 71797 44990
4401 7
93505 94740 32362 88609 72279 90889 89680
4962 4
21262 65522 71473 19527
1862 8
43667 2563 62372 31143 29676 22724 51722 52587
6059 9
91653 70806 55643 45887 48961 98913 1699 16478 29503
3436 10
95653 50989 82242 37414 32005 96187 98298 94054 12378 97542
1890 12
7258 52701 85760 89867 68417 28477 37000 12843 63123 49194 10832 1233
1776 10
59034 28183 1975 19728 71178 64020 17536 75163 41954 5508
