16
910 114
10496 84212 80632 65424 17957 13031 50825 1071 83839 90566 41793 26570 19852 46634 65207 83902 16723 47288 87808 50886 22645 50426 64098 55980 31542 15733 11118 2724 84540 88359 68314 50941 80563 25349 25858 79685 60721 6027 52593 23160 23005 76063 25287 86995 69327 37600 10265 13876 28887 4275 8901 15310 13139 44227 37656 87935 22760 23420 45467 52494 49551 38283 64978 22231 65251 36288 69087 40354 52074 27587 15160 86818 69255 32925 42195 36035 625 68276 44542 47407 28789 2037 23890 31517 77911 5271 62263 90767 66336 89616 17826 73074 83157 91032 23747 31229 25505 5961 88619 83681 57712 491 88123 1204 31465 77902 62088 47855 47563 53415 90435 46723 10513 63479
2554 80
72528 10506 77789 46292 78499 64913 21883 43217 4441 18736 10089 34014 15247 54410 72698 73761 77599 46825 51391 74476 42716 10872 71253 23451 9519 48202 16538 40867 23501 19610 82604 46200 35580 56081 35941 32790 61335 7706 32227 82274 13393 11409 75146 8656 37713 56520 15991 17332 8612 43143 9687 2854 14092 11895 60243 2185 31572 38559 4536 89911 47065 39885 41484 39473 25960 14726 77722 6674 6055 78994 6197 18017 70998 67659 26574 41336 7780 33814 1387 17172
1575 60
39113 90148 68402 66639 11629 52771 12027 49573 7324 14377 5781 13669 35068 42129 34587 31942 8387 69383 90620 79152 50020 58274 12207 30955 30442 64319 25714 6286 3544 77192 21948 65896 6194 32016 11685 81350 1875 53582 4394 71034 11 81506 52679 20174 60425 65368 27801 67218 6508 38250 73142 42168 32975 50579 20561 62647 42909 83647 63800 24586
8444 31
53175 44620 22076 31260 51911 782 71769 88841 22911 47371 55890 44480 15525 29778 22877 1606 3535 16096 30357 86567 78235 41822 28518 77885 70170 53498 55506 47192 60918 40793 81964
5386 18
80015 50582 88552 22731 70500 45104 90773 44289 44645 61264 75501 61446 56005 9588 6034 49627 90246 50773
840 18
41631 41247 65281 31661 40206 40566 76309 72935 88702 65838 84847 23848 62279 5064 29857 52510 18817 2792
3270 10
43733 9103 48804 91179 37690 88804 90330 28552 58799 39944
2560 13
24395 76825 29203 85451 60000 23523 57923 44767 36282 32286 54973 74742 16813
2104 4
79714 54298 66899 49843
1726 7
17067 30997 20157 23519 38944 45855 17262
6765 1
26634
6290 3
55711 112 20903
5772 2
58457 19877
4054 1
65154
5727 1
88443
573 1
71647
