87
1153 16
57390 72884 34076 15535 63875 42908 54354 2523 81692 60753 89754 29633 63445 88715 87535 12167
9607 13
6888 52181 2879 77735 44153 78788 77676 19925 14973 28481 88674 9464 21081
4028 13
74715 11191 28258 9471 65554 88173 83612 2711 40386 52469 81244 86967 37364
1400 15
66810 71512 54376 11802 78052 42648 40671 99330 13918 8919 7193 28425 55587 67885 74466
1149 12
57667 69499 24847 61290 70884 34140 1621 47123 80431 64529 45327 50262
6713 12
80335 49744 56218 86652 84716 7547 79257 39273 93978 94127 89432 53720
6313 8
40220 84000 94264 65458 76842 8734 99688 5946
3030 7
54921 59741 34479 57730 81179 76815 11041
11043 10
41114 92789 34608 25363 88576 72056 97064 67637 50452 37395
834 10
87372 27173 3996 11141 73632 58583 42751 66143 92008 56676
9377 9
25212 94614 85185 59729 28827 98002 13439 15056 57191
5807 8
39884 4101 67108 61826 78979 32439 67315 1273
6805 6
85234 53765 24319 92273 18190 13422
87 11
2013 65679 65356 24192 8380 46257 40312 30738 71284 57554 76024
5283 5
99040 26593 20007 46094 27415
8016 5
84224 22599 12476 43973 49299
8136 6
48992 5750 12016 64165 7155 42525
5042 5
73532 17817 21993 7360 69554
621 9
53699 27513 72875 71044 61571 99856 4371 57863 25262
5199 2
21559 53646
7566 2
93069 28926
5428 4
78980 62060 38862 83180
4078 5
37276 95375 92986 69981 35262
987 6
42294 4596 50793 32894 27640 41754
386 3
83712 83292 66292
4477 1
78523
134 6
13404 78986 19561 73699 77618 62108
1101 3
97124 83310 59578
8326 2
47172 62460
5127 3
10808 28108 28667
5551 3
67389 13680 2316
444 3
50153 84284 25700
11704 1
96081
2864 3
73146 37438 75231
1158 2
68153 63591
6774 2
55742 8451
452 2
31190 53429
5752 4
56807 85424 2623 70301
2415 3
81344 66470 75462
332 2
10424 38440
1408 2
66128 2434
11034 3
44707 3824 10318
6977 3
77706 38306 90738
3977 1
52854
2376 1
73411
2876 1
43570
2186 1
15892
10075 3
65455 13341 99375
2891 1
20456
651 2
60208 46591
408 2
13268 87973
116 2
67096 24381
716 1
9785
842 1
59437
1477 2
70828 70976
9092 1
93174
4364 2
12707 65280
387 2
95567 76720
4175 1
92635
1992 1
48411
9647 2
93598 52136
2267 1
30672
3927 2
17123 15491
333 1
45832
1814 2
3597 40140
7385 1
90123
243 1
71570
7889 1
12900
7522 1
31026
67 1
99592
1488 1
98923
764 1
57412
11031 1
32976
8862 1
38841
7214 1
34537
282 1
54754
1674 1
48466
829 1
34661
2713 1
7083
8447 2
85855 27638
4274 1
42791
7212 1
49857
1604 1
2404
1314 1
75766
3859 1
35660
5119 1
15123
2817 1
80332
