199
6962 13
71504 51838 46422 43132 8519 46008 17013 8652 48775 37806 20166 7968 43796
6441 12
3962 4745 38508 62317 2858 79357 4954 65578 51568 78427 35143 71052
2107 13
16909 9010 42733 69237 74324 70337 72427 3942 42344 10664 20880 39467 22837
8949 12
33812 40233 72145 69144 77306 70998 76228 77387 45015 1098 35330 27523
1139 12
25463 20526 63620 41447 18921 8318 41140 72843 17693 53554 60431 21833
2003 12
40246 66542 54337 39356 40606 17333 51923 3863 16612 2260 671 20340
6864 10
34636 55938 64299 18113 68784 71956 75269 77412 32111 38001
7847 10
35164 17490 43703 36617 38108 30888 54436 43748 2546 77846
1819 10
4436 66179 39202 35798 57374 68714 8852 78073 62031 29971
11623 13
31525 74533 64527 38792 44356 45585 19453 21976 74239 21804 47208 46491 49221
7416 10
69396 60935 40901 50722 11082 35206 31630 66362 51031 11085
5146 12
55993 4439 58220 20083 54222 51634 50869 1164 13782 17544 59624 31786
325 10
70178 64710 54909 78379 4664 6192 32589 4774 80719 55736
5528 8
32792 71631 41666 71260 52220 11020 31850 76633
4801 9
37773 15303 72166 38934 79058 30052 2418 70589 61636
1842 11
12559 34795 54383 32004 52618 68048 61505 48926 12050 27911 6452
10253 7
9999 28770 74742 41134 54370 42863 11922
6902 10
50992 77613 13276 41540 35735 74133 33621 7068 39601 72560
1830 6
72293 39841 17806 38550 62400 70409
16936 6
69704 38853 63433 56121 36970 48859
2017 8
74684 35780 17970 48251 26695 41168 52481 40484
2135 9
13255 63957 70302 78801 28986 75575 76265 36849 73615
1466 4
14907 58462 48391 9117
9854 6
25698 4206 41649 11081 30724 63209
3484 9
5985 51564 20327 18301 76950 19770 21949 36499 16231
3854 8
36512 35956 78234 35175 5798 6612 14347 53610
9721 9
77234 30222 8783 73423 6124 13488 311 60688 51279
290 6
70610 32350 54786 66513 28621 2419
7124 4
816 41955 16746 32084
15127 7
32889 61691 76245 31767 73904 76692 78854
1394 6
50085 23884 55715 75460 11687 31829
9121 3
41317 25115 45304
12839 5
28603 40496 72574 72191 54372
10392 6
4949 36409 11969 35036 62269 1518
11874 3
8754 36493 32082
9303 5
48976 79521 15353 64567 36953
1381 5
21990 63344 51215 26413 53673
11102 7
78070 73302 53248 13367 43517 77922 77983
10888 5
2121 48461 7504 65692 41651
10469 5
31422 6463 31267 40373 23944
18969 7
72964 59708 73200 1089 61365 9645 67287
9291 1
34152
2320 8
54730 66706 80295 62766 50698 77097 21196 47735
4460 6
54408 76966 3785 36028 81034 60670
9273 6
60527 50322 36358 13957 22786 67726
3133 1
57076
6239 5
55790 34845 70092 65336 32328
2800 5
37361 27407 33017 33622 74434
1318 4
46253 37692 56604 50068
482 4
67099 53599 58162 62798
9913 6
22462 48174 35387 27276 62949 32184
1980 2
26135 38570
12731 4
63235 46973 54384 63610
12482 3
58159 57355 1476
1815 4
69287 51548 43220 5152
9682 2
78533 41020
10607 7
56740 26768 80494 20155 12713 44019 78573
12283 3
5610 52522 264
2955 4
8687 40426 21808 3906
11596 4
41522 3592 40024 29241
6560 4
9633 62744 70764 5717
4848 1
28999
199 4
20030 45308 29955 64292
11833 1
65728
861 2
1723 10906
14564 2
72960 19007
2413 3
59491 59210 33794
9647 3
67017 53866 20533
11978 4
6835 18894 28493 57427
11755 3
42625 72719 52025
18724 4
9515 51833 65287 31660
8216 3
10841 48617 15093
7779 2
12788 18562
19657 1
44232
3343 4
5694 12125 23363 10837
1983 3
59726 9793 41324
3111 4
11776 49003 5579 32600
8669 4
65771 8583 3111 15911
3225 3
1896 53441 75305
9513 3
34591 61488 51537
5161 4
48696 56709 3405 38299
6651 4
39020 38313 25446 75352
1613 2
64304 2108
10729 2
14657 46106
3232 3
44115 22315 12343
6874 1
30731
3611 2
8065 13999
2962 2
18733 56929
3540 4
44564 20942 21698 9694
10044 3
67405 3008 47691
8065 4
29890 60551 20724 61794
112 1
9208
8781 1
24160
1913 3
6106 30317 11131
8902 2
29112 55370
2784 2
25590 12955
4752 3
58440 11299 70718
7584 1
34855
1424 1
70739
2729 1
72673
2766 2
15914 69132
2403 1
21365
1376 4
72283 55355 15120 38610
9559 2
14382 4116
1279 1
65337
6479 1
49292
9906 1
66076
13988 2
56902 3654
9056 2
62115 53939
1510 3
11877 73949 40300
6371 2
12626 79254
10665 2
5665 14856
8138 1
19331
15111 1
21518
6078 1
4856
10030 2
59548 42492
1811 1
63887
1588 2
2254 29175
1209 1
30027
6380 1
15542
7422 3
1719 58285 29892
12238 1
56909
159 2
43285 61835
14484 2
51383 31018
9554 2
40640 634
7380 2
18080 74844
10383 1
59010
10574 1
38607
11312 1
79720
10429 3
34554 14140 69052
2570 2
10330 14549
6708 1
60698
6263 1
74635
10946 2
48969 29918
3751 1
62681
8304 1
46087
11470 1
53693
11622 1
6312
3473 2
34896 16582
1228 1
49570
9147 1
13286
15783 2
23749 73863
8001 1
29968
10519 1
24337
1110 2
18193 43521
1078 2
75284 23130
3095 1
80566
6139 1
47570
4362 2
66558 22356
7443 1
6082
2343 1
13752
1684 1
46209
5572 1
36949
885 2
56788 37848
4630 1
75040
1465 1
9726
693 1
18770
14336 2
40454 109
8703 1
56197
9000 1
11190
12650 1
1286
2244 1
51455
7717 2
32080 47276
4526 1
46418
8125 1
5442
1182 1
49904
18243 1
32042
5372 1
9693
2568 1
25724
4483 1
74452
405 1
34244
4780 1
19714
10016 1
17558
9388 1
69454
6756 1
28282
1730 1
66462
6465 1
40404
6830 1
20535
12158 1
9613
4506 1
55405
232 1
76530
2828 1
38555
3557 1
12742
10027 1
30953
9691 1
785
11120 1
45476
11945 1
52390
3356 1
80015
10222 1
23968
8022 1
37827
7865 1
52569
15769 1
8301
19461 1
80169
1321 1
60570
4889 1
52600
9002 1
26106
8281 1
43188
1918 1
57358
11119 1
44027
