22
1387 125
44360 86651 87537 48004 71322 11118 24412 35042 50285 52979 6690 17533 23844 21902 97032 24136 97035 49804 62939 86530 8458 22141 57501 73804 85457 32062 65891 17774 24244 19850 30130 32831 38180 36989 71263 49863 41529 84262 71302 56657 5010 56627 78210 8375 35509 19203 51468 25472 69038 14924 80163 57124 51990 44790 36653 72318 78315 39581 37167 91865 17260 43024 69612 5769 59194 86499 92434 20254 56167 26167 3786 70111 74118 93795 86501 32447 28793 19802 60393 63198 68289 82391 68082 46667 19741 52986 78915 27745 39882 17732 46463 83344 10299 31734 95540 44823 58783 54448 97773 1378 36717 75597 45034 98920 83206 90743 79984 5099 16719 21105 66260 51536 30222 95347 26613 12277 30782 54740 25115 59893 50898 63653 96654 54662 88513
1236 92
97611 86627 28729 82646 62366 9528 81073 45276 53300 55163 59350 15642 67520 73693 79315 51928 16580 40932 33844 9048 51504 98466 62044 6339 64464 54456 16987 31552 32065 93676 66388 69960 1924 32490 58681 59141 13243 10073 47319 46050 19730 36351 59051 49130 11880 96295 18887 48195 51015 56600 54855 2655 10612 87501 71943 66308 33088 31497 38027 89359 96506 25305 72830 56810 95291 53941 47991 39554 67259 28828 62634 53815 54867 96109 88203 7958 48593 27715 57997 46492 25444 98930 67502 96042 96659 64346 4918 42412 74527 4714 57942 88996
5683 81
38156 91429 76537 7459 79083 56147 325 95619 87244 95478 43466 27755 74979 82167 7292 74478 91867 38852 50547 1344 27799 21190 35542 67560 18850 8640 79291 26810 84264 83400 73791 3700 46863 18066 70775 46839 65769 64200 5423 86324 84684 12513 18042 43090 1943 8425 77746 77146 85606 23087 97982 52596 41200 2202 59600 32629 80506 34952 50738 31893 38693 55335 20766 50746 59460 14274 63281 59953 29771 75536 57727 24915 95065 80775 12089 38722 3565 61061 92435 17294 48583
3018 55
32565 82628 66535 44017 65383 88098 3266 74726 89064 65898 55983 77270 71583 39964 37432 78153 82215 40360 72154 22740 89962 35943 82230 86232 50855 33216 49253 17039 57453 84916 6135 65469 95368 25930 88965 85679 97421 17826 9377 9608 28523 45040 46284 80247 61836 81971 99636 13310 38969 73404 85590 1880 37446 1621 70378
1778 42
81760 10589 55903 73425 42489 96390 29347 58309 89304 45246 87070 76536 67598 20287 36539 51080 25168 29938 95655 1308 1115 63445 17195 94022 55026 31427 46745 30161 53273 69903 43257 59633 31682 38209 82810 57688 19587 56375 41034 50254 30442 57717
5603 35
28029 2625 96399 56591 76456 54184 84890 55653 83432 51404 55126 17610 38565 50723 74721 84001 74586 70309 51905 7041 77069 93393 86158 91398 72933 54697 56789 10292 53324 82412 77128 92302 6643 85512 52028
710 31
23162 61903 13681 75753 61874 59781 42881 78373 41250 74796 51190 99916 32539 30827 12520 57760 69211 78813 71473 68752 44133 25844 38117 48169 90834 84214 2352 79549 15953 41276 39876
1463 20
36941 13306 58978 98907 5949 82401 89438 26580 15506 79909 55062 14564 51668 89538 22113 68679 16505 1071 50309 95507
550 15
29220 88572 55879 92318 31620 29499 366 99179 54539 40200 27330 88428 13127 18694 27248
6977 11
10881 57333 40552 82665 4505 64891 73934 66382 90580 33739 65274
6989 10
53008 78560 88360 40207 23461 45149 9775 58784 68172 4640
7864 8
58652 79296 40713 97958 8706 5427 81080 58828
7813 7
4809 7986 81473 79319 31292 54393 62027
7310 7
21136 51109 68534 2150 65565 28265 92332
2911 7
58648 53393 70362 25993 84770 72579 46809
2391 4
17725 48658 30869 40870
7562 3
34945 72142 14868
1303 3
33206 41522 17838
329 3
86912 68383 48039
3474 2
91703 64993
3312 1
57019
1590 1
59542
