116
5076 13
56297 66248 27080 3827 44302 40997 6578 37950 35806 53187 59907 45620 63975
5747 12
31030 20906 71846 10550 10651 66773 8460 61626 20592 70784 71207 14790
2019 12
44447 21149 39755 10182 55140 45518 50000 10309 8505 64167 19984 38541
5146 11
22436 43739 41499 26778 57945 36653 26489 2772 4908 6149 27447
3753 11
18661 29087 27210 10727 50107 34000 6802 67296 31105 64042 48523
8560 6
43559 64658 27283 38882 8380 57783
487 9
11019 50623 63699 702 11375 23064 69536 52892 73411
9165 7
51972 14382 20294 62107 69713 387 66826
718 10
2096 75218 42209 49910 63291 74701 72253 24442 43964 24363
2517 9
70598 40744 74890 49264 38555 62171 37032 15085 52697
3943 7
35408 6856 10869 48083 71330 22607 52723
1248 8
33817 6487 44657 25443 59611 69734 74580 4645
3200 5
29126 27206 53283 65697 27890
4536 7
3019 71460 44871 23283 26832 59445 29341
603 8
33252 23084 41787 64779 36801 15514 16879 15758
4188 7
42118 41605 71861 20411 36796 32360 64842
6787 6
43494 72756 15469 46996 39851 59120
1811 5
24167 8071 56533 865 12050
3629 3
45397 57091 21854
277 6
40800 1676 68486 22294 59549 59828
3688 8
70550 12633 8295 22115 50634 70940 17323 37708
295 5
56032 19290 61276 70384 23470
8763 3
59118 17906 66572
7226 3
42526 23206 908
3093 4
73551 64158 31100 50042
5426 7
31661 64159 2990 37384 17640 32654 31024
2679 5
35965 56134 52481 6921 61465
7169 5
26821 39105 35507 10805 16923
3147 4
66499 19211 1882 17494
5879 3
41806 60291 42202
1752 1
70834
2763 4
1491 15040 69020 66298
5989 2
13730 2710
6616 1
41939
1190 4
12614 50657 30955 51225
6336 2
12923 45278
4844 3
63215 31632 67470
9215 2
17565 46764
7350 4
43839 39478 11320 5199
1631 2
21989 33931
8085 3
20666 27635 75113
9697 1
7845
2362 2
33275 51503
3845 3
23338 7041 15161
4823 1
46141
5286 1
22240
1601 2
18937 20895
7618 2
26169 52633
3439 2
56862 37400
8818 4
3415 71127 13311 8176
4608 1
71629
8738 1
10905
6219 2
24112 42310
4360 2
23336 65916
535 2
30767 35871
6885 3
70220 70734 41648
5487 1
47066
7707 1
35458
4858 2
13757 34505
1590 1
274
3682 2
45489 26325
672 1
5781
4200 1
29035
690 1
43909
6205 1
24522
6773 1
56825
88 2
43333 37017
3674 3
75182 52718 3815
151 1
13266
2044 2
56795 69624
7229 1
11991
3210 1
52890
7449 1
10943
9321 1
3183
3554 1
44490
6074 1
67075
2688 1
31833
682 1
53738
2596 2
53021 70342
5318 1
20407
4770 1
10857
5557 2
29136 72673
7754 1
46703
6817 1
51822
4288 1
14066
3038 1
37110
7343 1
43329
1685 1
37265
6435 1
38762
6126 1
43195
3015 1
50469
492 1
35338
1160 1
74595
536 1
70763
643 1
24472
7589 1
54346
3960 1
28724
3275 1
20870
2499 1
1831
3140 1
59150
6918 1
39465
4291 1
60307
1386 1
45304
5581 1
16955
735 1
64820
5136 1
35896
6797 1
29474
9011 1
36275
2792 1
28177
1151 1
8585
3548 1
7790
263 1
72880
7112 1
14915
3511 1
14421
1291 1
69412
4173 1
11562
