118
863 10
47465 35405 21154 13964 93265 89259 53537 70809 54490 81574
147 10
53436 63139 94985 39847 53169 95141 73496 1122 91304 57980
5811 8
15211 26182 21702 92542 23175 31680 12047 16006
1513 6
86977 58366 22647 25432 18635 23199
909 7
28773 60723 87685 34939 39641 34208 52196
871 6
72611 33681 378 9542 79196 41416
1296 9
74797 70491 82319 89637 80027 19611 12679 14297 8658
4939 7
74302 49659 65780 76614 89433 39131 88396
1278 7
15235 69308 33998 5582 58391 46191 16753
1085 6
3886 78426 36465 19514 6413 24840
1338 5
25785 152 22914 11198 93962
341 5
45739 86424 18189 76870 38484
1284 6
9650 87108 9716 6617 45007 12431
947 5
19225 49222 38396 35915 24808
899 6
77221 22431 18872 75215 42515 28835
1197 8
46444 82248 13368 59620 80858 75602 48123 55260
2704 6
45787 4804 56648 74626 451 28084
902 6
42500 8776 39735 90657 35523 91429
2035 2
10741 71929
4 1
67914
3860 4
91004 8453 94916 29331
6623 4
9176 78460 46667 48496
240 6
82639 52787 57692 4684 45507 44672
309 4
29464 18891 25149 22334
288 4
94940 55100 41349 67706
310 5
88638 49046 55209 26435 15507
5814 3
31403 38834 1139
200 4
15566 68053 55703 31128
572 5
32491 67392 37752 8042 65761
834 3
21570 80085 76924
3766 3
38104 80471 68006
3313 2
82522 60780
3304 4
2517 65798 45344 48448
1242 6
73485 23328 49366 83900 35559 17774
6108 2
44291 5068
252 2
39859 68456
557 2
18057 32954
1475 2
19990 24862
220 2
67275 27256
216 2
15485 49981
1176 2
83969 52238
6345 1
29035
1052 2
9870 83351
1317 4
31281 12820 1447 65155
1238 1
77327
939 3
51046 43754 23125
680 1
16884
318 2
50856 54747
1179 3
68031 80067 60303
994 1
12570
5385 2
14323 24618
1117 1
8297
443 3
79697 26379 36740
15 3
26549 38988 25611
5085 2
60216 72388
979 1
28805
1984 1
8798
435 1
84861
1118 1
65251
6203 3
42562 3590 34492
587 3
82977 74585 54782
303 1
35584
1091 2
55716 93483
373 4
297 51074 69876 55911
1076 2
41247 12848
6217 2
4826 54424
421 1
24169
158 1
65302
3210 1
91465
6463 2
50898 72720
31 1
22761
3271 2
52634 83786
4505 1
61247
3826 1
63648
234 1
21319
6333 1
70714
6312 1
18336
1241 2
63106 62086
245 1
86177
96 3
93458 15248 83217
1198 2
51068 72603
4676 1
93331
377 2
62232 64232
954 2
26707 78576
691 1
41805
4284 1
59422
437 2
94315 14855
6005 1
8372
935 1
52960
4985 1
24249
782 1
77156
1163 1
33385
1277 1
41895
757 1
14302
191 1
10575
5448 1
26336
1306 1
38667
999 1
4834
636 1
64926
684 1
59595
2780 1
48694
1619 1
39521
5055 1
62608
1721 1
44767
1368 2
32175 87942
1315 1
70546
713 1
50472
1100 1
74665
1061 1
4207
6128 1
93390
937 1
13113
431 1
33777
34 1
74680
877 1
9969
1123 1
77261
978 1
78173
5769 1
43828
1309 1
34947
