33
6639 105
80548 82667 80932 72585 20260 54575 3941 92041 503 59777 94024 37378 68746 21906 16948 70516 94053 57093 20255 5190 35968 80806 61328 42585 62121 64671 7497 35501 79661 94610 68186 46677 4602 22978 53201 8842 94172 96335 59322 36599 60445 86646 43603 55014 80857 72713 64675 5897 12078 83237 26374 46000 93519 62329 71096 86883 98347 73972 55147 243 81169 93517 59019 5165 78226 84051 37357 79118 34839 14608 42297 46650 51604 38604 28120 31753 70401 30900 41721 56069 89065 68431 39859 73734 45325 87793 72755 7844 10707 10241 2838 18350 88834 48078 34954 17986 73665 16313 36343 99186 25199 40302 95912 160 43597
1997 85
62746 99747 11154 60764 8812 36351 22724 27743 99450 75749 51380 96660 74776 6565 20350 27559 12845 47683 57099 51675 15464 12414 43549 91470 63726 43052 6675 46464 27112 23625 61514 94683 35403 75359 26332 74779 35485 79931 90051 24689 36355 38065 28909 71505 50169 75825 4614 42667 48750 92870 14396 75385 5708 73694 21591 69594 95842 55552 8043 96149 34224 1589 60515 5863 61054 55160 43241 3569 98082 34603 10057 99274 8146 60308 71437 2510 78292 1472 54675 71603 95228 66069 41064 91946 96665
6499 70
23040 26961 61937 47726 53971 73218 16504 40964 58610 41503 85849 40923 42963 97112 2116 15228 6222 82936 69101 45647 54793 29327 11323 31232 92756 15678 81549 6987 88859 71670 77100 99877 96462 50440 54507 53918 65370 69433 9651 9783 42473 6361 21042 91773 61464 11685 2250 26097 53786 31345 1871 80654 63817 96390 1324 44207 10677 25533 73554 40170 2688 53386 64823 33221 39171 41992 18637 6110 97634 13819
351 60
1923 97814 4642 45771 55936 1282 99311 61969 71399 698 54816 26664 26421 43104 87189 4406 49889 50086 67848 14849 53885 55194 50145 14053 90971 56126 60089 12378 45419 44855 25953 28158 60680 88435 81387 79976 59 87570 76294 27447 52434 21909 86097 13735 38253 22977 85624 91759 42104 24867 11677 65290 8201 33109 8578 4468 78466 5943 30917 97278
4277 54
92373 16136 39889 30403 85354 87502 97079 68913 94539 93016 16137 92934 72776 5783 17767 90497 3136 32917 76349 98653 96002 40857 5849 81790 85451 274 6443 90519 5461 68545 17654 56759 79419 51788 15568 84522 32424 35757 52456 18952 35829 64797 91878 12944 91869 6215 49098 21515 41551 56734 54450 27906 55168 26840
457 42
4715 44509 17886 18162 98349 58675 33653 76419 40719 5878 71405 94921 92746 18472 9821 20931 91926 20744 75577 9729 69476 48233 38588 83965 73454 65262 32076 50084 65014 85000 7483 12089 97233 78771 20212 95610 50009 48493 96017 42773 20259 85942
6799 31
45761 18894 51805 71913 9502 53651 96824 2376 42861 51638 62346 66217 70993 42847 18838 71747 34004 45719 76642 20146 88339 17844 40685 34123 58717 77162 1748 94352 67345 43953 13902
2279 24
20252 73590 19426 18084 1094 68235 80557 24983 82695 42944 38443 29481 63923 71782 93445 87897 55405 84924 81090 45362 36470 55806 13348 58539
5905 21
52774 41034 24908 33363 85353 81190 71137 54489 23531 91267 57895 11281 8550 32887 85002 78638 57742 77921 80933 94824 95454
1043 16
29482 35159 77938 17469 80744 61806 13364 72423 50322 15937 15341 43485 8726 65751 24339 81872
2934 16
39073 76791 36258 95358 33220 59128 1196 11068 34582 66728 74959 98207 1807 44159 8189 50200
6593 7
43437 4156 10155 77116 99485 62282 30321
5648 11
76377 67028 59612 98493 86439 46010 69873 6497 8376 30106 15629
4628 6
97640 24508 28338 13318 67852 70806
7884 7
34017 8781 33259 21565 64647 27144 3870
5978 4
29169 23857 1635 397
1465 5
34797 68114 68508 35559 84766
2514 4
1096 36686 70296 90592
594 1
55064
5402 5
72648 26948 94305 90332 91245
879 1
93165
4620 3
43329 41033 75874
2455 1
25656
1261 2
97230 86391
3795 1
88814
1803 2
89874 47837
367 2
55490 277
2791 2
64490 52223
825 2
16660 63019
503 1
58918
4054 1
78797
757 1
72795
187 1
10620
