98
7213 9
56129 71064 3912 35562 7280 63344 26248 71598 72675
4569 8
8550 14662 17344 58506 13842 30712 48436 46098
6038 8
59031 60086 75850 24906 58840 24786 77009 72317
7936 7
40783 26636 38725 57836 8462 24024 4581
9788 5
13491 70204 37220 61233 22221
4530 7
5504 14149 62548 11242 72566 37181 68081
2619 6
46636 72265 15119 49804 45326 59876
3728 8
65306 5370 9940 13338 66901 75740 67992 32388
6022 5
24436 42170 14639 31073 13982
3220 4
45284 3834 40688 32068
394 5
17906 51948 57408 33296 57023
1534 5
21335 136 20775 73077 12093
4013 6
53119 61045 10036 33439 19907 725
1228 5
38892 56592 14182 67021 67542
1468 5
40884 26538 53995 49686 58280
676 6
53963 22395 4570 33783 33095 20692
5815 3
16769 6743 59451
3426 3
51643 39480 75933
1103 4
7983 16485 20512 1695
2404 4
38568 54520 34119 71020
3799 2
62236 28140
8732 4
28534 39430 76345 10599
1022 3
77125 11012 15458
3827 3
24648 26651 15744
178 3
44438 60097 8095
7599 3
64729 51067 26315
5487 5
39846 38046 18990 30949 46189
3064 3
67826 17011 30390
6135 2
44835 38670
6582 1
73795
5242 2
63312 37860
4108 3
3095 67582 23246
3398 3
17984 67239 35392
2952 3
51191 64581 5223
6485 2
73822 66558
5193 1
7066
3862 3
2731 9383 58513
2174 2
75062 32595
6550 3
74583 14486 53191
3454 1
32166
2891 2
49347 44494
2267 2
62957 45697
5987 2
45880 5146
1338 2
52675 35699
7449 1
73815
5909 3
72042 24499 20995
7722 2
54317 74155
7547 1
60824
2798 2
58451 4107
665 1
59228
525 2
13189 27081
2280 2
10660 65905
6423 1
25481
1061 1
10668
6349 2
41012 3060
93 2
75482 43008
4598 1
41247
674 1
58224
2923 1
3056
5066 1
30402
3690 1
38690
118 3
73848 47724 59448
5871 1
63963
5405 2
2202 34594
1040 1
62227
4800 1
38944
4933 1
31231
2123 1
16159
5511 1
44370
6225 1
19932
1421 1
10418
4183 1
13968
1757 1
63904
954 1
70078
1271 1
58199
532 1
1917
54 1
18476
6362 1
47968
6796 1
71737
6253 1
3836
3504 1
683
2685 1
48547
7815 1
17208
7931 1
10117
7115 1
31006
5064 1
65580
5704 1
14299
3126 1
10822
4357 1
59650
7274 1
48930
6220 1
52347
1966 1
57190
774 1
44765
4929 1
10639
5452 1
23855
1251 1
40969
3123 1
48880
3671 1
23334
