20
227 39
52976 78489 6286 28975 80417 78545 26951 14134 70579 15340 13136 18899 9494 25124 51358 28964 33671 84435 74167 92491 9194 85948 40798 87573 73092 75562 55196 7689 28675 39666 6409 6643 75392 67267 44109 63987 62862 38569 9968
3865 30
45269 10466 69322 47792 30895 27293 25771 75847 37511 55556 82426 97908 48332 31941 29585 89918 79955 30822 86196 43730 30686 56829 76121 79439 56551 42405 73456 33400 34645 76824
4450 24
99370 87522 98741 7745 7373 12765 87872 39053 79823 32557 72885 29381 21173 18164 88024 37328 75084 93154 11023 33355 72110 68198 24051 91913
2193 13
87311 24729 28983 8445 478 33822 53630 64179 89073 95414 55703 2705 72853
5723 15
57839 65597 69556 28393 33769 31521 4074 24357 69814 12960 77240 70084 28276 7868 51403
5115 11
79773 25045 61953 93315 86420 65747 16359 26028 56753 23080 13837
4588 7
70404 84855 60766 57834 65961 45537 98046
7415 5
4259 59104 3912 26543 48621
1269 5
15245 44920 73368 21053 87725
778 3
32850 57510 99435
769 2
49006 25568
3881 2
93140 86549
5880 2
67310 42245
65 3
89622 75065 1598
1142 1
67808
64 2
60328 74897
146 1
4708
3176 2
96954 63595
88 1
1034
5010 1
40951
