119
617 193
2569 5145 8731 21027 33852 14398 8307 16514 27268 29831 24738 31437 25869 12105 4939 3412 11106 10088 21886 14208 2956 9624 21417 9645 11206 1999 18916 19441 33895 8685 4114 26303 2291 24147 3717 32374 34956 1080 29963 622 11974 21495 33865 17698 8234 31873 3690 2215 27973 12391 13834 29353 18374 32647 2885 24558 32078 30272 6020 11543 23338 31917 21008 23341 36005 15453 2422 32132 24192 11848 22975 9564 25154 20040 25591 20656 9699 6888 23741 1770 18417 14638 7699 22105 24195 24088 3877 21741 8865 27901 13175 10320 29638 5369 23235 10417 5384 11539 1777 775 3626 10752 32240 6277 13229 27080 13360 15886 21421 33156 25255 13608 20719 13210 6743 20673 24684 14225 29960 6505 2308 18303 5587 6537 21707 7902 1555 33340 20298 5592 7111 25216 129 23635 1132 18525 4240 2122 5608 27723 17377 17030 34155 11535 22012 22929 35239 34882 4454 24312 16384 27885 15280 26448 36155 2607 29584 22708 20244 15529 16802 1558 31153 26580 15570 3363 22326 9419 23388 15763 14694 13774 5380 18828 32835 29269 20146 22760 28402 24533 4921 19589 30249 21787 34500 23019 1284 15596 9628 20614 874 31088 14123
3149 187
4131 13859 12881 15474 31870 3205 672 25285 28890 5356 21760 29984 25952 28529 19852 28569 16288 26024 13242 20988 13236 6899 15438 34393 32384 26898 19881 2361 12911 1328 36092 29 1843 33752 2732 34911 26907 35125 29483 10071 5987 20449 3217 7974 11563 5495 27431 12674 6523 5916 2096 34981 18222 31400 29741 1371 21487 23949 28630 32832 14300 30408 21853 3188 6142 3891 2265 12287 21601 6991 14456 2599 14029 13692 2841 19650 20524 36061 36255 28678 33623 12525 29959 35134 34289 30826 18963 19968 7023 29219 14219 22522 117 26556 30931 10874 26484 18709 14315 33684 32874 18242 19703 7526 7813 25165 13420 26711 26309 11503 25755 22742 25011 13462 22347 8175 18334 26684 35794 27309 17239 27064 263 21133 25870 2106 16404 19213 29140 18174 13996 25863 24385 29700 4031 17347 8653 30255 21462 25105 23859 28188 21218 29032 13285 34255 32151 30912 5818 755 17554 1114 15989 24336 28687 13681 18264 3355 21146 11583 7900 7311 34887 14731 17476 3588 25390 28085 34724 14434 4860 15722 8540 2254 15732 7291 27030 22217 32743 12409 1461 10027 23888 36001 25697 36393 6966
3730 184
34364 27726 14420 11377 29820 33482 34014 9488 27924 11044 26412 2349 3384 29019 18875 13256 27084 13306 23037 36177 20616 33216 35596 9953 22051 10118 9906 20086 20703 34793 22983 33018 14854 25315 18790 18584 9524 29134 747 6146 34703 15823 32491 13804 3061 35079 29492 32066 23981 17899 13274 4419 532 218 28095 9181 25184 22248 18785 3951 23414 25517 5268 3530 16486 3274 17688 2345 12777 11303 32055 20197 31478 6204 32682 12595 14310 27198 18342 16856 27775 35515 14794 6768 14246 26837 11640 34190 13585 35991 25447 2859 18166 8812 2485 22745 11 24957 17219 3954 33043 32308 9877 1343 15516 34119 4132 11823 33813 11301 19454 10653 14545 8506 16286 34608 8066 25724 20188 35140 35007 12665 6413 22668 31374 8074 4165 28837 28158 5568 28535 33480 16666 7034 224 16657 27598 27320 2051 2571 17475 29001 17923 6832 7931 11209 23929 21304 21624 5083 18654 10951 12780 20725 19707 17096 13361 7670 22246 10740 25769 24934 30040 2871 20265 23864 8903 27728 784 13527 32057 34481 1559 17034 5011 4106 14067 4957 11860 31763 23309 20438 7259 10753
3950 186
15884 34851 9798 18025 30329 8838 10944 17620 23799 19706 17673 32552 29064 29576 14241 7076 29671 31727 7156 10743 9595 23319 30713 13078 25329 8749 10322 28528 19942 16158 12018 23369 16357 7649 3137 14994 12890 626 26091 21916 23662 16345 26035 15623 15120 29037 6965 21884 27344 2883 2754 36240 12224 16793 2616 11750 32250 15143 7200 24704 27150 18615 33424 34299 193 13575 34826 11466 22306 19808 36166 13049 14940 8037 4661 35570 3518 34968 7363 3467 31167 11492 25608 31537 35253 33751 27823 13051 34780 14129 5585 7191 23684 276 378 16438 26781 11903 10620 29878 24235 31137 7466 8578 24410 28542 29285 11571 22289 33658 4247 10554 10969 22872 29815 22512 3110 35426 32383 16083 23122 5084 29775 5631 6687 33238 5939 9522 16267 2119 7895 1823 17539 5375 17842 16043 9976 26521 29354 24514 22744 565 31427 31739 10522 17811 18169 19250 34846 28761 16021 31767 19257 11127 5954 27168 34049 35844 9896 31373 35270 7045 10125 2479 10200 29217 245 9599 19771 4711 27791 14045 4835 16675 33760 7964 28928 23738 29870 14274 8128 26879 4696 26636 32608 29801
4480 182
8724 8844 28882 9429 7951 34077 23326 4400 1342 5953 4938 2380 7503 13140 31612 30117 9661 25568 24379 22385 7917 30088 345 28766 26443 29559 28106 20955 28693 19562 13177 20458 5305 17185 11396 23150 19345 17395 16152 10273 5745 17109 23190 22004 9296 23965 2288 4208 18196 10856 32842 6348 12654 21378 30822 27010 31107 28143 6995 19424 24180 7136 14899 14071 12143 23874 29433 19976 23233 4606 17026 23143 6057 28915 28234 25278 5258 21788 9336 7988 12279 15599 3964 7811 24831 1385 30362 7852 33460 30934 35573 31944 3388 34026 33014 35370 25704 28128 21930 14299 26652 28171 20628 34116 19733 27926 4429 21553 18063 27252 30296 1003 29565 16512 6349 4639 21489 23725 1810 32999 27871 32626 16888 25930 3000 36288 16397 33073 34888 3337 20518 26316 6172 12504 23961 12187 23723 22704 34979 9409 26939 36085 17368 6649 7961 10552 20889 32843 8278 28515 26079 1244 22920 7645 24374 27654 18510 14006 4866 13842 20702 35178 5599 30469 16003 5794 12055 36208 22916 35751 34896 24053 1038 13220 18239 28317 23197 8930 9349 35021 15206 26064
4312 178
33316 22116 9339 24304 6387 23871 19300 16756 10631 5000 34186 35738 18366 18901 16342 27625 15344 30540 19467 4596 14266 13070 20896 22527 1725 22862 15054 10590 22803 12736 32125 19049 21599 5343 25908 191 668 1113 14647 28532 21664 8491 35455 14138 36079 664 23439 28068 292 33972 31999 6167 24133 16390 6872 11330 16918 11796 9382 17405 30867 29856 1319 2670 34962 14117 33874 34391 26709 25900 13439 14381 4086 3727 7423 28604 8781 18645 22184 5309 28052 31680 18942 1451 33184 18294 1538 18018 16638 17903 6096 8841 23051 13247 6157 24924 31893 1422 791 32002 19220 12800 31845 26978 5001 59 26797 15948 1992 5710 31333 12935 26301 21975 23558 31890 34376 30945 19483 29639 602 33835 24965 13530 13045 9951 17624 3535 31950 5990 3549 5944 21960 25422 7695 32998 21883 1990 19802 36285 26416 20596 9725 17132 9301 4809 16370 33947 10864 7091 29416 15625 3440 29445 31559 3952 19936 15162 35513 3264 30049 22003 24722 1822 18706 17803 26683 1699 23882 10341 6110 657 27797 15037 16155 2181 1020 13719
2448 178
7684 10791 33834 560 3632 35400 22121 26221 35444 14972 3827 31511 31538 26427 31059 35200 20355 30606 20396 24508 28651 19951 7117 22696 20651 16165 18548 26839 36023 22360 12660 16417 15079 2003 2171 12322 22387 15555 24511 19910 24842 22998 22448 6192 31850 21945 35633 7890 1968 19855 618 16055 27236 8445 18373 3325 11646 7370 33849 20175 25453 22213 3526 35072 3792 33045 21632 13039 13273 19583 60 17465 31828 11711 4744 13753 421 21580 645 36127 35135 36185 10373 8925 33881 2500 22117 31236 6801 954 17895 10347 15955 7920 35845 19485 6812 5439 26951 3892 1074 14704 516 32931 3598 3946 8148 11197 15710 31959 3227 6374 12619 16738 16866 33500 4604 28486 359 2275 24580 35599 31002 20568 7682 13639 32294 19571 4324 17566 33915 9542 4146 573 23548 22039 17229 19931 32968 1430 21759 21878 15960 24821 11683 35960 35106 1378 32757 2409 33336 14057 8767 2987 23634 32683 35333 23729 12390 35024 309 23862 255 31009 6066 20004 24447 23147 19821 14674 32861 23482 2522 11897 8616 20533 822 9176
586 183
17412 3083 9754 9792 25669 3157 21597 3697 1160 29322 14997 9422 31439 13014 243 23802 28932 13074 6420 16185 24404 17244 34145 7555 16276 10149 12209 15326 9913 35530 22245 20576 10443 20400 14941 32413 2617 3797 18655 23700 36164 17929 8325 4588 8197 8228 106 24228 10195 28663 4375 19837 16101 15027 27635 9511 36200 527 28874 30630 24037 2972 4302 6081 29682 34508 30229 28759 24881 13384 12715 222 19082 25929 22791 33948 4313 3811 27204 17661 5402 294 33607 35632 11352 14632 18938 23987 35644 28876 32361 32956 20006 31275 8544 25027 7800 1829 25738 31038 7369 11067 26068 22435 31613 32526 5425 1524 5339 4934 26989 33794 16827 19227 14884 31393 16245 7759 25717 9573 30850 7139 8944 12136 20796 9305 3032 35580 15734 10397 10207 9908 32008 6219 16884 8643 23806 35004 29090 2161 14877 15928 14159 13407 28728 5550 35113 23968 2018 13661 12500 33124 24978 3409 10074 22271 1539 21394 711 33181 11787 6430 25425 34748 23026 13528 32543 10868 36325 29453 22795 36241 32754 27702 25265 17709 17916 19002 22832 22730 31069 27620 9956
19 174
16468 35484 26297 26815 33484 15100 779 17186 5927 32059 1910 14714 6530 23444 11179 15792 7629 13268 17892 9201 28238 11479 30468 6077 23956 16977 14841 9321 15771 25311 7970 3723 36107 1658 23170 8774 31889 10561 6764 15058 27613 25666 14463 1370 32360 32541 3839 28224 35011 13956 13794 14433 10858 32436 28434 5058 6648 459 11356 15440 17045 13594 26690 32275 2176 639 16773 32157 24121 19638 18884 12300 28864 34682 22628 8680 7187 28156 8233 16698 19269 8996 1349 36245 26390 12903 12641 742 15502 14607 28448 19587 12010 9930 27437 3484 27226 28643 5506 25081 32000 21897 20467 17761 30077 27229 10191 15541 14688 3410 22840 5577 27233 32495 20944 3559 14416 6833 11648 24022 13001 18021 3708 1831 9045 5753 22934 29250 24392 5450 30420 10214 13974 35119 25462 10619 18382 6321 1606 7135 36264 8663 12810 14031 118 35041 7831 35048 20626 17343 9811 23531 18201 19415 27968 26016 25300 21369 13846 10979 17855 24110 29081 18771 27045 31210 16596 29964 23854 2395 7418 7061 28374 23470
2527 177
11272 19493 4141 25651 11327 19015 30791 20558 5210 629 28291 25739 19087 24259 7973 13099 2905 1937 24032 25577 29677 8188 18429 23152 23273 17936 24566 2921 34194 27929 34954 865 12308 1640 29274 32050 6116 22608 3383 14568 30056 14926 14931 1169 11275 35697 11263 28086 11581 24838 76 5360 18112 18976 8295 13599 2632 34167 11425 14409 19669 12200 29563 1565 12741 26563 18162 18839 1150 19137 34282 34175 35551 11980 12335 10348 9943 3856 28080 9237 348 12450 22911 24711 1707 20185 34798 3170 16776 9001 17926 8026 29730 9331 15944 329 984 6913 34008 3210 7081 16354 9916 20465 26609 210 285 33375 22214 25257 35491 13287 10048 9197 28755 11649 15324 14818 19997 33104 3584 1163 18118 17193 12681 32546 15578 368 8751 25891 6876 8236 13625 32279 31901 27209 1626 5211 9483 17231 35159 24995 3171 11151 5089 29668 262 16883 12868 35386 1206 26266 34762 28949 7269 31362 16141 13647 26264 4193 32464 848 27136 22746 6612 13829 17224 19663 19702 32117 35612 18237 10789 30830 8025 7439 5940
1374 172
14876 1581 30805 22616 23156 6773 688 7351 20669 6964 8057 920 20964 21474 13750 9941 3842 7855 25906 22168 21388 35711 4044 35900 20429 26992 10714 2846 1069 12309 18097 21249 7446 33131 25078 21991 2581 7421 18150 17642 26257 6184 3447 8448 18842 30038 14192 28757 10617 20621 3769 36171 6789 34188 10336 12952 16373 14878 12353 21699 29937 26207 31110 15272 11163 35109 16727 23698 8061 1927 19114 12790 6621 6852 17979 34492 17135 4124 24055 28589 3784 7325 19898 13588 13830 13854 12375 5574 27215 23 28087 12859 24308 24045 21021 3174 16965 9986 26647 35539 9253 28471 26933 16967 30064 10162 21224 5226 16796 15925 31929 4723 14576 17257 5948 531 16405 25754 12486 35073 24232 9383 28772 8947 8517 10573 2081 1260 17503 20091 21348 29980 16789 34005 9437 8662 14990 320 1685 18596 26706 28049 26767 246 15646 4190 8668 15931 4293 29202 24607 28055 21481 22968 28019 5907 18956 36365 26592 33687 17656 27322 29621 12754 8768 7538 30833 11162 27384 17783 12540 5905
5100 179
31775 22593 29287 35437 25720 14476 13481 4810 19177 20713 31982 30980 3845 18194 35638 13653 22388 23959 27034 5018 32169 29129 8690 7159 5677 9828 18085 23489 26467 36195 34471 19475 11887 29924 15103 3016 17671 34472 28659 34939 12367 1899 8873 29425 25936 2415 2477 28686 16636 16242 34263 28047 1988 23766 19791 18248 7505 25615 3280 19592 31425 19807 2222 14256 14782 22874 11220 34066 21072 28893 14519 14210 13572 13267 9710 32024 27380 24540 17156 9545 7124 25668 35518 24155 10300 8003 34792 1589 26453 22804 11125 32290 6931 22370 32280 31732 5922 13359 15427 15416 21077 10156 26395 15687 33993 2930 15854 29336 13686 21271 3370 8366 20020 12379 16673 12573 31533 17484 13215 22123 9653 2602 16444 11961 12737 31280 23506 4659 19421 21628 25667 12794 20990 4233 6692 22661 28023 33806 11385 10835 31206 3969 11662 35672 20430 12354 11345 26163 36106 16801 21279 4820 13511 22303 22014 30738 16053 32653 10624 16882 36121 16661 15575 24149 17234 34901 27942 24117 2185 34499 6658 29789 36300 5846 2575 34446 11926 32110 33278
3611 176
3076 18966 11858 33376 6270 10368 2704 3774 22781 27398 3432 30085 6047 10151 27067 9678 4580 33248 22764 34843 1733 30190 9673 9631 11019 21578 6619 6677 8350 4371 24622 28132 35074 21730 32534 35035 16955 9924 10818 28174 31617 33290 31411 2062 33555 23426 24474 9153 26302 14724 6206 16952 14066 31499 34165 25273 19428 2676 35597 28037 21653 29102 19682 27079 21535 30894 5785 14733 8486 17253 328 24614 22743 1803 30128 31173 30899 27946 20996 27102 10723 31270 1141 4103 19261 4062 19444 15158 3167 4281 27867 19140 30477 9815 24221 18358 2559 6111 16176 34187 6549 33932 12442 5252 19091 12147 18147 35669 4731 16960 4402 33103 25576 35477 3354 4381 13634 27112 32334 31860 24330 28799 16236 31922 31624 24296 32685 26612 25319 18722 23813 24824 15601 135 14955 1620 21993 20804 11332 32454 19773 23563 29958 20312 10119 9222 2136 1477 14095 371 18497 27846 29340 908 13479 373 16997 33113 3765 894 15262 13454 24412 3582 35164 17137 26293 13665 27783 19901 30302 24488 176 17447 25445 31627
515 179
16910 26133 25125 20556 591 1651 29304 15537 709 23772 30429 35064 12092 23367 15198 24441 1939 927 3018 14810 16860 16203 12499 35767 16920 7744 33971 27283 12064 23502 5181 24262 35634 9894 14957 13252 31313 35454 35189 30132 19431 14506 28978 16492 7012 27944 25784 34056 15390 14947 20604 167 16810 30136 20529 27963 35229 200 22398 7361 16464 24944 1016 27056 5490 3094 31920 15656 31332 17149 23926 2040 35602 9730 31649 20649 36258 20536 25508 25171 30161 10673 23288 21041 32561 4647 33581 3239 20689 1786 29879 18058 34256 35406 23913 28375 25266 4096 4213 34292 33722 109 17427 9263 18000 2747 22889 29305 30447 1338 25205 8182 17776 15741 16936 23137 23042 30332 15864 34326 12953 4950 9947 2950 30163 2055 34013 205 14808 24610 21942 26941 30795 19430 33379 34395 27246 2882 26177 9688 30905 29545 36205 10685 21637 16576 26965 16445 32315 8611 16453 28114 11366 21856 8835 20744 22284 16703 4221 29005 31818 36097 3894 19689 15873 11481 3637 24527 25530 33253 23024 16788 4839 25047 32473 5572 4863 17862 11370
1014 172
18448 34876 28734 13395 24148 3705 19092 34973 27815 190 24774 6406 14207 27065 9159 16330 11565 17338 31498 2586 14283 24244 31888 33789 3968 8726 7479 21453 32397 3195 24938 17281 6611 36372 6239 3524 34931 26937 15737 26222 16480 34937 15086 19914 32938 13895 23599 1162 25534 20137 2897 12843 29031 3003 12943 24270 9642 16678 30516 2259 29158 13939 32492 6772 14309 31407 422 24531 9890 17696 8967 13910 16448 14343 21594 5859 29093 3613 611 33182 9584 16001 10155 6484 15666 30643 34715 27395 1455 28044 2235 11483 19690 21799 33774 603 817 13776 4366 4807 31985 29373 32377 13744 2934 13520 20779 29086 34251 3547 14312 18840 7083 513 13483 35180 20377 29805 34438 11042 31785 32862 15308 31312 22215 11753 12920 6664 20462 3756 3382 2194 18154 13199 29242 33506 8314 13445 3788 9794 17727 23346 15649 33135 466 28646 7412 3864 20958 7884 27559 3225 13806 32207 27800 29380 32463 35091 1478 16461 10642 189 35593 20203 9067 22958 12527 2377 2591 23144 17310 27917
95 168
17927 21545 35489 8370 15620 15109 19224 15171 13150 31652 23530 22268 18797 13052 6834 21103 23450 7153 6246 9510 13840 15093 19247 6564 6538 19923 33769 31284 2939 26842 7246 34707 8273 21795 11824 2299 179 9687 19425 1254 25361 16858 13745 8440 22456 23938 17262 25824 33072 15275 2785 21099 21570 28730 11417 22598 2780 4669 1624 4526 25135 35736 5146 22675 19588 30957 166 26923 1909 16592 7261 18229 31195 28606 36294 35403 7590 36028 861 2627 25229 1643 7276 23284 34607 2140 16092 312 22723 6404 35167 31505 8415 35116 27884 15800 8284 9733 4408 18867 5561 5170 4650 13205 21264 28351 10496 2855 33269 29329 26676 19191 22508 12480 18592 24030 12066 11018 17644 31585 14900 15972 23537 24150 27539 17251 23587 33473 16038 22463 26017 20489 9823 13103 19145 25328 23692 22433 27617 15228 30240 34504 31418 16465 20868 16687 13498 35928 24657 30949 12711 23609 15101 31871 20881 25490 26809 31076 4703 32288 2981 14976 4697 6460 5420 14770 2808 11110
4086 177
8195 4180 2685 29326 32919 11434 8386 31432 10953 27342 2325 15237 17814 35777 6605 7644 32914 14558 35591 3558 494 33955 22486 20564 35283 26376 31101 10840 6022 16540 20993 26855 16024 24687 26320 1306 6120 34583 8114 8932 1152 12088 17764 29151 10389 22 33832 28579 3928 14275 31804 12627 23451 35076 26125 11155 11204 2539 25145 23078 10264 1571 14960 21070 34318 14153 28877 16718 974 14352 19459 27397 26409 23368 23318 24492 12865 6790 23258 17684 32278 14584 31599 10814 35814 13790 17439 13587 22031 29845 25157 6260 26347 28041 21256 21031 33528 6887 20413 20044 30422 24706 6926 846 27325 28650 13401 12048 24443 17817 9565 31749 24960 14405 14184 4354 5176 26708 115 27334 11407 4883 1635 17363 25352 21928 21951 36098 1307 16584 34088 4277 815 20608 21431 35782 15089 18997 29362 11706 19286 24953 26476 11520 6084 32149 27883 12753 26392 6607 11792 7092 7626 20852 31260 8420 32230 6562 28045 12585 16395 19725 34850 15448 16271 4047 29655 13582 25794 933 12631 10199 28941 21803 12833 8185 2959
1338 169
22539 3652 20048 25692 29289 632 28288 21668 6366 6895 25348 19732 1318 4412 898 2451 2974 22971 35775 15862 26626 9003 24915 14357 29206 30186 7224 23909 28900 24857 21817 21655 9741 4682 30455 34032 13101 16969 17215 6596 2058 13457 13819 13726 20507 31765 9869 28169 6860 17190 34730 21237 21761 11035 36051 6987 20331 32487 27389 11645 4962 29604 7226 16835 27860 3273 17011 17872 12662 7628 30181 31811 24165 15273 6196 5522 9124 19489 32072 9886 31037 23560 26048 3427 29594 16923 33847 24685 31630 30380 31647 11480 22266 11225 29339 7334 12510 28239 32499 33026 26916 9929 4579 13485 11043 18940 1097 32857 23880 36302 8590 23092 26291 6023 20933 16859 4019 30951 10502 10691 27274 685 34996 32967 635 9055 25196 11925 26495 18404 26845 16672 13815 1042 4681 28713 35095 12839 25812 33153 15901 1305 7472 21826 28922 28934 13233 27154 9736 24850 24321 14583 501 6496 2961 31593 16135 16726 6451 20398 3807 33415 18538 16216 15128 15699 34555 26723 15083
761 173
27142 14865 29224 21546 23090 21062 9861 16030 3270 20715 2321 2342 15157 8503 28013 2419 33667 22955 32707 4576 11243 5106 8867 31546 12872 21683 25892 29337 13346 32347 22580 6762 6220 18052 5964 291 28462 4554 18102 27527 15231 31133 13556 24089 8131 18744 27939 33 22274 23656 35582 17675 8746 29466 29616 6626 10490 31039 10865 18078 1858 4570 14725 24267 34900 5419 426 22196 29996 35560 16336 7541 20060 9544 1727 4253 11099 30765 29765 10932 5182 21608 16264 29428 13836 32305 29931 23065 10853 10375 9932 20987 19686 36002 26917 351 22056 15175 18014 25107 21037 30975 30010 30623 22144 23559 1475 20597 18414 18163 18131 17441 18898 10593 20145 12037 3709 35346 20027 14620 25021 2777 252 11005 13880 27475 4137 10895 30423 4135 10803 18496 32773 33519 20914 29506 15796 30880 14642 17317 9220 15929 270 24897 26852 3704 6375 20972 13023 3368 17307 625 35155 19645 35162 19186 29139 7658 2630 13470 9075 20158 14821 25384 5462 12119 31691 7946 26928 13674 25806 22561 33986
4399 165
15943 4684 20082 1217 30402 19654 19683 14077 25366 6955 19765 20790 8055 22396 32141 30652 17364 18407 592 27435 8429 15423 25751 14041 15560 6593 6616 26285 13828 5121 34899 25565 27297 13764 15420 1982 33888 30855 26312 13309 20589 225 15350 10984 27401 25099 9590 14181 30250 22330 20841 18134 21968 31900 30674 9427 5591 12407 5391 34879 3671 20912 12604 22093 23347 6467 7943 1710 24548 5032 3838 30723 34498 8505 3434 27732 16104 15190 25851 15549 8282 185 23352 15375 12099 4779 11092 33361 10296 14489 21424 30165 27007 16372 24409 30054 18444 29356 32720 21143 25886 32985 6471 18902 1764 35382 21136 28191 7274 33240 25308 32459 18718 7599 1159 19249 17504 745 27369 35423 25018 20971 24251 5025 16482 14435 21032 14684 16495 14740 16513 30511 19310 7304 13736 23776 35123 18587 386 1526 1344 18208 29974 32872 8706 16383 26410 1140 9133 6405 26045 12491 14729 32632 34148 73 1146 19575 27356 24761 15340 23711 34480 13900 5652
5128 173
12288 23066 3617 25633 8778 30816 5782 29364 17589 9005 30555 33634 25468 15241 13708 36243 4516 6075 14268 34223 34451 29716 23726 9076 14709 35323 2946 22005 9902 4089 3085 2394 26367 5202 18998 30819 3371 338 483 6540 11794 33044 31434 34081 9816 575 33646 4981 33659 22130 22656 29309 34799 2679 18555 20953 34151 6958 27292 4358 16826 31951 10993 22673 10632 26925 13811 16496 34485 13417 25505 29652 29049 20701 2390 11271 10934 25238 17508 35027 6861 13094 16494 1654 31050 33547 29527 33274 31061 26617 5417 24615 24553 19369 20776 26283 25409 5528 17121 24861 7563 27153 7392 10845 4004 24546 7343 27266 21768 27584 25052 27488 2224 17723 17609 8417 27413 16398 21262 2347 22394 10008 765 541 33778 34111 35277 7436 29991 3411 23645 33962 31716 35708 11922 4440 7069 17411 7646 33422 22690 32181 22848 17481 34424 9217 35066 22007 9428 22957 33474 13319 23678 10520 15060 34494 36373 2319 24796 16175 26145 18109 24196 4015 20623 23899 15269 29185 1037 25522 12544 36280 12882
3029 169
16396 1588 14391 9273 23133 13449 24248 4399 13643 1380 5481 11673 24477 24484 15271 15297 23551 32394 32590 34354 31597 16069 9141 27725 11627 18441 30971 25710 11557 29291 22475 34331 9934 9502 9637 4079 27636 34686 32959 31909 17482 14692 7357 26161 17144 21837 15456 33168 28450 8631 29920 6522 5349 35056 10566 26972 10271 12495 12062 21920 25031 24191 6063 33083 20814 29107 21196 27575 4785 15240 6310 20722 25746 7569 2829 22579 7220 7750 3824 6681 3987 29239 31819 24846 16416 24672 20644 36347 27417 10549 3485 2340 35224 2284 21738 36239 33918 24743 28907 1969 13090 7202 24868 32731 2066 23719 20340 14369 31684 26915 7009 13746 8088 6411 12402 3476 9720 8072 18038 35129 19582 30253 8661 13396 23870 13995 32815 33594 2269 14559 7467 22426 17119 30404 13971 26759 35517 10229 31564 4205 22699 3988 11300 27412 4072 14389 23096 20389 7296 23717 20460 23812 7182 15709 17966 2362 3767 17001 16263 15817 3313 553 6574 29062 8265 9087 28525 2927 456
1039 165
27238 6765 17079 3818 32017 19744 27478 30097 8600 15770 17818 11189 11729 9682 27612 26669 35398 28398 2367 31854 20932 31191 6642 18297 2489 28707 35719 22627 7340 20310 7283 27508 17520 21792 24294 23947 1704 5118 750 15232 12986 6165 9783 20935 23365 23421 31529 16047 12751 16635 9804 32551 13936 8343 6951 139 9248 19225 14654 2249 4092 5718 30319 4037 5385 11910 30219 7574 31703 11298 32115 11027 23372 16022 10607 31308 13696 28129 12921 8378 15248 25878 9177 8615 19435 4459 5646 16805 34705 19613 8280 32588 247 25242 3979 21880 18182 7130 10936 3133 5069 23436 6052 1687 15868 2204 6921 25457 11205 18850 17837 5705 26796 26015 4216 33221 33553 13870 10393 15513 18694 21860 35175 21896 5136 3676 13322 30153 17523 1354 10386 20296 22350 7123 11435 21187 27563 3538 15315 24166 28820 5866 27020 13716 16582 22738 6610 5497 35082 9198 9238 16146 9920 30552 23416 31431 17418 7494 25926 13035 27745 14571 22247 35142 29249
2972 158
33800 17417 30220 20036 28313 6811 28320 4865 25879 21784 28007 17278 17792 25519 4035 15867 33204 19795 12396 7000 19609 17711 17885 8702 25170 2168 1315 10061 23912 13107 26598 13424 16579 35292 65 33799 14296 6230 36192 24300 7270 22376 32235 12395 10043 31761 32694 21336 18333 26319 18015 26360 9745 2513 15979 27899 12171 14995 31813 10816 2814 5438 13009 28789 24984 22109 18244 13963 7865 36175 5021 30664 22901 16520 4550 32821 18528 22546 30175 19242 24357 12213 32289 19838 19360 24156 4185 27880 15317 9922 12069 22560 20500 27864 18610 29452 6978 2014 5482 22380 27546 35227 35790 24899 13993 25919 23278 1964 18879 7349 8698 18022 13033 27830 30911 11759 16385 21827 29692 21118 28048 21490 27157 35872 13738 16637 16218 16604 20253 8745 16106 12596 11147 31299 4557 14711 17538 15953 5016 15467 21956 26217 5796 152 12403 30405 18192 6358 15908 10781 8245 16501 29113 5355 15777 11485 703 24472
3496 168
14450 7826 12464 31943 28891 33501 24828 13667 30609 9105 27097 8889 18759 35040 12328 35895 2482 2398 20411 26242 13056 30021 15582 13102 3305 32429 6338 23265 6756 30006 2020 35862 33950 19566 15258 14524 20783 1182 20304 1944 6515 11877 20874 23294 34785 3619 4757 25643 19471 17207 23932 2656 26871 10754 16649 13316 1793 31188 1872 35458 6996 20522 34059 35646 316 1612 8416 24258 28362 32404 33600 27117 24494 10688 19741 4815 8507 36400 13522 19824 23427 8134 23774 24682 24157 1729 7475 4166 22663 35490 31885 27977 6560 1255 19722 15790 13083 19379 26515 1634 22060 13059 10415 21303 10872 36249 28371 25061 26950 18523 12063 16958 3144 33564 11768 23669 11574 25129 26099 28109 1 929 24000 25321 23472 23697 15160 15895 17820 30371 4591 727 26864 19763 12979 27954 3834 977 23010 13799 21627 35998 505 10962 33695 32088 26727 19900 35118 13803 31080 5801 7476 27742 12025 31562 22205 19100 30280 21994 15450 30484 3112 7743 14520 26744 27058 12633
1585 161
24067 6180 27184 17970 18536 20111 33433 4327 3821 12033 4881 20267 25410 18783 16231 2408 5999 23469 20915 30655 16887 34053 35107 8249 4536 4695 1471 3184 13186 21061 22119 34082 19392 26097 15434 1329 302 30134 20042 35680 28959 20034 13192 11712 1099 1519 31109 14482 32659 30639 36021 17628 10249 21592 27526 31699 18042 21786 18838 30223 14495 18647 33902 25779 29553 8206 23183 20666 18243 21979 35251 20521 12434 31554 19016 3346 16019 17793 5878 24686 29605 823 20384 8174 13313 4626 15511 30247 11881 20745 8318 27340 10579 1896 29939 1374 184 15464 6857 5247 19580 8900 16113 35853 35707 17960 26361 27750 24600 8906 34558 878 30767 9154 22943 32018 12392 375 21556 4156 403 18730 32206 23647 2545 18338 462 27863 12148 2833 31048 13297 35103 26672 10837 25161 24660 955 36319 12389 29012 18029 8078 28289 562 30028 16075 21433 6235 22228 34358 24998 35415 3150 32628 10285 21135 15377 1611 15990 4827
4366 168
32779 1689 13467 12445 11936 5313 32524 31027 4915 15197 9585 31604 7578 35278 985 21287 32617 21479 2868 2713 1503 5596 27240 22557 7702 9016 20531 20759 1386 27315 25502 8385 17832 25792 26726 7321 12214 4747 8103 25136 28101 15025 25179 27618 1221 6800 2155 1891 29999 19603 8016 25730 26246 3563 4016 10555 32025 18618 2360 34237 9073 3168 36334 35429 26671 31160 32161 33928 3063 16691 35294 9132 20741 32859 11900 21153 33092 21939 27854 7535 27634 32341 6331 30198 606 32823 6200 25066 12418 20195 31029 8555 15606 9917 26037 22780 25376 6214 34157 35268 3053 1335 18350 32657 6582 11987 32104 19418 2533 25293 30961 15689 22120 2703 21246 10054 10788 5157 1015 35999 17216 20155 2527 21085 18947 22667 11142 1479 17621 13368 16762 28253 17263 13291 19644 34072 24940 7109 29029 3181 4076 4802 21311 1091 696 33307 7918 17509 21496 24111 27365 23554 3252 20909 20095 31515 32064 12707 13362 34382 35949 21511 12106 30618 17560 27408 1664 33070
59 161
29718 12848 25160 17003 6283 4292 33476 22229 14572 34577 33055 10046 1366 32107 377 27023 22981 36304 34804 5803 27123 32468 11745 7241 7870 24408 16688 114 28453 29533 34811 22722 23598 8847 33749 15512 14675 26818 2117 35842 11201 813 16407 14945 15318 3561 26584 33628 10597 35232 18214 36029 17778 24208 33638 11251 26450 12824 9191 3502 11433 17416 17893 9038 32869 30704 3936 21987 25868 11200 33174 32753 19921 21231 9526 31603 3352 26588 29262 25663 30866 15651 8304 22518 35730 13258 29176 25748 5989 8433 23505 34855 12444 2738 16324 6654 32597 24199 22176 23068 21151 4288 21606 32346 25452 8684 4941 30174 26516 35214 21215 8253 34296 20632 8666 10051 27113 14467 11893 20058 23863 8474 22298 29727 15492 6478 18446 16116 16018 5297 4664 8861 4776 34089 27592 3419 23658 3668 16612 15631 14750 6915 16811 19635 15674 13369 32313 23786 9355 11723 19153 33292 13266 13404 783 25867 28544 5664 33068 25016 9185
3061 163
26635 13338 23705 35495 6850 18125 20201 29508 5447 17749 35166 7523 1393 13698 18428 29784 24286 21739 21232 18401 35915 1619 6776 12676 6722 13637 4575 29401 23760 5094 5614 14116 23931 9261 2124 9276 4765 34665 3911 34945 11000 36116 14870 9801 19175 10879 22296 34495 22866 21039 27764 19960 34294 18368 15563 22241 30123 13918 32053 12307 14872 24588 2109 28567 25872 7782 31571 30159 17699 6134 32971 23188 30869 2234 19658 34476 24992 6263 20893 14114 30917 22336 23950 18291 21547 3286 1933 5101 21932 7873 27271 864 279 4982 4123 19378 11117 18602 27639 32737 29965 17651 12815 10758 22863 25091 8757 30574 29946 2041 13189 15087 7832 25306 34948 15313 4173 29809 2904 28281 19089 29742 19134 25482 4294 22788 14151 13495 23517 1059 15663 25594 8765 11071 31764 3548 32916 1382 22545 30808 2884 23211 153 27086 24423 18221 15211 11990 10297 23820 14368 22634 21335 21351 19308 22729 12797 27509 27916 15384 27059 26166 14304
316 164
6660 19987 13909 27257 28834 5795 35130 19266 27463 30542 10615 18313 1942 28602 20974 31227 5628 18430 30025 5428 11982 15490 22573 32173 13748 2137 1184 29750 3276 32292 6698 21607 17587 17972 26421 35543 34158 10582 18402 29994 1427 11577 7784 3576 8087 14021 9635 16729 29241 17334 12454 40 20434 17502 26859 3762 32441 35774 26343 26567 6535 27187 21131 27502 23353 32406 11011 8896 3445 29808 5604 32466 5048 29266 16669 3624 16425 30518 3925 15546 4267 4055 1750 30269 5049 23117 20687 34273 31417 1480 7484 5153 20165 11061 27452 10702 30459 30742 5299 4410 20834 30836 18944 11168 20073 18390 27163 7857 1460 10639 33154 6944 2935 13122 20033 24912 34153 9715 30771 19969 7312 20751 24886 83 10603 30305 16761 33291 6830 22401 2536 17162 12305 12126 36209 13450 1222 22601 25377 11351 20428 28965 7257 20699 2069 9035 28352 17664 15897 4299 34972 3805 14056 19904 32375 2667 32331 22140 36215 30734 2821 3860 18735 18466
566 153
27650 20519 32854 6280 6309 9395 36059 23794 17660 35110 5416 27001 17350 7624 11244 27174 18212 27374 24495 21911 35550 19892 31904 10117 32631 23172 10222 3122 17068 8450 15138 19050 6086 2279 32147 24046 17501 47 27305 27679 2598 8266 7167 10776 31392 4104 4272 24480 8628 10794 18385 8126 34751 31916 2702 34283 24694 19664 20903 15559 6140 2311 17458 3208 34441 25127 30916 18399 16013 25275 4237 18165 16430 10880 30736 8244 6356 35555 22297 6339 2600 12926 35264 7635 27173 22427 29208 4599 15826 11573 15465 8957 29500 27312 19646 21395 11344 15445 32684 17629 35685 5807 6305 7073 564 25109 11191 3179 3910 32103 17378 25912 9496 2424 4204 11383 33015 31487 34416 1089 16133 32817 19934 17571 7751 32555 31842 616 2866 19662 1520 7938 22728 8971 33064 3589 11410 123 21127 4632 19539 10906 26522 24273 2374 25524 6141 32963 10255 20962 31315 10409 29088
4709 156
2054 4652 32314 27727 31386 15104 27910 19737 13604 1336 20801 35220 12284 26668 13376 21891 3953 17617 6000 21488 31242 24058 9494 31047 5461 16183 1598 26043 7166 34425 4269 16944 32303 30776 35496 20162 26296 10671 10099 31618 27831 27518 32276 8593 4976 34174 34568 18124 6456 36339 13978 3457 12233 26067 35715 14823 36335 14025 28380 11249 14415 33232 3114 24802 15533 32269 23094 11954 27474 31221 469 10965 12385 35188 31010 8790 24917 5042 29333 30598 10838 30528 28214 13173 32980 761 14131 11852 17314 9538 25655 31342 35347 5092 9505 30887 5633 12560 21811 16870 34379 23731 27872 12038 21582 16154 24141 6589 24981 2815 13721 35843 21055 23184 34488 35221 14302 30291 2711 14449 9582 24249 33140 5932 36042 32224 13402 5323 23289 19574 16611 17912 6521 19324 35933 9081 31816 8652 4741 22244 14024 28917 32101 29778 15519 20858 2017 6592 4574 6482 29627 13413 9649 30232 1596 23322
152 159
13331 29814 13947 4758 18640 7434 21258 13116 8063 1418 4530 22452 35776 24516 17066 19590 10133 21401 22406 23330 32476 16050 3868 20749 33941 472 31277 7741 13027 35578 34 22444 31006 33753 5768 29663 20311 31273 16634 10538 20202 33750 11284 24885 15356 34943 34590 30978 5682 31072 26654 30746 6942 1424 10539 12978 32451 26585 4656 17506 10034 8966 1226 12296 883 22025 2776 31623 298 33123 2257 1541 23590 35241 13312 32677 32750 12472 29972 10221 9785 21148 11412 32478 29710 22719 26860 25353 17854 5669 26680 12655 4978 30695 23286 27316 27343 17801 22797 27131 18259 12232 2012 18557 25920 28991 28038 31248 2313 458 15872 29968 14908 24265 32716 9690 29863 34559 12054 5663 26719 32831 6837 11049 15422 7497 33286 26769 2239 11991 14699 18830 31147 26487 2572 16435 12766 15146 22620 8864 7400 15300 5287 5156 9825 25541 20760 24602 17542 1031 9675 34046 25642 34745 10675 16896 20157 28889 1757
3690 161
20505 27181 19510 18017 10363 25761 1198 1213 13519 23763 11499 16626 31994 23841 11053 376 21393 1447 19382 31704 32744 13802 5612 11250 3430 30782 2809 9787 27960 34648 6509 27265 27853 7932 36303 13093 13507 8817 14292 831 17409 36327 30814 34226 11530 19373 27493 4966 5072 1115 32284 23855 19622 13760 9955 36055 27921 15844 15030 11685 30328 25111 33260 5654 8649 26646 15586 26912 34192 20613 9062 17742 18540 889 18040 35886 6145 30675 13591 21451 20272 17725 15951 35739 29137 33381 32428 8617 31142 11945 7594 34385 22057 31131 11728 18934 19517 25895 25458 13201 1120 13955 3014 31008 29872 15345 18777 2844 32471 19928 1680 31629 8438 30868 26889 22395 15196 36009 21428 24119 20693 28898 36193 23992 9178 32778 10925 9392 35863 9625 10614 22511 20473 29359 26985 20210 1300 11477 25449 5711 20481 20714 4533 3595 32695 35869 14590 13679 3390 14549 7985 26517 1771 32263 20812 28545 26208 1144 25836 29714 9384
1416 164
27137 6669 25617 26154 25168 26197 24242 2324 10080 11108 11625 6049 22482 16857 12779 34802 36342 6017 6051 98 16586 28838 13796 2091 10684 18553 31054 11613 27353 5819 4892 3586 13924 8401 34269 35877 10525 3064 22206 27912 31159 21073 28029 11975 34693 22938 28591 24523 7542 28600 2205 3311 31483 35248 31444 11544 10700 31864 30351 12466 26976 9617 8291 18808 14317 5137 11955 26833 5273 15752 26032 31240 35564 29259 21109 1738 24794 25042 19440 16170 35228 22009 14799 29791 26339 9592 5093 31768 23940 30347 19872 28960 19088 14567 7936 35156 20574 24920 27081 24851 35678 29481 14713 25767 23053 33848 7514 10565 10390 26231 8542 29149 25463 17827 30998 26804 5038 12223 8208 26841 2333 20999 35100 29686 14137 6803 2226 14776 12292 24587 19433 17397 5162 20230 25876 7210 19161 12245 816 14084 25753 33729 24584 18724 25367 31887 30581 10334 2341 36216 18551 29303 33093 26102 21998 25852 11578 7308 28841 1079 23878 21471 7373 10919
4278 153
6174 35880 18537 12942 12469 10439 233 2303 29998 836 25055 5130 31993 24464 3616 13780 3349 12227 6319 21778 21150 13576 36297 6894 29602 6594 14728 988 29719 33989 2219 31397 21818 33661 26849 27129 23513 22568 12334 35710 36137 18676 19761 36228 29065 26063 26083 10596 26463 35913 6911 2641 17861 3364 30648 14727 11274 7004 33074 6579 27358 28204 11195 29009 26867 14377 581 33965 7500 5946 8425 29057 20236 35376 5908 6207 26324 18193 6751 16502 35760 31545 22356 13911 26428 33349 1817 26275 32172 3992 19283 23622 14580 8490 26892 28503 32090 14361 21953 26059 14221 27806 2132 12042 1790 35977 22751 41 15443 24770 13759 35600 24038 16563 33310 22799 27752 22285 22434 35956 3698 22258 28308 23074 21809 34858 35051 16879 18476 27119 14526 28262 12879 26122 35112 34019 36250 11812 13920 6957 5950 7749 32112 16279 25191 28832 28741 7673 23637 29970 22320 8058 4245
3421 151
23059 22043 20515 35430 29925 6401 25381 30029 24436 27009 3001 12221 19404 12250 17169 28326 2929 7913 17462 24095 15597 34362 30787 9446 24131 27651 2816 30576 4784 24826 10469 15821 6227 14008 1147 9991 22474 11680 24815 33338 14205 22991 25810 34199 12115 29047 21774 10097 30053 26317 20617 33998 21524 3684 17739 20412 16014 25245 16972 30697 24898 25399 12156 33244 29941 25363 31108 24040 34405 17789 36385 19779 5327 17040 31580 14604 33626 7767 3921 15738 8876 16259 9125 26822 32070 21752 3127 35005 15471 3692 11173 20029 20973 25966 7565 15987 20648 27891 12856 21069 30897 17998 24361 27849 5542 13293 10266 29223 35922 36332 34482 24177 32947 22131 16895 9742 8374 3199 31119 9559 4334 22067 6302 15013 32481 12530 18453 6198 34369 31989 32081 12597 138 3249 25861 21183 23424 34007 18482 4467 34302 36112 13704 14086 4745 30496 29774 10193 24099 14290 7925
2476 153
14364 19001 26183 17997 27227 25309 26440 7512 31083 22447 20452 17380 22638 25264 21253 30271 8571 17697 12963 2899 21871 35627 15055 9449 6804 25320 11194 12107 21079 10536 3055 14346 23105 33334 2258 4311 33529 31925 36173 32979 407 8773 12946 19080 17965 33397 18136 9656 29703 20194 15496 17267 34231 24063 28850 23826 22993 33544 29511 5963 28370 16269 10362 15161 16201 10873 27993 2737 13003 36376 15046 11217 28966 29720 8888 23236 27555 21134 4157 2031 20825 14295 16933 18527 767 21240 15648 14443 4763 7355 7981 29212 26240 34666 22510 31113 11497 26863 12254 18713 35728 2535 7383 4620 2280 17315 487 11362 12773 17517 2708 33080 34773 15488 21518 29975 19919 19874 31250 24677 28619 26633 18128 30812 16853 25639 8592 16367 31482 13197 11828 21747 27443 5090 4380 405 29606 10211 13739 33844 22966 20730 33063 14411 27919 22182 13246 4774 28015 24930 14486 150 24945
1086 159
17931 9776 28751 24184 35017 34024 10066 20847 23960 431 23476 17865 24015 10705 25057 11854 19576 35447 10595 11799 8525 1102 13496 25259 36284 15785 19711 12508 5325 25189 32405 25747 10377 430 32826 13245 34475 27205 31746 33360 14092 8127 29708 16970 2103 17828 35958 21567 32164 5374 33096 28531 9808 10244 23234 22152 32519 5623 29148 24567 33302 6212 26698 22961 9795 26112 12475 33066 15898 21625 23412 29631 28836 16695 12636 11120 10893 8351 6865 18531 12743 17558 18835 14690 22753 10169 15784 7595 33826 4320 4914 21278 35327 26872 23135 12103 529 7318 1401 13323 25249 23868 18210 25545 23263 35857 11223 33618 9160 7305 24493 16311 7026 6241 33243 25964 4223 10805 27780 27616 17863 28355 32131 6427 2297 17120 5047 8863 13058 29399 12056 21937 33438 4693 12436 21766 1230 9145 19347 1521 19451 14883 10179 26287 14461 754 33521 4444 3940 1261 24758 31358 22842 25563 3190 19417 36063 14775 15336
1210 152
14903 22603 33933 35985 679 9393 26333 13550 26874 11531 30504 17728 2391 12162 31670 5995 31608 35653 34018 4974 7286 34090 3571 14248 6209 13091 23952 16740 1518 18183 3916 8541 27143 23974 25558 12348 5871 9184 8845 24124 19104 17238 34027 11938 22937 9205 16217 24844 35006 8526 19740 32197 24034 10902 32728 13270 8618 7559 20735 10991 18283 4191 29903 8290 26364 13398 1585 16339 6493 17271 26826 12894 34298 30430 5347 13749 10452 29461 130 28677 21900 5978 8942 21781 28146 25132 23939 2267 23660 9489 12446 26431 19905 13119 2133 30476 17371 32791 29443 5666 32456 17150 8574 5958 19311 17880 33538 15980 27562 12558 24962 22923 32847 21430 31390 13494 2302 7426 19728 20217 3903 29172 9225 29581 12971 23875 4314 30896 17359 8246 28179 18314 3128 20680 27774 6055 3800 14105 33551 2661 26255 21101 22337 24536 8613 32536 16000 34225 22578 342 34709 22322
4933 158
11269 21019 8793 4722 6828 6854 19676 19174 22299 20251 3357 10068 19411 19939 35838 33287 21757 12339 25708 21321 5752 6392 30592 31399 5797 19125 10185 17741 17822 31203 14553 11868 2983 19108 6665 22315 34825 9209 16467 19710 18049 790 35389 32978 6552 9190 8487 35896 21698 14764 22225 20856 28357 16241 16557 8139 1413 33304 29795 23102 33929 14336 34591 32037 11709 14785 12637 36075 18628 23256 23610 31327 8648 15501 6371 24209 26263 6893 21536 35616 17737 18463 12266 25392 7289 13325 20922 3590 29191 27057 5232 18670 32166 36277 13867 3972 23873 8281 35090 4023 9420 25553 19523 26975 11084 7213 10188 13374 12702 20097 14869 32858 30997 22323 10503 14019 3191 27035 2675 5219 5067 27411 18677 2781 15641 24855 11046 30815 20390 13136 16249 33678 34788 11633 27082 29472 17708 24854 19941 6155 32378 16371 3414 162 2425 15085 2826 20239 19497 6657 7757 1410 13988 21618 4209 15469 3025 13541
1224 150
24670 33390 10871 18045 2189 29942 18175 16229 3948 31598 4008 4011 9650 8651 10711 32227 29643 10807 29785 34624 13032 29041 8641 30907 14245 27216 20627 22181 13597 12085 5370 18426 15421 27531 13791 18751 19159 13619 20668 23539 28824 20132 1314 7905 27 23750 22384 951 31171 5824 4944 27619 19036 10263 18328 10464 30564 16419 11589 16639 22469 11414 12959 385 33900 5227 10463 33324 16506 4064 19222 25233 7651 32497 31926 13874 3567 20281 12629 15372 36159 25335 12862 7394 9399 31501 16863 24789 24752 16412 10352 23045 26722 24139 6818 22154 23612 23784 3023 17878 26216 23174 16628 22506 17471 21012 7258 7786 25676 28127 22488 17154 11095 9292 17070 28523 32708 32548 14530 12803 26269 11144 7632 12190 30124 11804 29615 26430 3908 23876 5240 4488 24289 9658 19978 13945 4097 2643 15909 10765 10449 14602 25292 1948 12276 33885 7625 21477 33604 10032
2540 149
10757 18975 25316 30439 5358 2801 16647 28964 2895 17296 987 12264 34281 7672 20510 30059 15795 1234 22793 5388 3315 30251 4680 19064 34426 699 2134 16671 32782 7489 16951 802 36180 7356 32547 29590 33803 11062 12569 3602 29275 33784 13875 6262 17366 983 14663 7381 33339 15455 32844 27773 26300 8994 30702 26417 6449 8935 3318 20085 29917 2828 5189 20684 28774 15966 23086 22548 9394 12219 13430 28753 28250 24268 28472 27962 5383 13222 1005 28631 35601 36090 5199 8830 24674 11312 29577 30350 5142 10361 33693 29324 19713 10257 23270 4282 22962 32793 4484 25166 10218 172 4085 8310 6557 22059 35953 34978 33629 4937 6565 24140 13046 15249 15314 15307 7527 16903 13592 7474 15992 34344 11518 8239 21981 15842 18486 26038 8060 15527 21225 26651 12863 19426 12656 14455 26798 22473 29111 31605 25980 33556 15364 10669 18977 13080 4159 28698 2175
3843 150
17925 33912 34429 13958 21168 20151 12531 33541 14142 11595 6992 21875 19322 5549 8111 10703 33762 27120 24943 19599 24227 27561 30486 15407 13636 4589 28259 2786 1814 16460 12684 25400 24114 2901 9560 19785 27698 8464 6526 6600 28817 2717 28195 17248 4844 18310 11461 20665 390 16363 5134 12657 30591 28879 34402 9591 28445 23002 958 12248 19804 6121 23106 20606 34854 25907 35890 9264 32389 29232 13466 31915 34463 16251 29711 4000 3057 14023 26341 15888 8995 18387 773 6435 24200 4547 545 24370 6178 19967 5319 5144 22951 23478 30334 15213 15762 22091 11214 28194 25675 17782 22641 21847 34874 30417 31127 16115 9868 5435 7860 4451 23762 11395 25215 18663 20600 27569 27643 16598 20348 3840 16355 10442 9841 9347 17953 25 28886 17298 10950 5443 32613 35718 24369 9472 26546 12962 5335 739 2508 10613 19231 3153 13206 3180 16420 10961 517 33025
3212 157
9298 33897 7792 5757 8839 14987 30438 19692 3327 34602 5459 940 10157 1987 5079 13784 29514 25828 1292 12776 7659 30442 29599 34210 5686 22036 3932 100 5709 85 33065 15545 35419 9287 25864 35693 7756 30512 23107 27906 22354 1789 20451 21711 27958 16262 30920 30624 3599 12689 24144 28787 7962 31302 23706 5496 1659 7180 10288 24756 32634 18990 23429 36145 19628 4535 12473 2414 11793 19212 26884 21309 22113 2909 17006 29114 21192 16780 3223 12431 18324 22333 27998 24601 32253 20595 33007 19748 2292 6201 13838 36199 32727 9819 34806 17294 8575 29246 34985 22267 1726 22709 20819 34754 5436 24765 26424 24552 1390 33877 9356 29956 33889 9463 34704 15323 8251 11080 5877 15442 29227 35126 26363 26378 29078 24766 31996 35855 32431 29496 21197 16007 15810 16418 23100 11047 33892 35478 4717 28952 411 22762 34109 14861 17963 11941 17440 25759 28373 28043 16096 19810 27893 34579 30149 30893 25197
2508 152
26119 18954 24125 2657 99 11904 6318 17101 14547 6399 10024 13163 910 33723 5602 3047 11258 5234 10801 21941 24057 5523 21666 14156 22311 13711 19470 27994 26995 10823 36291 24878 1136 29469 9888 1943 9136 17853 8198 24801 35975 34529 23570 9881 14417 538 22238 5625 34737 30768 576 17422 10082 31053 21473 34552 35427 14975 21681 5899 27522 17125 30372 5315 26372 23027 2748 2323 30242 11657 21166 20894 35405 8177 10444 26000 34020 35755 14788 6410 19449 36006 12888 5526 16800 28368 5466 20998 27161 17729 30234 21551 615 15224 14338 36101 27333 5399 31089 33407 27554 29347 34832 13810 6156 20747 2399 24337 2970 28623 28382 24696 19270 457 27564 4699 31544 5431 13482 15589 599 4836 21440 31460 17798 34893 29220 26758 31755 36012 29608 22407 834 30080 17840 33470 30611 24713 4904 20379 1472 10819 35689 28688 30707 8221 10839 33062 8561 14363 2860 16379
984 150
14372 34884 33358 9812 34902 29273 25204 12973 14562 24848 36223 28093 18395 32233 5113 11540 14618 27101 26551 15253 20873 33880 34149 13302 12316 6253 605 1957 28443 18232 35557 28883 24923 18721 5109 5558 27017 31406 17605 12150 28857 7150 12331 16268 7192 8528 21293 8341 22972 16875 16590 33694 15073 32150 2642 22689 34895 29538 36198 13305 15116 16683 13269 10556 22011 17907 2823 33673 16305 4677 30047 20247 17693 29706 20305 2803 25190 5738 24900 20842 8140 1833 10126 14439 24459 399 29961 19806 12075 20929 18153 26738 34422 33176 16394 35746 12945 34723 12381 1391 18190 31098 19501 31220 31241 23536 24136 22547 15554 2160 14459 9048 22740 2597 18028 27218 35910 27504 24023 7704 31464 30179 27486 32952 23064 9371 15510 7901 33886 34136 6839 2187 21974 4759 30703 12210 12423 22033 28359 34547 3243 22906 22845 30048 6050 34103 12792 25064 15595 12132
3515 145
34342 12366 35422 34408 29301 8324 11976 10506 7957 31055 26455 19803 36191 14749 34775 33891 23227 10612 9722 30150 6088 28762 16897 22894 35265 5120 29836 16059 13195 17414 22048 35677 7841 2364 17632 23249 32045 12653 8320 11404 12999 11973 35988 1130 23958 17355 6265 13607 3789 23991 12812 14596 31319 30122 35626 2193 5792 34950 13554 13987 1330 3927 3930 16781 319 35840 2141 6019 23046 972 28418 5933 1397 8752 14397 2438 35249 1034 18699 30131 15540 16771 33469 31906 31192 18619 2074 15930 25956 29982 35085 13358 8248 28264 32474 19581 2509 25158 3958 7068 23212 17653 25654 20544 19003 13212 30110 8150 13565 24500 25068 28360 21436 12642 763 33597 16871 35497 16077 24211 13779 36151 12644 6446 21881 6985 27933 28738 24837 23165 4220 28027 3631 3134 11037 3319 21347 7272 24269 13227 31355 34118 6307 16328 27379
1291 144
29751 29782 27746 7783 689 19133 19665 21216 14068 32571 321 13188 1458 27645 32766 21181 4645 6670 14402 33190 6354 22584 25932 11699 28494 10851 21057 19289 26795 23466 30989 7424 14176 35852 30517 2683 18965 34087 34877 19618 14264 20870 34434 4766 30546 1197 10145 32908 30519 30451 7848 5291 28417 26096 12622 5274 34321 29214 21708 9327 36157 12834 12111 2906 550 12956 21961 2648 25418 25485 34625 4481 4117 8854 33697 35584 22882 25178 7007 35544 10916 21652 3670 1280 26175 16346 15460 29847 17142 13179 15292 11876 10699 5834 29866 5923 10922 18491 2287 8779 1301 7818 5442 23526 35642 32082 23704 18590 30852 23223 14471 13452 12593 6940 22075 33689 30310 27983 28511 31820 29738 35452 6324 9106 31436 24188 19531 22747 8125 6585 18037 23916 17856 27656 16184 10790 32234 30732 35963 33111 6787 23261 18604 20279
1577 146
13342 5155 25210 3731 164 686 6842 17086 21704 34040 32065 32620 15268 1966 30145 8980 10124 20010 19111 19548 32637 5691 23485 4900 428 1218 26393 13949 17556 12438 8650 9303 2197 21626 653 17106 10722 5433 36160 11748 17373 2512 18911 30856 31420 35057 25086 11885 6344 33674 10006 3606 17563 29166 19980 28377 8869 9714 1730 4078 25271 12355 19805 24096 10571 23522 21345 15346 21357 33241 24401 16057 24786 20288 13162 20284 32030 14882 24356 24814 8012 1675 3158 23785 17260 13715 11292 27828 17275 23241 12036 30682 9740 1918 12492 27414 7990 10729 32083 16862 27133 17652 58 12429 26093 7906 11025 21486 3490 21053 19031 19839 20320 6750 33495 12496 2583 2565 21845 31527 13930 34546 11437 12161 6097 9453 5917 28749 22528 29053 4383 12135 20952 21130 9935 10640 5918 21337 28845 21622 35562 15319 5606 34057 29771 26065
4487 147
28175 33791 11847 35934 23686 24729 10910 23205 1395 35194 7040 34712 32160 3009 29637 36351 11963 1923 32259 3290 32751 29230 9364 29020 4093 32179 8891 4214 21358 264 3976 19297 33820 34635 14169 14871 22305 17977 11321 20143 18822 3362 6529 20851 25250 22087 24916 23710 13906 26856 34795 30244 21621 15961 18798 518 2212 30079 542 18405 34375 33466 23148 18623 20871 19975 21016 10704 27011 27196 22006 4919 17069 35944 1661 27222 4052 4120 19355 113 28880 7206 14611 21049 13071 26209 31455 35676 32455 7861 18364 17000 5858 12374 5627 33765 30148 10238 11185 21877 5065 22917 22914 10370 33968 4207 30593 12878 610 20392 29656 11994 6817 34857 31784 36167 25652 7891 33662 5535 25051 8883 21286 36179 26731 24002 4529 36279 26857 5570 29772 34865 757 20711 3394 33995 14981 18440 35682 31281 22019 25921 18742 5215 16609 8225 14301
2864 137
16415 12336 27231 25716 21630 6279 12447 4823 749 20218 26881 33035 22838 2430 19847 12176 6115 35301 12886 34726 14837 142 11832 15042 32311 19659 25101 3779 32532 23503 16823 31913 13718 19432 6474 36311 1628 16432 34249 8589 12958 34477 29439 15724 30942 13562 35668 32622 9695 1663 12701 970 17088 35589 21648 29517 34420 22828 35390 19243 10966 5949 28205 22693 27604 20886 16536 13872 29406 35559 21493 31939 2034 5624 23176 4315 9486 13740 35535 8008 34300 34458 20255 12728 25434 5003 981 22054 33525 33537 33225 27719 19507 6453 19660 4826 2696 1592 11585 29827 14585 6761 23307 1243 36019 25809 208 10527 12406 35050 11547 22156 14061 12806 20904 27811 30862 27951 14510 9123 17333 3754 24967 3982 18601 6724 26052 5973 23890 23628 6268 26050 17526 31402 22574 29123 3420
2253 148
10779 8227 33861 14944 26748 19171 5888 24866 10587 33655 20347 6021 25989 29665 11239 20443 23206 30375 21762 34080 35792 19438 16988 33761 2125 31 16979 18098 15179 33449 7236 25925 32801 26936 13037 13583 3899 31756 27069 33974 11587 31365 23971 32135 1051 5265 4770 17435 24673 32983 36142 4882 21058 21978 6878 26908 12280 4109 34638 17913 10638 3292 11731 9175 18202 4259 25117 22194 36033 11819 28665 34849 7683 10863 3686 29059 29394 24612 7739 8000 19757 1544 24631 21092 9989 27623 27771 24555 17051 21460 6132 17608 27372 30400 23419 19971 20361 34337 26768 19578 33660 29653 18065 13333 35624 7450 30509 13377 34710 17305 24033 8222 30290 4042 5584 34871 19891 25122 30338 1950 6777 19078 33388 24582 4014 19150 25020 25033 22552 5862 36312 36274 17464 35966 35547 6805 3660 2233 35504 13007 19656 36190 12981 20908 34984 26128 19057 10028
3696 148
35352 9294 19569 31414 30913 7433 6936 10545 16725 14734 13243 22470 5040 8271 5029 14448 5894 13735 23442 8151 31974 16227 3495 8646 2483 4407 33650 15997 6920 12989 23229 27930 36015 24290 31128 35865 9240 16406 34064 25340 5938 22143 34720 36083 9415 8933 4967 16533 32545 23473 32366 21500 7567 21236 11536 7963 21280 35250 30162 4931 20803 35822 12186 26365 15145 16329 20293 17975 1493 25322 1103 34922 31462 35849 13473 4140 29556 9148 21603 22824 32354 23649 10742 5635 18982 33867 10205 33395 22712 8936 29944 3295 29321 25173 23736 17978 27307 24282 16963 20534 27687 13977 8634 9905 29175 23385 13251 16132 1782 35028 7230 4232 24438 18161 31836 13121 12648 24701 284 7665 15332 23594 33323 8359 26491 11929 14281 27768 2289 5301 6441 17268 30254 33763 1849 4474 30341 6160 20238 17324 22779 31686 5643 14937 27359 17204 17611 3316
3545 150
6154 9270 13931 28783 12408 10391 16555 28344 13533 4855 21259 12047 17200 15182 27523 25500 20919 3004 16880 5851 30924 27666 25961 1268 2773 28397 27529 3654 14843 29236 7029 25994 21710 19751 8929 5403 30621 19484 5514 33441 6721 14528 5310 28930 31656 3984 10428 8454 24360 33522 26952 34771 5521 684 13405 2819 8322 29338 22353 3499 25182 11040 30633 30248 26349 30673 304 23343 8308 28350 4961 19908 7554 16304 11882 33843 22273 28823 29882 10706 7086 6067 2530 10891 7077 30829 8898 24618 35060 380 1670 34790 23543 3340 33963 4798 2112 12207 11548 945 11805 16188 23345 30594 11267 14921 27005 35288 7337 19809 5453 6948 2707 20532 19561 28553 33265 12784 10447 16630 5446 4840 27002 15772 1723 20709 17604 19101 25967 27018 1646 915 11884 1483 30243 31671 32265 12158 35859 16716 33343 1904 35222 14886 10896 8502 2207 963 15616 29542
2960 135
9735 15505 18068 23732 31962 27875 15167 34193 4048 15331 19446 17108 30613 19280 25420 27068 34860 5822 9952 26645 23728 20228 8923 30608 12574 8029 19851 13421 6397 2531 28298 20208 22705 21783 11055 13510 13720 16282 8059 13876 1808 18142 4010 26153 13932 2241 31516 35421 32928 3527 13952 11972 10304 6240 31796 11399 36046 36000 31130 22839 20442 26778 23057 16721 6005 965 34644 34214 32933 5351 835 8727 29672 23091 27468 13901 5771 15996 11943 22796 35549 21529 35094 5486 3552 6336 34909 23295 31830 26900 8076 32749 6843 1512 35356 20286 10921 33569 20650 22441 21017 12258 21912 7721 2263 1320 5405 16983 29372 7663 24215 11516 10476 20590 9681 17233 16068 31681 14504 448 4286 26618 21152 22821 239 32918 25439 20876 18501 1236 12384 27904 31981 29549 16964
4958 142
14339 31798 11324 30278 26716 28347 6847 20771 35663 2955 25009 18873 31198 23034 16561 29055 5463 16662 8518 18035 8870 18160 33202 8050 29575 12329 3306 17748 8982 19173 4171 5688 5694 22389 30762 22080 32975 22096 13844 28484 15890 5408 27776 35717 31169 12998 2787 3013 10655 17545 7698 21338 28137 15290 18268 21164 24299 25562 24489 7131 27681 13954 18671 34217 35929 32241 3309 23902 9265 35202 7868 12478 36172 18089 13339 5565 33049 31556 8252 25729 7638 4777 35799 31274 26831 13984 33271 4514 20479 9426 19304 34083 32271 4094 4199 186 2891 17773 8810 28111 22809 2977 14100 6602 25509 21985 32423 31614 33178 27314 11202 35791 1667 27419 8149 30575 9211 20387 31178 16023 34581 26882 1965 12801 11413 35080 24454 34311 15212 14073 20941 21591 18066 9189 22774 18409 3753 23060 21194 34549 16293 17552
1481 142
35331 3614 17463 8769 18524 13406 7264 6785 21227 20213 10000 25873 8984 30502 1839 24390 26447 7508 17272 12208 6608 12857 16549 8333 33780 1128 18039 21175 19679 27410 7103 9474 1945 31839 26176 30952 32040 25689 2655 9117 16943 23604 22893 7097 18909 1591 26891 11136 2130 25214 4864 20921 11714 26613 30892 18172 25632 17868 29013 29821 26840 11677 14286 28558 8837 9027 28211 4395 1622 21292 24705 27295 22465 8209 14410 3780 25552 23006 7108 22844 6012 6003 14666 6974 25370 30801 19915 13311 34867 11065 33195 33037 31880 13751 23553 3732 11705 30635 28203 23239 30487 7856 1463 15383 9161 9469 28030 8981 19764 13731 23448 32001 11505 21472 5328 24757 29781 4465 26961 21790 31664 9203 22233 32715 13226 24896 22169 17027 5914 36170 20718 26955 2997 9909 10192 22676 14950 25246 16602 27907 15134 6954
2225 146
7189 11349 30368 31582 23471 22453 7627 25074 29683 19341 10771 30312 22731 22964 1242 7145 15828 30499 31751 27794 1135 10232 1824 6105 21513 16641 29014 28184 23320 31667 21140 24217 1249 36283 647 23149 7132 32144 4611 21906 29190 32927 24942 16848 25542 11001 27329 22977 11299 10150 18662 35737 13469 19253 24907 10784 2138 15341 6717 35335 782 28711 8565 17567 2888 15063 2790 29585 24603 1676 17753 18173 36269 11766 23109 1813 11872 28333 35868 5267 4013 1694 33097 27459 29816 33157 31607 5706 22658 11448 22397 4057 13789 21577 4780 21327 17873 19846 22343 14564 670 6443 20683 34813 31021 24212 9891 26858 3771 32878 27574 4224 15879 32113 28413 26958 7208 28946 10654 5540 9997 28583 30933 1974 6808 16689 12578 17521 15411 24723 9291 12383 6840 24557 30096 3939 26458 18203 28263 16119 20700 9362 34104 5898 9480 16431
2674 141
3072 25130 9280 10349 16532 16048 5821 16168 13166 30192 3092 24164 7580 17218 26074 5013 10657 14247 21179 35946 4519 3817 30177 21973 31441 7971 6766 6461 26098 25222 9622 17995 2764 11398 20335 4738 36064 18672 18857 9476 26380 36369 35358 20802 34295 2913 8785 25658 21497 28793 28773 22714 15301 10262 15977 20263 14575 30057 4189 11240 35522 12721 12149 32512 7937 12015 442 21751 10547 22679 36165 16607 9061 9313 36364 1732 3859 19197 2861 1642 964 17974 11228 29240 24006 35018 4888 13005 31587 3737 10065 30545 12125 31579 1802 33706 19977 10828 20059 17701 18893 28076 2506 16724 1835 22886 33362 25801 23712 23182 36128 4427 7075 22940 11115 8499 1684 9872 5169 4706 21370 7948 6796 14026 27748 16421 5342 27826 1821 29442 612 31601 8604 3898 22849 3233 28987 13068 12795 15714 11268
3988 140
14849 28168 14943 25718 18578 30471 7438 11579 9110 20930 6135 5260 22312 19052 8260 14796 24825 19700 9250 16117 4476 22524 6630 3722 24482 18620 366 22365 5004 8199 28293 33952 35801 35213 9996 30708 35291 12319 14791 10710 10166 6011 17996 31907 11291 27264 11021 26737 6783 30877 2759 17102 15899 29505 18858 8409 318 35930 21319 1644 4816 5158 25696 4177 2083 3873 28998 21560 12933 17808 14756 8363 12668 30381 28899 8501 21640 29725 28851 5610 1415 31524 8777 25993 23455 6807 13927 12310 2116 32136 8595 7617 10760 3034 2023 16769 24333 718 24715 13155 25362 21537 19525 9052 22165 23757 24359 34885 28243 3200 29788 17866 26547 11522 789 12393 21411 14717 18683 33402 34670 5660 35385 23933 8803 3215 15312 10875 15026 20258 17800 1272 19124 33919 419 1977 2720 33580 27521 1893
2885 132
28681 544 27225 6254 2167 13535 4890 26462 29543 2423 21402 34259 15829 8880 29458 5039 34626 23978 6769 17074 33983 24381 35434 5937 23770 30490 22097 13885 20422 27648 32332 22507 5870 30379 19422 19508 31576 8532 27644 136 25326 15639 8426 18055 23670 4289 11022 9786 8754 6841 19801 10359 24732 1081 35981 22369 2188 8451 20562 19117 1578 12237 31714 23753 15644 11364 34695 32488 19836 27191 7366 34161 5844 27128 9210 25323 15783 7038 1075 27837 7502 7773 15479 10883 12807 22259 32213 2063 4360 15014 16750 33825 16314 18454 19557 11203 960 28869 10346 24688 30369 924 1498 8054 25911 14373 18036 11937 36174 33137 33222 738 9915 29478 11465 1021 29852 30588 5194 16844 18812 5031 29270 32286 9677 15066 29271 2863 9820 15841 3540 574
1692 131
23597 20046 11394 34974 4266 22717 29396 26374 13605 3374 16722 32635 22457 25548 9685 30178 7853 33913 20742 13064 18789 2937 12420 33356 35636 31568 5151 24661 23271 36296 22293 19512 12437 14267 34862 18437 35217 22685 23111 29196 24955 1331 26078 33034 12808 3455 7243 24326 5909 15740 20139 25673 26566 18080 21879 9304 17117 8153 1384 32348 11114 34327 7581 7959 21696 32362 4952 19612 9083 36238 10894 29858 10981 9254 14700 27422 8739 27642 3473 35098 18223 2170 28340 19783 12315 22927 17201 2044 12936 2115 36030 10042 11737 25176 3550 1285 2511 35144 17227 22108 26552 11101 15773 23756 5081 20570 18468 3266 1583 31609 28271 26530 34464 1172 31201 33175 17038 9410 15367 7260 364 10769 11397 34039 22651 33455 26325 15473 4674 1696 35226
2068 129
10240 35854 6697 21584 5717 27234 1129 16006 25772 10007 9024 33134 26485 12679 3491 1449 11693 33672 34941 24841 10930 4909 13841 7408 33733 9289 1542 32560 10772 3298 16522 23168 18316 9623 5177 7478 19400 36263 11605 21326 5228 26847 12772 25272 20716 26733 23518 26187 12847 14483 1238 24913 394 34835 6191 24036 16717 35803 5409 12873 27736 1205 26983 22757 21212 21754 29987 30314 12117 11254 14603 14840 28725 3678 36095 23897 19121 2518 13570 24420 32069 24216 10459 16927 25685 6412 20541 6383 32969 32530 32073 30827 20309 19194 36346 20840 21126 11808 7693 25817 9214 1745 17619 3986 20043 9457 19685 35364 29749 4463 3392 16911 25815 14927 29969 26082 33911 29992 16739 2548 27040 23831 8068 23751 18608 33158 32410 1253 13461
4984 139
27804 7358 27368 22854 28010 1392 27027 13756 21459 6631 43 27840 23194 19709 8890 26148 21356 13644 4662 2914 20849 305 15090 32415 19636 1929 6152 32011 1594 20471 156 18275 17685 12198 35887 3662 11572 36144 17943 3601 1087 15866 33635 34367 18013 13503 26838 5275 5255 33086 19070 14784 26188 35696 37 23058 32774 33237 9788 3980 5562 4473 28260 21542 21693 7072 854 9008 30146 35209 25613 6323 24803 21422 18865 27127 15836 33058 11198 7619 3435 8762 14121 20388 11703 72 23964 13502 6455 10802 2484 19731 31600 1767 32281 14119 27785 24616 21242 34010 26578 30182 10735 15686 22314 13783 15369 30982 23129 23328 278 25768 22451 22576 5154 11219 9150 26870 7871 23511 26121 11651 14978 25444 223 23428 22596 10050 16255 36035 27847 29261 22657 16277 4545 20433 12811 19774 7877
931 131
30729 1046 15394 8831 228 5352 28468 6457 25404 26943 11082 33115 29592 36309 24090 31561 14736 16573 10513 32943 19476 5379 9587 30714 10831 32891 23218 22853 7584 24560 12842 35223 31881 20246 31591 15637 31838 27678 29366 11316 11391 33624 20977 36289 19526 36273 1870 12089 33688 8292 24399 33467 18563 26514 249 22915 21643 18831 32853 18801 32735 35267 12333 22134 28732 9002 34907 7284 2375 3919 21914 34600 16949 36375 23495 3452 18989 6092 19113 6329 27981 28496 9883 8567 33490 15744 27734 7263 32654 18912 6491 15935 3108 17919 8311 29222 24827 3706 17655 14802 29286 10020 27066 18020 24318 34649 29403 10611 17815 27446 17064 34168 8159 31672 1724 30689 31378 21088 27109 28682 25988 1267 6458 25007 26230 14161 20241 12830 30792 280 22942
3574 131
33798 17425 8780 5229 1176 33560 21300 21822 3408 25499 934 15807 28307 23158 27640 28521 5551 20039 27451 20322 24331 27032 28827 4169 24818 10167 24771 26663 24430 29174 6232 34034 5724 11134 3635 29411 29921 22492 25659 32416 14612 2029 23411 12453 7198 26165 17796 14917 28051 32824 14303 1915 22073 32932 2227 33883 30360 2277 6678 32991 25304 5393 13618 14327 17017 12554 32186 23699 18648 18854 35240 19701 3580 26028 25097 21505 16285 1388 5124 16899 9417 15475 6499 28815 32010 7780 9258 8238 16303 7775 5217 22160 17367 20092 14824 3537 33492 8623 7294 4842 29628 5519 254 14072 12898 33808 9282 9797 1678 16424 19230 9246 24522 16025 29659 23990 12257 27503 17897 23696 24949 7789 335 13433 3712 10968 9641 20542 32539 13079 13463
824 129
30751 7763 8787 7802 7323 3238 25821 23781 28420 22290 20274 16189 3446 2431 1453 14973 26330 5701 30558 24554 24138 19491 18452 4218 27633 33591 8552 27195 24130 8453 20164 22516 5823 23130 11610 16111 19295 31753 30584 20943 17303 30821 16151 27321 32579 25788 29537 23771 29995 4956 12370 3881 9612 22947 28905 8654 34759 32091 16366 36045 35367 9058 12226 11478 6566 26105 27319 10120 21442 21842 34303 21205 27103 30286 22569 27735 7636 16224 32660 15553 22970 5064 36089 35296 12011 4115 13871 29911 5849 5787 33973 16517 5149 27114 6292 14238 13085 30967 25575 28215 24174 27652 467 24725 14779 19429 21645 9204 8758 15592 7341 21587 5573 7199 27012 30681 11944 21128 2072 4876 25146 274 9889 7171 15981 12988 11121 10576 35032
730 138
7251 28770 30308 32906 35982 2230 10935 737 8462 29491 360 28526 1404 4506 14766 21441 26603 31430 13089 21026 32095 18296 15660 6010 10197 13805 5956 22519 29171 24009 14639 734 36066 36336 900 30454 21083 18657 16067 1124 22919 6959 14650 20200 10530 35699 29186 13968 24724 5376 25405 32658 16580 20763 16591 26401 5552 23631 5896 31973 14035 31884 62 18195 12400 3785 343 24254 8917 3521 4608 8673 10734 35453 21575 18216 10174 2019 21373 7485 8586 3687 10660 11495 26919 15498 28533 16278 26219 20528 19151 17187 18371 8164 20222 20630 36219 24759 7835 2644 1071 35574 5104 19128 392 11376 28666 35145 32923 20076 4271 32440 23397 15747 23238 19199 29444 34586 6508 570 19884 30864 13795 7549 28012 24797 10272 4918 12687 18682 31252 34002 23744 12571 21749 18204 27301 30543
3599 130
3587 5636 22032 14437 10886 18104 21735 25358 15731 18810 12189 11698 6652 35092 19239 36196 27188 13889 15918 14836 11598 3628 23257 12238 28014 16824 34086 7094 6256 30268 15309 19460 36143 18931 30972 10882 18415 23101 31812 13658 11743 23155 6093 211 17413 31611 7266 22935 6223 25001 10751 4705 12168 18472 25705 27888 19811 35994 15528 12177 28931 19333 27934 29018 13145 5296 30610 9644 28321 6377 13148 33571 2270 6233 18198 23399 13281 31702 16938 13695 33170 11190 24126 28249 36122 2048 34689 12052 26560 25797 17718 19667 8748 3102 11838 29633 36275 18632 3480 7859 22645 9777 6444 29306 19029 17098 30316 3729 25159 5611 9104 7591 13807 206 28436 2824 23177 34213 32316 35281 9636 4625 15392 4630 30599 34587 21283 4254 18280 16945
135 138
35328 33822 6199 82 10354 30927 18667 14586 23923 19899 4073 15176 25113 27180 14514 29934 2401 3833 2649 35572 7679 4793 10668 5772 5884 33012 6856 34279 14759 17703 23944 34135 25432 9691 13732 23759 22761 14371 23104 26049 14347 25649 10667 6643 29027 10135 851 15838 23112 6728 3471 5800 8878 26426 14817 8446 6918 23650 13596 4975 29028 24822 5197 21306 9756 12197 6906 9295 6346 8432 16654 27332 4676 10508 489 33139 19184 7054 18866 10721 23591 4305 18573 12763 29523 15243 29534 13493 27788 18995 34816 5193 27500 6082 6481 18772 1647 9063 11813 29728 25183 10057 8019 30169 26451 36350 14656 7717 22716 690 6718 6502 24512 2358 27974 32183 21935 16633 29045 5541 9030 16820 32636 11599 7371 19102 9387 27073 12526 11416 25845 12241 18847 28387 26784 12750 33429 22055
3835 132
7209 17986 5331 14637 22877 13250 20446 14311 30205 4884 313 6360 10759 30127 3529 2659 25454 3565 25609 24061 8406 28671 19176 33383 11637 16484 21732 11923 7562 15636 8700 780 18643 1873 17499 14285 1878 15261 36380 2665 33872 18638 12163 19338 28807 10482 2796 286 27996 18752 26782 18848 29641 24281 25314 8697 7863 25407 35236 29248 13518 21248 15156 11471 27047 31346 21344 23253 34487 543 33670 32301 14007 34025 17911 34957 35629 31500 4179 28457 33346 3695 25714 33622 21557 31297 4603 5755 31214 14993 36077 13833 10739 8729 27686 26258 33563 9551 33523 13678 20642 13879 5926 23225 33644 32158 12829 21635 12828 3689 4640 8124 32556 11207 21163 35493 13123 36357 13106 34975 8042 9857 23748 29932 6712 27326 2458 19948 4331 22823 36329 1126
1579 114
15 35357 4127 13412 5340 25333 25334 1857 34765 7582 6352 28077 34653 23714 6143 17947 26823 6874 4450 11654 8317 34554 14977 8085 476 8568 14401 16708 26423 28210 19350 7391 8243 23795 20358 504 7520 19729 32643 22852 31730 21400 19982 1369 21438 29973 11515 19730 21096 17080 25860 7694 25805 25677 1104 31012 12600 19954 29650 35448 10866 21331 18062 16872 7256 18075 2156 26036 9806 34048 4670 36124 6488 34923 26143 9528 31584 14250 8196 12001 10372 708 31074 33498 21861 34163 34467 17879 12897 1040 17864 17472 32021 21986 20193 29792 19279 14484 26525 3172 9102 27285 9572 19696 11809 32267 2692 10307 25269 18436 11965 2693 16851 18888
1063 132
35362 25715 19649 10436 34520 5337 10471 14608 7989 8597 12729 7157 26542 29854 722 30844 7723 20897 7496 833 24317 8988 17760 27706 21076 17512 31229 2035 13364 35318 2470 7914 28608 9911 2544 27247 16928 5776 12515 15900 19544 11390 25890 34234 12673 19610 528 20231 25223 22884 19389 9534 9766 13240 6510 27107 20321 3375 28958 4163 4077 27210 31403 10663 9400 3508 15118 32788 28911 15299 16650 11869 918 7428 4101 876 1834 13571 18579 36138 6663 7177 25690 27908 9163 34631 18312 26510 5508 33366 13925 23532 26705 11107 19992 28625 20635 25799 22438 19241 22045 11623 30086 17016 20836 27445 27834 22029 14825 28197 28825 21100 2792 11686 33081 22869 23685 16361 24906 33321 13857 16643 15459 2712 9692 29112 16436 35468 11751 25974 26249 34769
2662 131
3607 35377 32330 24653 14930 16560 8382 32483 9470 4548 6620 17152 22251 29490 14038 5086 12094 20419 3742 32726 24328 10405 20756 12577 35124 29552 35000 1291 29342 16999 14924 23962 5172 25875 20780 26678 7907 21162 34264 4374 33726 34928 36395 17648 27506 1501 17243 35501 13416 3281 20872 3755 4142 30326 14244 35833 34435 27674 24755 18885 20853 36225 2202 13154 34473 33728 8508 32939 33345 32518 11928 11979 28795 29331 30139 20394 14628 13869 28223 23251 7885 14014 10862 4495 17649 6881 12457 22997 12267 3981 2611 9818 9660 19298 24219 14082 12229 24440 5070 25419 22079 36113 28848 15564 31001 16128 493 34990 31957 25296 5639 8753 35019 2830 10731 27378 11063 28708 15414 29026 11902 34562 26215 33187 31301 21206 2221 5955 13603 9435 1862
4158 124
12805 33318 6187 35378 22626 21614 9867 30356 23701 34063 6945 314 35664 35198 15283 29640 9218 5743 25681 16815 27217 31028 20782 3232 24969 9070 12533 36104 14565 3360 8688 13255 3934 19907 33471 22095 20289 26189 26512 34556 25318 24887 36213 3028 17115 17160 33701 16921 33453 31134 13640 26574 7464 32043 7588 23977 25356 29501 24414 1490 11716 16543 17222 20349 14665 32448 4960 6568 27606 10002 7058 22064 9698 25619 4145 26005 17445 14214 30918 34147 19313 3505 29022 11549 4441 24520 6269 7112 21586 4275 14033 35796 3801 7631 5372 32321 217 26817 4834 35748 29518 11270 891 27605 24190 4748 34182 17639 11735 25221 17176 4885 19626 25904 24419 2114 7310 2079 22681 28858 17134 8850 13663 31172
2611 121
19456 20501 155 19138 3787 22749 2278 35587 23344 24919 33698 8638 34757 3501 21352 29950 26746 11676 1350 36186 16503 35858 25621 17641 18757 34640 30935 23664 23935 25025 10175 16901 8056 24521 33893 22201 7048 18891 7570 30083 26779 31071 31451 18155 35847 30718 20995 15378 15370 30298 29526 24980 9478 32875 9513 832 34503 26974 5400 13894 989 14737 10963 19127 24064 25882 199 30647 17174 33976 25536 1616 2952 13337 9471 1532 3799 19334 36360 30062 20351 14103 33999 9199 20540 9047 5683 26369 17192 507 31094 21329 34363 30001 21189 3710 6543 36086 33958 34022 14809 7458 12955 32522 28976 3206 1014 8682 24284 1560 2379 4715 22254 30456 7100 28287 17177 31185 17020 16368 16343
830 123
13839 33368 8305 6855 18151 19800 18329 6071 25653 928 18381 7006 10092 15289 9834 6225 11829 34403 22885 3082 31354 20441 33198 14951 9589 13504 26873 23486 29011 16516 27099 26713 2232 19782 17758 1308 25118 19136 17273 33645 27822 26753 7639 20014 35623 1851 12902 31461 29077 3995 26031 13161 5976 23509 14833 33333 2353 9574 14525 7501 5476 4859 30603 27354 2004 3105 23299 35279 3361 33311 30227 34198 8881 14814 11428 15630 33277 32249 9156 35371 7227 29358 11995 32148 17124 17981 7333 16732 15396 21667 35099 12140 15043 18915 16775 19251 2217 22085 11682 26056 28704 13260 33631 19065 33905 32356 28925 4063 2294 3766 32767 16137 34330 14497 29648 20584 11295 32435 33355 32944 16542 33771 3546
4812 132
29205 15922 7732 6747 1337 18747 18269 25968 29644 25554 33775 31737 20343 26999 33423 14597 6424 2942 8081 18970 28222 21976 9390 16353 8621 9080 6158 4350 4405 18140 11856 34669 12735 17095 20372 447 30757 23020 18095 2550 17065 17043 15707 12373 18624 7909 27303 10569 32678 10899 503 6710 15685 20333 33189 2924 36114 4753 26004 29759 4136 21386 26391 22455 6695 475 950 34952 26780 28639 18143 35961 34636 23255 16073 32472 19481 13657 34932 22310 14961 902 31778 2016 22023 22587 5882 4212 21558 16834 8904 1359 14444 24528 34478 23071 27999 31725 4386 34713 29825 12767 3773 31024 772 12240 5175 19570 20269 7729 16922 20456 22775 22239 26794 13800 7815 21574 33914 18871 20788 8052 23154 21105 6234 32542 18084 20140 19522 170 31095 21239
4560 125
18483 24635 10392 24736 2251 231 21764 1825 3386 23919 10621 10183 4582 14209 24693 28240 26475 33730 2131 22650 4522 31239 22604 31506 22417 26896 34368 28229 11644 10160 3770 26642 9882 17293 24903 7399 3825 3543 12386 862 27542 31581 15149 15577 3387 2440 19445 4917 1708 3594 24669 32676 4769 7229 3683 25657 14669 33021 2057 5676 25461 3999 21213 19139 11260 20717 13012 3600 11085 23219 23361 23527 22295 752 3966 34037 6287 29780 29695 849 18749 440 28358 7196 35320 12974 1637 16302 12697 17824 24051 9771 31398 15483 27716 32425 15969 19959 19362 11550 15447 35709 28247 25703 22777 19192 4787 24793 13263 26120 19265 32054 13234 15758 10825 14542 14664 30650 20386 24926 4231 12551 16123 17720 7566
3059 123
12844 28231 16994 11423 17602 29915 14049 33057 12067 297 14787 33228 35805 14934 11570 886 3653 3837 9606 17423 3095 28821 24086 31701 21728 30391 732 27739 26819 16335 11562 4284 4276 31648 12982 27239 4041 32261 14337 31964 11617 17531 12114 33367 15880 594 1996 12954 30426 13689 8348 21548 978 792 33543 14418 16070 12121 362 10134 5678 10158 26108 22049 5693 11546 3152 34246 11767 17179 20612 24593 6780 6885 12841 18488 26256 33329 18696 25373 7416 22525 12351 30370 33468 1229 18780 7025 34904 34468 35374 5777 4088 31003 15034 1983 17082 20550 1145 1648 26438 26195 31481 28729 31264 13347 6190 29990 11277 2827 7745 13428 9114 15348 29245 22124 17237 24941 11736 20308 22688 14832 32794
4010 119
6189 13427 21651 35481 12026 28564 24014 14307 33479 8740 4415 15203 2793 3342 26880 28534 20243 10598 34679 17941 30479 7881 5979 17955 22567 31300 12607 17835 9170 21263 14845 35286 9680 31369 10013 1064 1192 35114 35254 26507 35457 36308 29402 35043 14992 11717 25338 14438 30074 6245 8132 2120 21813 18877 21893 18824 9266 13512 35307 35255 14022 34129 30390 30147 27621 31413 497 26675 12939 1788 35218 36080 6759 29386 33679 2605 16930 32746 32605 21251 23043 3735 887 11446 7967 11057 8194 9858 6586 4099 34172 729 13411 16507 15755 30796 19990 14500 23742 1402 31639 6334 9987 6816 2382 5640 5696 31790 27931 26739 24137 27444 3185 27950 12068 24416 11380 7553 12273
4285 130
12294 21047 1085 19538 11388 19598 25260 35527 4330 13167 2945 1421 436 33213 32189 1325 32074 8371 15112 15891 8091 26234 15204 30505 18376 28449 8699 2887 29837 8040 7056 14175 20277 8636 24313 881 19998 10010 9416 9961 1488 14284 26337 21534 32142 23865 25325 26377 12205 15135 12572 21823 27224 32058 35665 20003 14421 29116 36371 7953 33633 7827 1993 17284 22808 26927 19814 22664 30412 6164 22458 12885 21406 6035 35526 16511 31508 12283 23490 4973 7613 30164 413 10398 22905 31948 14040 18336 3721 9088 26420 23648 33308 11962 18720 11164 19315 34764 31776 8934 10917 29161 20830 13770 35882 20634 1209 34106 6391 32537 6418 26570 19949 25599 28255 21943 15148 3246 20588 5748 19267 26468 35918 28131 5066 21631 22198 9904 33440 23157
4259 133
21024 13860 31269 2553 23611 10333 10355 27262 26766 4755 10400 9389 17151 21325 35810 13822 28672 2564 11850 14340 6043 32611 26494 15927 8718 24158 27461 8219 36399 11707 25787 10102 3531 19468 35360 26090 19858 21412 20581 29397 24402 35766 30160 13300 30024 34823 6109 14888 24204 30878 7354 10111 21706 15642 20587 15419 27858 13443 12290 8001 36211 25307 20985 19282 7395 5478 14777 6384 12535 30890 22904 2838 27185 23061 16685 27524 14911 30270 30325 24963 17498 10353 11482 16996 8674 557 11656 5470 8031 35817 2346 14062 15786 14135 9244 25401 2976 31659 8560 8516 25213 21432 33980 19309 3861 4886 19274 26033 3451 7277 11621 26497 3039 4198 7005 33821 17627 26591 10281 14451 35651 21983 35499 23791 14658 34176 17802 19746 29906 28454 18874 34654 16556
3612 124
13373 630 19625 27357 18675 5414 15676 27453 10575 32592 21852 27016 33690 14291 30937 4122 32807 7344 9092 25219 31886 20470 34140 3155 15068 25470 30737 20275 433 13544 30424 29282 31457 30172 24059 5901 29797 30276 22549 28172 34428 30807 20356 19189 17841 17113 7188 7822 15818 13438 11262 29377 31759 28284 12503 869 4268 16208 5253 31328 25451 32226 14171 14141 7666 22122 14643 9057 7397 32852 19718 34550 24365 31381 3691 1482 26924 28582 19879 29793 8972 6473 912 12961 14257 20081 31596 12983 18299 29761 28456 29596 34108 6755 8028 2396 32527 18070 17769 6514 10716 21458 3026 13986 13113 9082 1416 16205 829 16196 29448 35203 4502 20712 20453 29099 26582 8218 5829 4532 5527 5619 11795 16658
998 105
22570 11342 31311 22186 8372 29392 6396 26947 27492 22910 3052 8155 6703 33276 28768 11667 12097 13820 11183 30211 32644 24592 4255 20209 5563 2578 14598 3520 17561 2716 10973 12476 11289 21676 26117 15187 3415 14202 7620 16766 10168 33050 25757 24207 8760 7295 5483 5773 34847 29684 6788 29084 30138 25072 30766 34329 23626 34994 33001 32630 7201 13208 26170 18490 4856 9255 31722 34964 14982 27663 23600 3228 35545 20153 5043 24163 10172 32274 31530 6908 25840 30586 17210 14118 11365 34465 10800 23547 27281 1888 35734 2354 36402 9937 32465 30774 4592 21033 22982 28615 12220 18034 30565 9713 4949
2790 122
95 34925 24739 12452 10414 22230 21882 473 8473 26717 32514 6917 8408 23410 14277 8441 25624 25041 17754 21418 21958 26413 22034 8077 1178 7844 13304 27000 16290 29436 8736 26549 25811 2958 19721 11306 5675 3604 20198 14578 15304 17555 3466 11146 9527 12914 28985 22106 25261 3283 12719 1932 16099 15548 34091 24659 10824 11089 7947 5289 14332 36013 29936 20297 30419 5281 13516 35075 16509 12127 5318 33293 7587 23062 11523 36322 34746 2580 21210 14679 33873 25383 20226 25951 25251 121 20795 32587 32022 24497 12165 22114 8582 30640 13298 20520 9325 25603 21315 1686 20535 18271 29308 33227 14998 26326 18519 12907 32214 27386 32027 31972 20679 35047 7347 7507 35804 19863 3744 12759 7991 26814
1276 126
26771 16547 28871 34102 21834 32159 28640 29152 14076 6237 30472 32960 35743 17280 28507 19061 27597 32662 32986 11675 8235 26527 32661 18306 15010 13914 9576 5359 3938 17247 28431 7168 16709 14003 22870 12058 14324 31513 4068 29658 28489 25937 31711 14212 31180 34317 32120 22544 27925 34674 12870 24991 16651 16505 3855 9556 7864 36267 30224 4569 27673 32122 18274 15226 12545 11556 13883 30104 21018 3492 15069 30562 12216 34035 3700 22199 530 34285 5875 21530 26011 25949 25533 10047 17171 33934 28479 24671 14149 29387 20551 9871 6744 14622 12827 32364 7597 24446 34706 16874 13294 17175 20688 2519 1173 16842 34966 13016 12077 2769 2625 32525 11512 25945 32501 26606 36048 17480 17665 17008 35046 31528 12417 31453 16541 9969
2412 116
7834 33451 29891 35065 26389 14732 35733 5529 23488 21450 11222 31728 28148 32577 23998 12318 27692 24804 30846 5810 32758 10541 35137 11802 14253 7529 9183 24562 22052 2966 31051 33837 13517 22192 27602 10635 25699 13392 14276 31265 28141 15726 27701 12747 26963 16568 28884 15278 32503 339 10360 4896 31654 30727 1534 30595 24366 30176 18741 22897 35261 32984 24716 24948 32029 33743 34521 8520 6979 28763 24323 3573 36390 35101 34982 15342 28424 16129 7874 7384 33711 27671 19450 34662 21777 32718 31480 4183 28584 23321 2199 28322 15174 28356 33935 25844 34349 1610 17048 19214 28490 5150 25901 32056 33150 31560 4160 34604 11611 227 16889 29796 4038 11970 19543 20603
3577 113
18980 4333 17168 31016 2881 25481 32652 34924 15242 32170 8044 12901 33446 9414 26227 9799 26536 15917 25254 3656 34936 2733 2246 13982 13865 18218 25225 21604 30260 1613 31401 31896 31466 11450 15029 18227 2864 30384 27772 9051 13953 21955 34929 11684 25149 35242 15633 28277 23749 30114 13862 20829 10275 3257 18702 25037 14462 20806 5764 23576 959 8268 35757 17393 723 16730 6909 31177 24735 7244 11527 21888 6609 13890 2182 12338 26084 15024 17494 26854 29779 4472 7758 36181 36404 25258 23887 8157 34878 17415 30030 13611 7894 22768 10977 27207 14199 23305 15613 2086 25570 1864 26812 17772 19000 7968 14399 16186 9405 36088 904 6257 23722
200 116
2067 33314 33382 26286 1202 2762 17612 24315 3848 8584 4238 11764 15489 29384 1669 7667 16519 13724 18617 6009 35182 22050 20636 4058 30783 22794 20774 32562 32816 14657 3449 19277 6398 9456 9121 14102 799 12398 15041 27949 11647 36011 30644 3413 11003 6613 26029 589 7779 19455 9043 21641 17768 13283 22621 11851 19473 30719 33029 14157 32921 8497 34356 18064 21885 7031 14419 1662 17477 4298 32337 21836 8543 372 9707 12483 3294 1076 25148 27124 26480 28369 30996 213 34009 5271 27839 5033 4470 7769 9459 35976 5354 36076 2092 34120 5422 24272 13476 16893 23422 20843 15950 15254 2076 32642 3139 1655 8135 14306 28261 17726 20592 24541 23688 7709
3512 119
32799 27793 17633 27879 1277 8960 34565 35163 892 13701 13196 10696 35293 32761 11896 26929 21494 27638 19724 35208 7345 16127 8319 20708 25694 2492 5740 34067 17240 16062 27824 25283 20643 21709 17565 16747 35618 23967 5237 4080 183 7406 182 33815 32520 13916 35745 14716 4112 20375 35972 8367 32430 25849 33574 31293 8655 15702 22585 127 20167 30753 1062 23114 13824 19020 35879 12522 18571 311 34702 12460 27661 35363 669 32260 4819 29634 27004 31161 34768 25476 3186 20583 21379 9036 17984 6559 7940 35990 32167 32873 31272 7731 18652 15153 4348 2663 17289 4867 30627 36314 24628 35450 16731 21798 13082 5548 18043 11426 27715 36343 7035 20405 28122 27741 32693 4675 15949
548 97
34357 10806 22615 5843 14108 20820 33677 6653 11687 7996 16060 17669 18767 32133 26926 29646 33552 34875 2405 28208 3715 12320 5245 28581 3749 3431 34803 4789 4110 31193 19039 29126 29486 13773 30794 9983 19062 20327 13375 12501 12159 17730 1871 13990 10591 15815 4449 12620 28717 19777 26721 15945 36212 23572 21119 9230 308 35967 7687 23121 35783 18459 24327 8345 25298 21234 32610 32997 2420 12623 35924 17264 3183 35983 1195 29216 3073 22713 3757 29181 8963 17446 29226 16617 16087 48 34306 33682 21010 9948 35148 18265 2472 11770 21343 32796 10035
649 115
35919 33393 9022 20816 8603 6072 16375 34093 35225 571 14956 301 10937 4125 2938 24769 32721 3314 5053 2462 25059 8461 1827 3231 2285 21022 12461 28752 9155 5479 18923 30055 28797 22100 149 25934 29667 13580 18582 21036 21616 15482 27819 14606 33188 22422 18309 11947 31936 20063 21087 17173 7720 16428 22691 13893 34414 28348 11451 10859 32639 21469 9570 33309 24465 19499 22090 34383 13330 17896 28536 26576 1299 21184 3874 28476 8165 4922 27221 2775 15593 20867 24574 7003 20366 4005 13976 27543 19537 35531 24517 35015 21791 7898 35700 16627 19798 8580 21863 29010 3461 5098 31030 1747 19083 7041 3068 29069 28743 32867 12880 14897 4316 29571 26446
1112 108
6673 4203 13159 29108 33215 26129 24481 16696 5168 6376 12866 24012 28392 35312 221 33755 2507 7461 12749 1450 25678 26465 13332 14681 20593 28059 12774 841 10087 10236 7271 17297 9194 33530 27242 14554 9758 14541 9118 6705 14 14629 23329 1627 8926 28071 461 9563 24132 33163 34486 24921 27499 2428 11597 12093 20831 12129 11184 31166 28509 27085 19215 2272 35412 21722 3156 226 18432 17087 33588 4920 17321 22655 5186 22138 30000 32217 3328 15199 33419 17707 6101 29743 15382 4102 34287 20850 33756 9975 12195 9095 28125 2574 27214 1952 19869 14060 1602 3696 11309 31708 21408 22257 2654 8396 1355 20142
2 114
16551 31927 31424 15072 21235 28404 1340 4461 26489 7560 32690 29626 11211 25909 7681 5588 3351 4445 2245 13340 2416 33550 32812 9562 13650 18746 20342 19849 22697 28522 2558 15849 10319 8468 4338 24026 5272 28939 6450 17690 28353 24979 16334 33994 15673 30693 29729 9235 24115 22819 30335 23834 20440 6298 6252 1902 5334 26579 3335 12178 8911 1245 19407 11317 30828 35962 5469 27148 1346 18969 17133 21810 17670 3033 10070 25137 11825 937 27479 6147 18096 17871 20723 24594 15999 6061 11608 24234 31846 21549 16340 23593 4691 34028 5556 34708 18108 896 1505 7993 4364 16402 3401 34808 25003 34235 18862 31070 8161 27473 14600 22261 27987 16084
1490 105
23072 7755 9832 18168 2314 3397 16202 32594 19857 17833 19886 480 35313 22526 27104 9385 9229 2070 13593 7794 21324 15468 12433 34036 14512 36382 35433 6034 11911 26506 35231 14763 29904 1641 7375 26156 11742 1432 8039 997 16331 8115 25827 32667 643 24820 33964 34738 10208 23567 25664 6416 24229 24103 32437 11968 3398 34315 12265 28986 32781 28556 31243 4803 31563 23796 31735 17751 29978 31878 1257 28647 2744 25236 7122 22610 25793 25075 2799 24368 6702 31553 25561 25343 17230 34594 9508 1742 27498 1177 14051 27838 4843 1537 27552 31469 34131 6846 27164 7440 18953 12430 2006 229 16413
2843 133
1061 29736 35881 20061 17037 11415 20270 29512 22864 24427 5998 5507 12733 28117 4040 33639 29072 5840 3483 604 34572 28421 13730 15235 29900 23521 19780 26558 34774 35839 14260 22127 10724 20705 31851 30886 16098 4343 2 16914 94 23691 1848 4692 21593 3193 18924 22879 20539 30458 10144 13096 15031 11775 17524 22099 34266 29503 2757 18684 1568 28977 33258 22327 14160 8545 26550 3136 19202 18335 32866 2973 28854 19386 25825 16295 7486 11630 32231 18500 34553 29350 20220 16376 15665 31212 25017 32917 12965 28213 30015 14085 8041 10958 27480 33870 24874 8535 3924 6825 11294 17586 12727 30318 8312 5216 22189 23818 13133 20637 26493 21200 15690 23348 6044 31350 10692 32044 3358 9879 30860 24479 34417 10733 8097 16668 21841 12802 31933 22945 31534 7545 2403
26 130
77 19556 4721 14991 14522 29940 28951 2359 16706 26986 12144 27530 28067 10717 10562 10572 18895 23230 24895 30541 20173 5593 26328 6667 8959 18122 35432 2505 11086 15877 31835 21933 27704 8531 18149 25741 34340 20468 5074 8293 17618 7752 24451 23209 24278 21323 18253 11820 10060 3569 18114 32940 22047 29766 17935 5876 20561 2724 25635 31673 2343 4801 273 23976 17740 13705 3324 31912 14234 13017 5632 1142 2763 15288 19661 26350 31731 22841 9994 15654 27969 1065 23433 18805 31105 29105 1001 12760 34378 4553 16292 1567 18356 3402 25958 20018 20924 9639 16169 27063 19043 9365 29886 19981 884 33017 19162 15876 24873 17537 16702 10395 7463 28488 12004 11487 5198 1713 6064 21876 15052 8640 10165 22755 28438 32624 17514 35310 16097 14120
222 119
24617 32350 13941 34454 34988 16569 4814 27347 30483 23886 31566 33162 28154 11603 27784 19820 13026 12513 22166 20174 9767 3806 33128 2443 10147 33945 21944 18955 24425 21353 11984 9669 34690 31695 13193 367 31005 16429 32841 30861 4082 5865 770 4139 35025 460 9693 11118 2865 27427 9789 30700 9186 18932 7460 7664 31859 9516 26830 19069 11455 13335 21517 2064 6215 12194 12944 491 33053 9007 9256 20758 13127 5055 10326 4511 22562 35742 17763 28400 15749 25327 2421 19112 14354 13697 26805 261 17830 3718 463 9300 13970 32407 3610 1840 24753 3071 34208 29431 35613 15379 23031 31257 24505 33413 16786 12506 1000 26238 8354 31662 16380 28568 6778 24863 9679 22639 30817
131 121
8725 2113 84 21122 32426 29887 11638 31103 29580 36254 35246 2153 27966 18185 24843 6734 23894 10189 19940 19549 6027 11959 20755 23337 13850 21714 29256 30320 36007 1709 35210 25808 30032 2447 11678 35108 20283 652 2998 22270 20393 25742 27197 36290 20762 10230 35117 28081 23242 18959 5855 24092 25525 28478 15007 20984 3251 26501 23727 10239 235 22759 19273 20024 13216 11600 29198 9549 16012 1561 11773 29016 10745 15462 14552 32837 19051 29528 14376 17489 17900 11333 32210 21013 11103 24413 18692 5890 12768 4756 10107 1956 35788 24406 25478 15246 9663 33969 16458 35959 36065 12000 36383 29531 28699 27337 31060 32439 30295 15208 31626 34347 4300 6651 31233 10378 35471 15715 8158 30741 23848
4723 108
26186 5733 11915 10992 23334 2886 31669 10196 20364 6216 30582 21957 17217 22952 17 7455 14773 26575 19464 28548 3436 1967 1225 33236 20864 18054 30533 9810 27693 18471 25330 1887 9598 13147 29654 417 10994 25199 32945 31914 28605 17939 25823 24135 30748 17261 9025 13538 10484 20675 14128 13861 2179 12675 35899 26792 23538 22493 31032 36168 13975 28538 9368 24830 7805 25243 26811 19564 30441 33860 5763 14428 13817 35768 29923 10385 19938 8556 6950 27421 14651 4396 21302 29073 31555 28039 23127 24449 21808 12035 21620 9509 29850 16991 28147 4483 33827 374 27094 14842 4201 8142 4992 25593 28165 9317 4903 12124
85 122
34844 15982 32977 22737 26848 36110 28996 14298 29153 6124 26472 19439 20354 10132 35856 2099 21193 15825 18946 9546 23942 31320 32911 21744 7255 8030 26569 3886 15840 1004 30977 1949 22670 771 29737 22769 14839 10881 28674 11058 23995 33132 30016 2879 1383 7014 21656 14182 33478 35033 11337 25414 7798 16016 28863 23969 334 14929 12133 34573 3377 26375 26524 32194 29840 5761 28469 29535 30170 17033 34623 26971 27591 19527 824 33320 36169 10254 13902 7051 23277 11347 5200 2854 36388 11744 15263 1751 3331 7300 9670 26997 25918 19146 16071 11374 5295 3291 26173 29150 6173 31995 33022 20740 2338 34853 4996 15688 6880 27006 27624 13160 33643 26807 14901 16493 16150 14570 20861 22342 12481 1497
4804 111
515 14394 24707 13573 3389 2402 23481 13766 32203 11811 24746 25954 31979 11013 14655 13326 24073 31855 13908 14472 540 6242 16714 19335 1986 30507 19014 12912 31423 35712 4521 10053 34622 2624 17643 5575 12184 28134 14614 30482 30440 16770 7443 35996 10570 2596 1232 31937 317 20330 25791 14914 22128 9614 16237 31114 24437 35235 803 9011 11026 33641 17785 24431 10959 25365 5893 24997 35289 29822 30678 4872 18809 32205 32930 9800 7823 1830 25413 17887 28680 25347 19348 80 28856 17731 22423 35030 32367 24347 2734 32704 3793 18462 23220 4584 22450 21815 22806 34041 19387 1297 28901 944 4658 21095 24154 27915 31244 34406 29265
3856 115
31786 1190 26279 15115 34598 21322 23379 32086 21934 28599 12218 27579 33738 2038 23396 12819 15530 27990 6737 29588 23044 15457 1866 24692 14815 26076 28661 19443 6445 11297 5357 18082 18341 1731 34571 29159 36242 27922 10804 9895 5941 30885 18920 3923 25829 4113 4363 7685 5578 8035 32912 26967 8274 22733 24719 30790 10259 24952 23164 5904 24776 3296 9060 28696 15019 2524 33279 15820 28786 20317 2639 11688 18889 19048 36162 23453 1375 10220 11634 6871 30491 34596 32830 26278 741 29352 1467 29238 5062 31000 11983 1063 11849 9995 22765 31036 2794 15974 35702 16437 21705 28060 25493 2549 6949 22814 1587 9271 2726 12661 14968 19330 1714 4828 23957
2860 110
4155 28800 714 26913 20809 26003 19870 8622 11720 32724 6617 10744 32458 30331 16830 30781 21565 20482 5220 21328 19155 1930 6716 26749 4370 31504 2407 35641 28280 12006 25670 9481 26194 15281 33546 8186 34304 13821 11996 22366 28831 496 5595 11843 16086 30823 7164 29746 935 28878 26057 20131 12564 34614 34518 14093 33839 16381 17918 18442 30566 8948 21862 11692 821 31628 4539 33927 23297 21174 10140 25287 19714 11076 13515 17199 1055 4346 22726 23050 17678 15819 17805 15671 35445 2435 11367 34864 11754 27259 8014 29441 26820 16819 18004 5538 2721 34277 663 35197 33209 20907 32804 12053 27304 31687 36004 23243 10478 1193
4681 104
13964 25765 21685 13590 26973 16289 35747 16825 2045 601 10661 21609 10274 20207 21426 28689 35995 11178 15638 16225 32420 17181 33268 24302 6036 4610 6126 35340 12104 30061 2980 2478 29225 15952 30895 14058 17757 10382 28341 13434 5704 18900 29074 32365 8821 3020 15059 34522 16082 2094 5903 14696 5378 24865 2601 35104 13203 21544 28440 6438 14036 14798 26340 24298 15672 11697 9450 16206 20224 19594 26729 19 20381 19437 11363 4100 14939 2177 27243 2874 691 7601 28299 24636 32954 35031 25923 21091 33716 192 5581 6641 20087 554 8872 13230 17646 25543 13797 8833 32155 7036 9239 22758
813 113
8202 26138 9306 3218 5311 30946 31535 13717 34203 17309 12706 25556 30679 28638 28136 28620 13275 13654 32126 21725 4175 4869 14452 17756 31112 15400 12537 8051 16103 26979 30396 7170 10421 8711 36206 12182 32385 8784 32175 1701 20653 35765 992 19637 8387 25976 27202 24879 32154 27250 14851 31987 21398 25060 26294 32925 15302 26535 7614 30544 26327 12441 28142 7217 8530 7810 34613 11094 14383 16575 4168 29349 15401 8483 26653 26990 35735 27141 23487 11208 11582 30011 13542 34447 32673 14521 4894 3478 15607 25023 19528 7120 19853 28258 449 8390 18286 490 20821 32621 3630 13812 7454 29547 30965 18120 2071 8465 28944 25996 25855 7972 15719
2029 107
16908 9285 21585 35941 3736 31898 35029 29422 35059 35577 5881 11059 34197 23493 22478 18397 16892 29106 16578 8719 7121 1167 523 10811 22622 14335 19463 21663 32509 21713 31125 30726 35950 15393 23556 19953 23115 16622 25473 7488 9283 5332 34462 32369 627 569 34430 27894 24534 5030 17636 35336 27668 204 13743 2304 30193 24291 2800 22202 33842 5789 31583 30842 2526 24048 28290 16105 7055 29179 4799 19930 13682 14002 9638 5681 10231 20569 24784 20352 18457 17140 13118 4520 25088 31521 10678 8338 2954 15659 28657 13651 26211 23606 4812 16190 14952 10233 32871 24452 30065 7314 21514 27186 26193 29597 9515
3692 113
39 15405 10302 23646 33414 26765 8496 27505 35731 7596 26100 25082 11311 11880 5474 22471 9946 8529 29430 1556 26354 14203 18033 3883 12904 26662 1553 20891 34239 6956 34992 18794 36194 33146 21177 26218 21908 35955 26110 19963 17705 20694 14499 8614 6757 23317 6289 15169 28393 33205 12618 15321 20773 12528 30585 5680 748 20906 16684 14912 15572 19143 21745 1554 16566 8675 32719 7348 21785 25103 15389 34381 16033 760 27481 1464 31428 11863 3287 23285 24859 24102 9630 22988 8123 1584 28736 6073 3555 29693 33392 11629 10674 4384 593 6971 7252 7326 11517 35195 3202 5302 7160 6024 25963 9870 16978 22167 35061 14652 2365 22001 9618
2695 117
10251 3099 18987 13926 15705 1407 7598 11215 24047 29485 19086 4355 2203 327 33255 29756 3059 3593 15485 21147 17438 28491 18408 27338 19403 28771 27296 28444 4263 4491 24781 15305 29299 20130 26931 29884 1607 23454 7287 30066 18903 18860 26310 21793 7248 28576 23903 16652 8046 10763 21305 32865 24373 17349 1951 23407 3300 26658 18690 24954 33002 4001 22490 33617 535 17205 1057 32467 11149 6584 30788 9586 11102 17920 4796 18701 32462 10557 15466 8512 29578 32005 31325 4420 27456 13615 16545 2766 8756 17590 31339 22682 16701 10001 22592 29318 9954 24011 10338 34074 28006 6355 9147 3393 29101 7249 1263 24376 17265 22720 5412 21273 28980 9985 6556 20629 23359
3447 110
28692 31276 88 31856 19107 21689 19643 11457 32469 7976 32076 333 29546 10206 5195 23677 21639 17232 4312 32759 26492 20302 21113 16608 1758 29467 21291 9326 2429 33427 8601 30261 6968 21080 30434 28641 17937 18090 4880 19768 1882 27199 24377 2082 5392 33160 10076 29630 8229 27125 137 20695 21252 17548 17750 6873 19607 22986 36252 26996 18071 4930 22692 6053 6328 14447 7978 32784 16284 10044 7302 7934 6749 35020 22531 2465 5765 16736 6275 20378 13631 35480 3334 20099 3993 33384 26868 29348 34100 33654 15506 36305 25208 25396 29724 619 11641 5509 11281 5429 16326 35071 16254 25986 30090 2587 33997 14470 19529 33145
1411 107
22558 16498 5235 19624 21191 30473 24358 20264 10584 22413 28063 26058 28124 10217 15220 13985 21959 12488 32572 24375 27510 25262 17710 1953 16434 2669 17097 5174 28327 23332 10761 3022 35381 27709 33297 31572 13399 28145 28613 9694 31295 8021 2566 30374 24372 11602 3597 35898 6635 6045 12732 15806 22173 22449 1649 8515 8048 3216 4424 32627 2467 33703 28777 12917 6927 8800 6967 33642 27192 23213 194 35595 6459 17290 31026 14321 32475 1625 3634 34491 19944 30444 12376 23186 19365 22504 15739 33586 33351 75 10335 23778 15320 24218 2413 5943 30399 14846 34284 19720 2595 21869 31310 18974 31998 21482 6892
4960 112
28230 34399 34410 10876 19093 9978 27943 2495 24543 3056 10664 24702 28981 9324 11091 21965 25220 12291 25077 6282 1098 27696 18541 14938 28221 9784 17881 19835 10037 10601 10299 14551 3262 10780 33702 7172 25028 27705 29622 34750 12261 11760 33364 35207 17638 36057 6646 21366 28683 29033 21359 18326 21068 4029 2145 12356 1110 23901 12412 863 32907 644 17681 34523 3835 31942 17958 9971 9984 3106 33394 29207 35351 19965 30785 28829 20080 24598 31522 22137 17999 18950 30561 27155 28050 27165 14111 6733 198 3203 3107 29951 22415 3151 4351 17466 597 9992 35365 35523 18261 26940 15441 25337 30503 21865 26762 11835 10049 4435 24106 19205
3420 108
7726 19027 11891 32895 32941 29889 27377 17164 29971 10577 28001 8113 19090 33405 32850 12915 10270 1604 29115 28309 17372 34906 25778 20496 3469 32863 24444 26894 24556 24384 12196 35068 18621 23192 14488 13540 12992 18023 26379 33970 6274 24817 29075 22126 16035 15266 10376 4923 32924 1019 2520 11008 35884 28859 2501 16382 31615 2191 28936 12709 9704 8657 14687 33982 21144 12758 25248 25038 12647 29673 26103 15550 32380 26714 18781 5930 12940 7125 31118 13011 33447 19723 29228 20190 24994 17940 31928 30437 12139 2150 23370 34735 31367 33510 13144 7641 23807 30282 19287 31808 7362 19010 26934 3850 22933 14591 13146 341
1920 114
3077 35344 4222 32382 34006 22787 18748 5966 4462 33136 13219 4039 16748 32184 24513 1351 32723 3481 3680 29420 10644 33819 18646 36176 14490 10649 32948 27360 10127 1204 13019 9219 21680 6897 5471 30365 30775 28575 9711 35800 17513 27407 31111 14577 7600 28088 27976 32071 32457 14110 8610 4323 24013 14592 7528 15306 971 6690 16524 158 29943 23126 3997 29885 26785 26906 29468 1502 16577 10867 36115 16797 29907 34124 21015 11691 5564 74 13866 22635 11567 29325 32038 3507 23217 6863 13069 16088 11558 12285 25647 10504 11421 8816 13700 16391 12549 5085 23583 25375 7688 35512 15365 26689 31646 6672 6779 7887 29283 32153 19288 6080 24951 34247
1902 118
33899 21700 23237 10954 20737 34171 6393 6163 28325 11727 24185 6195 22995 8092 30466 8257 5264 34634 1850 23004 4228 36140 8294 19856 4762 22362 32790 23296 3633 10511 32565 28388 30733 26270 893 24456 21382 5891 21753 13630 31910 35388 3830 26930 30619 36109 24470 17143 32252 8672 23425 2441 22200 31162 15619 18061 33426 31822 26406 16971 14517 15092 24120 3875 30976 23349 10497 26616 26461 11765 18135 23516 16388 2164 23028 34073 17875 18556 18626 31151 12459 30534 758 5221 796 14492 4217 22505 35067 2660 23582 28842 19131 14816 29066 31674 34927 3719 7147 6369 25783 18962 25943 25514 3591 16790 7306 675 35567 21773 20150 8015 16297 10138 23994 9746 2982 14885
4438 111
34838 28705 57 1111 12399 196 13574 29451 11568 4448 31141 10164 31719 13699 17206 27689 21525 35939 19291 10770 31458 6707 12206 30212 2872 3463 17898 10720 3843 32434 5133 3051 11488 30014 13595 22669 3759 19374 23180 23462 29437 18343 5598 30284 32470 9998 18372 7604 30596 21365 19503 5387 27699 3615 22400 7836 11732 20620 13943 7833 7298 9041 18693 6194 33991 11460 25058 28861 12929 4663 1702 6554 30008 21368 33518 1181 29457 3103 27311 14534 20899 20370 14186 21835 17348 1445 34732 34250 2944 13960 32302 34673 36366 15357 18533 13847 10795 793 20079 20552 13292 5621 26520 20133 9580 19974 253 12937 195 11050 25965
2627 109
7414 10495 30523 20798 16791 28712 33768 7247 6513 3378 7465 22162 21588 13224 15959 15988 26023 15611 33317 6666 27140 24260 7696 18513 35825 15446 28950 24788 16629 15491 6912 22606 17686 30513 18231 29582 2261 5668 18586 30309 8523 29204 11724 24996 21716 19343 26095 20785 1247 11952 34061 19738 34127 34325 35921 7024 11519 15449 6177 26685 14167 11470 23687 16034 21723 27978 8170 8985 17765 2847 29645 31525 1844 3385 21289 20824 11459 31316 1033 8173 7028 5712 31897 1199 1752 15539 7536 30590 28283 17743 17444 28206 2327 19226 438 2584 29564 12994 18252 33133 16886 5464 22262 880 33579 820 30017 35571 36367
