7
230 528
2927 54291 30647 46270 3666 75640 94490 7521 42737 97870 74847 33378 41374 32769 49038 2934 13115 43231 22027 62056 91887 87317 26657 6362 82993 55369 36247 47010 62208 44300 58949 2129 19341 2725 25820 57075 75020 54141 42166 5617 37041 31124 64710 20309 31738 65218 49921 48997 11761 136 83126 8444 3349 36410 34444 29379 81273 34180 49463 45928 98007 97438 78331 66471 99405 22566 77627 42942 83151 73877 47749 16712 602 1779 94087 59614 91892 59663 64516 55907 80870 95914 48002 62000 26332 82641 54174 22462 4179 69804 16940 72714 67488 39232 33801 64933 24304 44001 22525 2814 95247 83609 89516 42155 17235 57174 7732 32738 91623 29497 66861 89456 71238 35012 20942 19360 93687 3642 45225 20702 84252 87156 42270 4325 1414 81811 4670 47461 64267 81133 6457 41191 39535 1721 76974 29514 77085 50075 40262 30983 52365 70160 35401 13053 48686 78426 14178 68464 76719 97041 73350 6144 29830 59189 78958 27008 85871 27756 64583 48845 27057 47941 53831 11904 37104 33274 47165 4898 96391 5675 6438 13746 18615 5630 4522 30808 22860 18611 49076 5962 49096 24740 86625 31501 89784 59995 58976 47627 28295 37890 74936 84444 10798 78142 31226 72917 91366 66188 65846 69473 82154 35066 39939 64668 26439 46973 52284 59451 72999 14106 51536 48691 85608 87973 68566 21665 30589 60277 43152 24129 6463 85663 73607 10057 973 97324 6327 69443 59725 90573 75635 2222 91307 31998 27676 57827 35029 84580 84128 97494 16477 62502 5765 10199 89576 12237 61187 92204 45381 14310 16568 17683 3727 80435 17127 28884 9175 50917 51507 51821 779 78182 57013 17749 4121 52958 80284 7746 15704 32873 50737 57307 8224 81786 542 41744 7804 84475 77575 4049 14400 14802 11568 71169 65711 63922 18130 54384 15937 73976 57907 81544 57987 19087 82986 89740 96303 64408 95464 58756 47635 9596 94568 82904 21524 98466 6171 83077 81542 64153 70575 14280 26756 13095 30822 91051 51838 54026 42887 48870 46719 20438 61073 24863 40012 68985 97559 27598 27028 81517 76034 52087 45788 49278 47873 64677 10167 84930 64743 85906 44448 71661 26821 23960 74770 86841 13543 95369 9836 60454 59338 82744 35791 24973 76177 31659 39083 58835 83855 18157 16864 32392 81562 9317 46603 55966 10639 78907 82339 27097 31522 20698 61278 83932 97037 15194 31288 79699 79835 59745 787 84757 20300 36179 12206 85618 20083 59986 36460 24596 71833 6906 49982 53375 54093 93090 37601 8592 1863 41950 40628 32861 88833 47066 26050 26842 97727 74609 17285 80680 69742 52034 83975 40679 73928 62189 86955 73804 60406 36756 10347 14189 96156 52156 21583 49267 68307 13079 20010 33556 24966 51383 19227 61865 20235 63888 33832 44539 66624 28207 9482 38943 17314 73302 66554 21905 18169 42987 69338 62194 93320 34000 78601 49099 93081 56838 94146 86238 7917 10988 9242 10787 4759 60089 81682 96077 24061 55089 8056 1531 64373 2127 84791 35227 11795 80479 65580 43499 61051 4607 27710 8419 41310 12626 21283 58658 76534 6610 500 83013 50568 20725 86759 3917 51314 24529 49871 3006 34827 39251 5387 47331 43763 38975 55426 9668 8791 89726 45205 39966 73777 18987 96332 42249 28181 3187 74171 39545 59062 24680 20587 53487 72179 49657 78471 25412 76840 91592
691 226
30869 5157 40496 33001 82973 58404 48775 13066 20177 66670 65655 82657 60221 38923 9905 12251 69122 98914 68251 11262 51296 70736 9481 32581 63899 95340 34156 16564 64810 11186 47169 75988 92487 35365 23899 85306 1340 43014 97721 40633 83757 36978 48955 16821 48184 22885 61579 9426 50297 97777 54098 50531 29788 97589 17028 55005 99309 25336 46431 80536 40373 79363 75996 18383 65757 36796 64175 10519 5712 14509 76443 94516 45103 12605 31829 48396 27078 65997 82990 85474 41513 747 77281 65470 55825 41340 42584 60730 89555 56095 8575 82299 33406 80795 96607 60196 73747 59534 50227 90264 79931 51717 6593 24674 88080 32699 58374 8251 32710 98254 64777 74242 70934 58035 24517 54229 13361 17474 69700 68895 94491 28185 74898 53571 50630 70436 41376 78430 71461 81620 97713 63622 98458 87968 12831 66355 31721 82644 51535 76829 83050 68377 87096 32805 22467 73262 33037 40872 23813 62602 14113 40416 61125 14383 59051 36129 24009 81926 32332 6914 83865 29068 97076 81066 94324 3802 85718 77571 51439 91719 11998 99831 28349 42666 84538 6958 22151 79883 42111 8872 91412 97621 55977 32628 80338 52901 34694 32957 50997 25920 95180 19654 67471 58285 42052 2125 95356 29336 92221 15357 57080 53688 17211 19274 48498 31304 97206 32008 49407 12846 50130 42660 60505 28534 39481 45941 59458 97889 26471 60866 20728 23909 78434 66057 36115 76225
560 123
123 54477 89508 32703 10778 43723 74908 94953 94101 43276 97367 57343 22574 46745 16738 69085 45142 44747 80596 27374 90346 60560 38488 71342 84483 76547 91541 15433 48975 22850 59605 27095 25157 74931 10669 85191 44082 99354 44690 72192 94745 63532 27883 15748 35041 62397 13059 41182 65915 98294 39846 80846 78127 33443 69364 55749 94903 97532 14539 28658 41204 22512 12556 98649 78312 95273 36615 25686 85604 36624 51204 94648 67260 80551 27622 70307 14350 31931 69857 44415 7826 51349 71634 66417 3021 79746 70669 2051 17348 84181 42136 54414 4845 68257 93049 50142 79349 17115 91416 54340 61893 10634 63357 11331 40081 28883 18590 33280 69505 57264 78171 16998 56204 9782 47710 43387 16370 86649 44088 19500 15214 9628 24601
640 53
12291 39786 16896 25954 60115 26294 57590 95231 64593 30970 2374 70998 16513 6713 34149 15193 24815 59657 11805 96221 1096 18660 73586 88942 98940 13264 24730 86743 10144 77725 27074 39952 44768 34619 26367 69666 57315 38533 93836 55284 49985 4109 1839 17274 55729 76308 49207 88611 55856 21286 22522 77334 84501
1123 25
12368 26312 66558 72034 97464 99295 63378 23779 85509 7032 21774 90960 47962 62590 11258 65982 15071 61855 73201 58046 7962 31448 95444 22871 27351
1111 9
72956 9118 91674 93408 13413 57708 2417 4090 1855
332 7
66852 63187 86780 9851 71392 8783 96367
