94
73 22
83103 2087 34599 83905 38345 65340 55585 88196 64706 38058 73403 38819 19746 60510 89196 54843 95005 20076 85836 52233 74645 17414
971 22
99081 66067 3393 23940 7277 44990 86155 88231 36582 22115 2537 95808 7265 47438 28971 40501 90141 44263 11288 7368 40677 29603
2270 19
6147 40835 34825 43496 43333 62525 28258 80136 70816 86362 27855 64124 61278 63595 63973 28904 65087 3643 90935
3440 18
81745 25029 59798 31419 10816 25367 91441 83556 51724 14200 72224 1238 45378 61487 54523 90498 1217 95540
9776 19
10486 65102 24982 81053 85714 69416 71671 63043 16903 48962 22833 7118 22732 59725 8934 7328 42632 31237 26307
3643 20
5077 62616 26596 79830 61650 52158 73118 48192 86868 44910 42868 67084 44874 84168 59784 52490 89556 43140 20863 28040
283 17
53122 60970 4611 54762 57102 7687 86710 65919 55706 82680 77035 7352 45025 52925 72235 11139 79079
4585 18
60475 46607 83281 50226 40322 80044 10704 44235 38573 58811 56447 22099 40924 88924 9029 45457 72683 69574
5883 16
13781 18882 7324 71026 47656 58482 28491 36113 69735 41391 27556 25824 76335 77755 69540 75621
1169 14
52480 69158 52657 67911 63857 90871 92386 58218 15549 4077 36138 98029 86937 21045
97 19
43432 18757 86085 17495 56292 55649 81603 32914 63419 36287 81165 75691 15484 74088 86356 19429 78212 1049 11241
8843 16
61718 96599 18935 21137 95178 13932 83705 47340 51506 78124 2866 49242 32466 45579 92517 1898
1783 16
81196 20711 7182 20072 61283 56188 2623 88201 5357 21822 8267 49537 48000 7741 72650 29068
7789 9
64380 17502 77215 78146 44160 1275 75907 49804 39314
4424 12
68647 1423 56659 75841 38209 8429 27259 7051 49174 88149 40636 31982
809 11
86839 7028 55886 16753 3601 72545 9445 11104 7543 79040 53743
8398 9
3355 38803 50569 82623 78830 85053 25552 54812 78971
7582 11
97564 58281 88773 10758 67184 56135 24795 84580 75697 44176 39212
6046 6
95502 65394 55268 11654 24570 33088
624 10
98084 32931 47625 78832 17222 32876 28381 12679 42525 46691
10878 14
50983 41042 35195 4638 6564 28588 5925 40347 59003 67182 12563 8136 98897 71336
450 7
12318 16969 13235 66980 25851 64729 82426
613 7
67604 17017 61009 42756 50201 13614 64206
3256 10
40972 62835 95869 11955 77206 82297 73986 62080 69831 85288
9371 10
46549 5917 41945 70232 72288 28924 65661 55049 77246 59189
10121 10
29400 61949 35553 42317 61289 36199 35323 93470 76685 86518
3934 11
74215 51659 70104 2172 70279 65627 53663 41406 20740 33163 60016
1598 12
69548 66035 64409 32867 21195 78989 60030 16755 31164 61690 61396 65961
2441 8
79950 78621 22096 80776 73611 34025 56700 11072
2985 11
23032 25883 23354 53448 52727 82813 97800 14622 66201 90096 78979
3975 8
87230 3604 40571 60823 98435 28622 26526 89297
11271 9
11395 13640 3422 19570 15628 4942 16470 261 14148
577 5
34372 7630 32827 90870 77973
7739 5
34324 94524 6381 9812 62341
1426 4
92309 46703 28899 42019
4131 4
19712 55648 9758 96614
1374 7
94667 97976 36068 50636 57092 96569 86718
997 4
31986 98195 2645 15017
9565 7
30482 20462 61801 7534 81383 9257 87359
10604 7
1276 50043 84955 92775 18427 32273 40066
10964 2
71727 72694
11099 2
60918 85685
794 7
83450 95238 44165 99385 88660 16114 7446
4508 4
83819 58213 13218 35212
11389 4
42290 24877 98617 47185
5205 7
3472 25954 67981 5680 97031 15193 99335
7964 6
99905 97544 47499 12878 98050 96550
10708 5
34086 23836 23570 89759 4417
3339 5
62536 48593 65596 19786 36626
5072 6
60852 31728 28122 56391 82087 15949
1248 5
79057 94472 28642 29021 6636
10939 4
18367 29881 58946 3513
8728 4
55489 15818 1874 44547
3606 6
79024 32828 4214 64168 40862 87711
843 3
6562 52860 49592
10605 4
21410 60234 76948 11
6594 5
24952 72945 71803 33695 28157
5807 5
70855 98830 66376 30192 16968
10586 4
41653 80650 30487 51661
3999 5
53547 19630 48732 54805 29890
9391 5
77757 11637 49081 21562 73732
1272 2
31335 4002
1437 2
56957 61793
10109 5
16235 10446 23904 13162 34251
22 2
1427 53532
679 2
38539 57839
6770 3
30835 85508 61392
6555 1
93697
2134 3
46282 91112 81670
1898 4
93584 80263 73555 39164
11399 2
64429 39208
48 2
11975 50877
10418 2
65122 43335
10235 2
4176 11618
202 1
92991
7429 2
30187 63628
1235 1
43632
8475 2
22006 63709
1049 2
26308 81861
8154 2
23736 68275
5478 1
15499
1709 3
51721 41692 16155
10068 1
60763
10927 2
6514 58730
287 2
97731 95801
7413 2
4180 37388
4935 1
69836
4904 1
95764
936 1
58470
3062 1
85156
0 1
22091
4918 1
5717
9055 2
73372 98862
5637 1
21782
