20
2712 126
39981 27934 82346 41897 78724 48914 64871 87414 82259 43699 69099 29750 77093 22118 62359 8291 56163 48784 84614 16099 25916 21180 63815 56898 52207 73370 95677 52187 54391 80805 82097 88642 96807 800 71933 74817 14864 30122 43785 70617 18443 94259 50177 16915 72369 14635 29454 52168 36303 37516 58976 95874 89587 90860 44716 71484 25926 22973 39885 32483 39035 64558 63943 82406 12696 77873 33362 28889 56677 41107 21527 33245 97471 96608 63451 96021 74714 99771 25412 9138 84187 26761 63 73040 97348 36010 95591 79359 59620 66909 37969 17512 34301 874 7395 39708 39171 8758 79194 58832 40773 48641 81849 97458 27964 29311 37191 65255 29078 72393 29173 71264 59756 42828 70667 80633 86250 46734 61802 23303 23000 59722 77943 76580 40393 38373
3899 90
43929 81123 67482 39601 68492 25283 99920 17639 17558 93837 30555 27579 95123 92764 90174 39683 36147 56305 36285 22434 85999 55788 71103 41072 97121 6027 58576 95430 59605 24591 97055 79872 78351 28842 13967 58038 95050 34990 3014 81475 7642 38545 88285 17155 59463 46056 26974 92504 35944 34259 49660 55246 66620 38651 75417 82314 22197 19859 98164 20602 64552 65364 91500 79902 24614 82447 96268 82610 26888 4289 90440 76411 85702 86122 97012 86085 73577 43248 45868 81754 46733 88714 14732 61081 37422 9738 47006 78996 479 77915
5254 74
63383 88689 28763 52297 96084 89574 61634 54400 52417 89073 93471 34187 62054 83362 36767 11761 76500 88055 73636 13038 70053 48787 65717 40809 31129 15636 77553 14349 57922 98880 52244 99074 87290 92325 71073 59049 7372 47589 8592 40635 20256 42048 19370 59872 95426 84564 82639 71786 28418 57750 55606 8800 13220 84991 3682 15201 915 90906 12653 61142 38363 23930 84287 71685 13120 4851 57108 49989 63051 83809 35679 38487 9104 63315
7686 55
94442 42737 11950 25414 6134 18882 18261 92517 14185 34293 36617 83385 62210 36410 75704 96025 13308 66045 84942 45785 79652 51387 55766 63572 71121 10465 21318 94071 81953 26893 6997 8380 61123 75946 13080 3372 67146 23322 34470 75115 12223 67913 56449 14197 79017 4617 18607 35160 55253 79221 71298 20473 24764 13637 12654
283 47
46723 88808 14838 86997 77952 67584 69200 39456 29416 31868 45013 95299 68891 94980 84324 48512 23031 37938 16535 45085 77920 94617 13136 94315 56100 46436 53651 25100 57199 6254 59172 14874 81749 63995 37493 19735 79417 14772 56130 23082 45820 63241 18414 35333 43514 22687 95048
7646 24
78507 3979 61973 43875 49676 26820 96260 68865 13011 64968 46241 83706 56962 27926 33103 88881 37910 89998 13072 83092 7621 51276 51392 86209
5625 25
36337 59269 55170 34640 29918 4081 74673 85589 55021 36693 12590 90190 17090 68447 63287 39681 26865 32089 80420 63130 84194 32965 78197 83805 82829
4585 23
93913 73539 46467 31950 400 16750 14764 28560 42231 42387 14754 35228 55285 87216 60655 7610 83956 71328 18583 63013 85650 99721 24144
7860 15
1119 68031 57022 88650 67930 48115 4339 72610 57843 14921 82026 87138 71864 61112 82746
430 13
13050 45410 69827 24159 86993 47045 38314 11166 60701 11989 77984 13649 80103
3832 9
68618 64409 78185 24949 72777 78791 28029 65870 30426
2875 6
97655 17084 52057 86403 409 41768
2572 3
470 29189 46000
643 4
17497 73614 10437 76245
3038 3
13271 50063 5298
391 1
57733
2707 1
47188
227 1
11374
639 1
84659
4424 1
41936
