296
237 145
23480 25102 32416 3591 16952 30962 22238 17702 15334 33155 21853 1572 27244 40355 34432 24397 6017 36445 34358 33793 5755 5026 683 37154 34282 26373 39533 7217 37108 19659 8778 21024 27742 15962 646 8350 17954 29159 22017 41059 40923 37123 36259 38688 11972 2573 38541 34859 7097 18368 35391 33358 563 21664 20280 29210 30378 10212 684 22241 39375 32318 12464 21898 2723 19343 24265 1750 24541 39771 5534 994 17638 133 2787 33065 33587 36741 11812 23530 35959 8118 2234 7820 36294 5852 40902 15191 26076 9900 17529 5067 25124 26956 33792 2930 11558 19242 24533 30003 9454 35671 35516 25291 25472 27303 30012 26797 35028 33252 37970 33403 12623 5168 17764 37047 21480 1101 20234 19714 14597 30521 14265 11052 22969 5506 2510 27438 39077 25288 10150 7984 34171 41250 23197 3646 22140 17934 41001 13413 22158 757 8983 31125 8631
4948 31
40267 21548 10019 5070 7145 17170 27578 21799 30766 16541 38963 7990 33626 15491 2943 25958 29330 22686 14972 32695 33761 3493 29597 6660 40526 40754 14977 28763 16567 30242 32312
2487 31
38391 15862 26988 30414 33305 15173 30870 30116 18408 39705 39657 23785 18878 39866 3384 18969 2371 21800 14232 10700 41348 25805 21138 33602 10859 36529 39564 21107 11360 22966 36494
1212 31
8567 10745 39203 20462 16721 35980 19936 28775 12064 7579 4775 32854 23963 41347 13155 29585 37676 12444 36830 26611 19870 202 21968 20558 23980 3574 7585 41150 27541 3630 24444
976 30
31714 1110 542 24813 17060 29239 39048 41202 19845 23129 18309 21 32187 10261 35511 20521 20097 10829 35470 26395 21400 8868 2280 28958 2408 15022 3685 26745 34157 15876
4454 31
32711 25781 12158 7504 32625 29390 13641 1294 28250 40378 9755 7027 6173 31830 24076 25334 4348 27780 14046 335 35664 1466 27907 28506 6456 25477 9212 12049 25914 21367 22822
821 31
30283 9748 8754 40014 36876 11875 1521 18647 27680 27251 12472 21708 153 12684 34101 1654 15987 25325 37138 19447 13245 20017 30473 38272 30215 18124 37364 18450 28873 145 40590
4574 31
12606 35564 21118 19984 12681 10111 24295 21128 14298 16810 16684 18767 328 36334 36701 33516 20983 15350 18986 26469 23737 1392 38009 1223 29 36924 38260 9424 26588 3262 7587
1503 31
26663 4794 20844 4648 33844 41368 33949 15521 27451 26171 13603 30339 34016 4019 7771 24270 38432 419 35288 17213 12686 9362 4936 19569 16446 10291 774 24930 6275 6060 17253
1237 31
28324 39711 1790 41027 34322 36291 40218 41340 11288 20918 12861 20720 3411 31133 5725 4467 12599 17644 19216 34758 39516 3998 21521 35834 5033 19246 36512 19089 27208 41028 26583
3785 31
5776 21930 23683 4806 9502 9709 24957 27384 5336 5883 24450 7952 27378 31822 15710 20700 7339 41350 7421 30646 7351 21377 8201 11088 8874 33981 25206 36525 22840 31241 26464
3671 30
8748 35120 2711 10217 38482 5413 26456 5452 7141 12376 15263 36929 11242 844 26975 9000 26346 37110 8 24083 38694 25842 18012 23362 24777 12553 10028 36469 22873 35701
4617 30
18213 23635 16171 34773 5096 19770 4285 23929 26472 3957 2911 35016 31313 23780 38750 1903 980 33855 7166 36755 33905 10457 1042 18308 24440 15303 38035 7020 25924 6460
5875 30
12174 6059 19190 15264 16895 21709 3508 16119 29157 31066 28241 37990 731 29336 37024 38783 21336 20026 37209 37618 6494 33134 18543 26962 2424 27551 1168 7998 26499 21319
4151 30
5773 12841 24194 7861 7414 28991 36539 36028 29448 3004 29903 30380 33014 35322 27988 20768 15092 5408 28767 20500 41134 14735 21317 6227 16828 16211 10985 23847 33204 12629
1523 31
4116 12496 18593 21270 14450 33270 20219 26494 30770 40569 6020 4388 11143 12534 40457 39361 1731 20850 13610 32186 19852 30884 12806 10938 1151 26167 26300 10324 27563 8818 33344
1402 30
10499 38011 31577 25013 24784 28683 29379 10787 4487 39456 3479 23273 7494 1754 5048 25234 456 39459 39513 27667 20276 26241 2177 12425 16427 3643 22727 2091 33562 25839
404 31
17770 19962 1160 24743 21449 3901 18084 27401 27027 21116 9348 11050 19821 37080 36414 25367 12270 7124 25771 22715 5717 17103 6251 21771 38731 38775 20526 27800 29182 9379 30745
2077 30
12148 28190 19109 11275 40140 39996 32336 4804 31465 14383 3697 35498 32545 10359 33711 23955 11092 33353 4182 5456 18175 15440 23245 27801 27651 6052 18317 3792 17183 35746
3387 30
39202 19882 14586 38962 39515 7821 28095 17261 10325 15851 40684 39480 10273 35347 13120 2478 30569 4499 13258 31491 1318 28179 16720 16266 30036 8933 12541 36086 5262 27863
2412 31
28637 32104 6738 10705 34145 30877 12192 196 8306 13621 8523 32620 36537 23564 19646 23110 36073 27518 19353 886 33736 33819 26172 24103 35430 19098 479 35203 36993 660 19351
1639 31
36855 39074 7328 22168 11881 41339 5375 1765 33416 16091 24907 32162 25092 8354 19701 39922 28157 6474 36085 22735 27014 5829 384 10790 9075 23942 5514 40724 28722 18798 4635
4840 30
22944 35726 36107 26624 31866 36600 21164 33662 37410 5590 31642 31444 24528 26000 15407 27377 9275 40424 21316 21691 21416 9970 26873 14179 25423 14987 32050 7809 36146 22337
398 29
15444 17203 25747 37295 35569 15629 24793 20416 5719 20522 32324 40946 40426 11801 9961 17177 38641 21704 35488 4520 15636 39639 2320 9507 24117 24517 22455 34267 29661
5505 31
24400 27991 37405 34353 9412 23170 1241 11234 13428 17531 28390 9955 4893 16079 14523 4381 17356 20379 8617 38674 28484 36658 35808 4798 40074 8205 29757 27197 23602 8434 8849
4153 31
27917 9163 9562 24391 11289 28798 26104 23810 38646 7273 21775 32255 20861 30645 25683 16478 1605 30755 802 12888 35482 13238 8030 10400 28391 28507 16878 9097 36894 37698 14350
4666 31
3421 17628 24551 16291 23765 13402 40488 24699 29357 26897 35294 31906 11566 22085 372 17357 30710 19069 32681 24986 5942 21444 9466 30505 12360 40706 26519 3239 8990 37657 31498
0 31
6466 29564 39627 2519 34076 30329 27814 38317 8254 760 10611 21259 39400 35141 21337 13089 1008 16550 38672 13162 6722 34646 23676 35953 22144 23401 21763 32251 36265 25739 32366
3174 31
9053 15971 37339 11110 40176 40761 3654 29259 21754 6068 11203 32954 25453 22268 36805 40844 3570 11115 7089 22165 33196 35356 37500 22178 3430 6294 26178 8873 18240 10732 29580
1531 30
28880 11073 24364 4008 24247 36670 12001 22289 22901 6062 2067 13572 250 25375 18471 29329 30673 35494 25100 36550 5525 1913 10223 36246 22640 28045 36721 24402 26020 13129
881 30
8452 15294 19280 20059 20760 40380 18799 7819 38521 14437 15699 8252 30493 28650 27995 32987 21049 31368 22229 23198 15436 6571 5202 9321 38424 24508 37070 3924 24622 11806
3745 29
18816 9615 40517 27120 16572 22180 22889 36338 39420 29582 23186 33170 39056 14496 25037 40692 19837 9631 1577 10174 14876 16729 10998 34163 34014 40721 31691 25132 2155
3553 28
20173 12731 821 8339 11571 35219 7518 25038 19630 5377 8912 29331 12523 34849 1150 34346 32039 24462 32783 7688 38037 2010 27116 25553 13248 19690 6065 16095
6579 30
9921 30916 2137 14720 23693 3932 6284 1625 24896 9294 32723 36467 25289 1226 15826 8051 25299 14363 3704 6552 38548 18762 28848 17494 15890 18420 32872 19890 17410 31844
2896 29
15999 28550 23253 34529 13619 987 1920 21074 11758 28855 14897 10805 15583 40850 36358 21090 38590 35841 35809 31080 12674 38692 29009 12570 34445 38112 22121 20233 24804
2286 30
9151 4704 15617 19906 969 31295 10493 6541 38537 25772 26153 21814 29206 2178 2839 41185 20032 34811 28064 34684 36629 19314 40608 8792 24843 33738 38403 13948 1052 21666
3722 29
35772 9912 15523 1576 40986 16269 10094 38601 5235 14493 39896 26840 2354 4787 28830 19745 21281 25657 18665 10415 38908 39879 12009 15335 22306 26791 31452 37029 21514
370 28
28698 1232 20761 19553 21641 22372 5207 4786 28925 33871 6178 29899 20497 11679 39845 38559 11731 32640 34652 22290 12198 29604 24390 10070 30691 1929 24737 10849
804 30
11708 2301 4978 8353 20915 28248 35014 34209 17329 12895 40765 32193 3105 9070 16008 38240 540 8616 25220 32155 34230 30838 5930 24346 15437 2916 20574 503 25858 39135
1134 31
27293 19321 19793 30113 20182 14976 6505 11831 38042 113 21900 23952 18714 3076 30391 32815 30656 18255 1075 26826 34452 21297 15886 11683 26248 39556 19014 24365 41247 32359 25250
5329 29
14819 16364 29350 30651 31220 8686 17666 11463 35394 9419 23130 25765 36679 8172 12948 25706 37202 1066 35879 9471 5799 22390 29207 1025 34830 2175 11894 14918 25611
3046 31
19840 36978 12434 10851 7149 12499 28116 672 5861 4918 23734 32485 19538 40673 3161 24213 38648 37966 33505 37552 14624 7691 2556 40554 41262 18267 15306 22492 30209 10846 34608
4309 31
375 14015 10976 35126 12760 32354 28646 36084 6323 14248 15947 24256 2370 6416 41039 26188 21587 33135 22965 8000 8007 15578 28454 2145 29492 29738 27409 8432 14989 8747 2954
5526 30
10436 18980 9595 11691 2793 26333 31518 7853 39696 39715 30254 18739 22410 34408 34860 23237 34182 38074 31547 24324 29994 34415 36275 25947 15687 5267 18207 16600 26041 28892
950 29
29060 28261 3277 31326 35064 10280 2981 33322 40753 1365 32053 27390 19500 17452 20094 2445 30852 17443 17966 37453 26078 5745 7432 19537 632 28430 5057 2250 7761
4443 29
18511 15282 22857 8029 16656 2898 10031 30685 30114 17147 15909 31337 35900 10723 27550 22622 39487 39842 16252 25731 3587 12445 23093 18328 5760 17724 17222 11168 26110
6889 30
20356 26547 9475 17871 7428 9435 36729 21967 18858 26419 14020 31799 26489 34723 19203 3268 32751 16151 40043 23629 7154 5055 6924 24834 1650 263 14194 19506 8578 29627
2483 31
896 25247 15453 26453 23313 37444 3834 31398 38979 20902 15386 22737 570 17616 38785 15100 8485 9582 26858 36666 5231 6721 19173 24948 14402 36500 29758 24179 13199 10329 34558
3312 31
14452 1583 29334 19468 18127 34518 14685 27642 16554 6205 24272 23694 33522 39071 26693 12187 37524 40291 39681 13747 31574 959 35942 31300 33393 23560 18261 11266 37119 30149 29402
115 27
19401 15533 17383 10208 3215 3607 2143 35699 16249 10881 32977 16610 23330 13371 26461 14211 25043 23835 22041 35904 8191 26726 30830 12536 10190 33109 245
1685 29
15341 7801 11573 3770 22050 27979 40273 33885 19436 26899 1848 33102 35464 388 36821 8384 20144 39053 37078 22179 22374 35718 15809 271 24064 23111 20949 7987 8457
2739 29
36722 31925 24532 13672 30106 22761 11921 1091 9381 33110 19693 15125 23519 26556 16158 20034 4353 15416 32656 2007 25071 31560 29005 12764 22998 23064 38164 37349 17371
4377 31
2560 38123 23789 15738 26145 4560 21626 23988 38233 26073 21705 14629 27714 12329 14217 7756 14885 5149 8879 29620 16834 34738 12787 10948 20047 25555 23727 28226 31915 35673 28019
3624 31
25130 20616 25017 28265 4468 6169 38344 27872 36091 17418 30986 34645 172 23624 21457 6670 38985 32439 22224 24304 26731 4790 36006 22589 23460 1622 28579 32587 12857 17986 25685
5744 31
12733 24045 26426 5780 40819 16985 30542 6795 12819 20696 39468 11615 26615 41372 17855 4458 39308 29842 23966 37877 40033 40004 10810 28874 15459 31278 34211 4266 2900 37474 27818
5704 28
13817 39536 41351 9569 17083 3324 13660 10446 23216 31497 13594 8283 2068 40734 34752 7199 33323 37182 10159 15214 22551 13374 40472 21371 10346 18212 15233 38325
3787 29
94 41124 8520 23333 28611 19257 37356 22938 2463 16289 12503 6635 16130 18169 11846 36892 16757 39423 5973 32498 22043 22561 23257 21002 24026 4601 33214 11803 22428
5673 29
34612 366 11611 41233 9124 7711 17323 36812 20106 4949 13705 31307 36254 5828 38228 17813 25508 4821 6762 5239 9369 5083 4582 35898 20573 8128 11689 36564 5145
3935 30
28033 1421 29152 24608 34996 35533 29346 35956 36240 13121 25464 5995 38695 21364 6075 2758 20294 10339 40202 19118 25783 18098 35853 17265 15034 15346 29669 6190 21200 38984
55 29
17264 33163 40357 11810 9869 10562 9207 13260 34143 18459 19123 3102 21059 9175 24560 4888 27560 33434 19677 30479 397 4224 13346 3681 40122 18277 18495 27204 7521
5739 30
4106 20923 7198 16411 40592 17535 34200 3788 40097 31773 38608 14814 10334 32743 31048 13207 16975 6730 39859 38007 12650 32982 33924 9757 36513 4590 20266 12574 35302 18371
5141 29
32864 10628 39003 24458 21730 13966 8917 10809 18943 9541 35514 31116 31448 15247 890 29843 2897 35735 33707 38160 3390 5757 36360 8774 7282 18441 2836 2083 29537
571 30
1520 41331 28060 27239 20725 40909 19015 39370 19372 16283 37035 20969 10422 40211 2367 26213 13479 1854 1717 10156 12758 37032 35184 40894 1072 33105 40835 6910 21361 31318
1398 31
34905 12325 26925 23521 1770 10780 35631 9045 5947 15573 37988 9292 8924 7942 9749 37542 13458 27124 14419 29146 29930 22425 9862 27471 32580 36141 24029 3459 32188 9871 11607
3667 31
17870 18150 23687 22567 15589 28868 49 9147 8685 178 22132 20717 1212 18354 3588 31891 32558 24612 19818 35315 32047 32274 22798 4161 15812 14641 8959 30998 33646 32561 29642
2121 30
18479 33243 18845 38326 9460 17652 6927 3450 34997 32144 23235 23816 12746 7409 18522 14560 9160 21097 35668 39587 32663 14873 15336 7668 19168 12327 12928 4594 15026 28746
2688 31
8542 35836 19231 4678 39224 39051 27414 15349 30452 36638 28931 38767 11319 33474 10914 27082 6170 40161 17347 7320 35250 15299 38462 28096 35507 14371 21218 226 29838 11519 5614
5069 29
25614 16219 36080 17069 15486 26108 15954 21419 39700 590 14152 20645 38322 31090 38096 40802 9657 1142 34861 20995 28645 21560 17728 30966 2532 28543 1458 22270 33055
1489 31
17825 41223 13536 3460 21515 25373 40953 21805 25921 36061 33937 5563 11797 17598 41041 727 3436 29126 18466 8473 21135 15750 32307 33622 33149 4644 13400 1559 40128 16189 29983
4975 30
25069 19956 11394 38838 41080 11892 29745 3515 38367 35890 36833 480 27532 2394 12370 39942 38837 16367 22383 35462 30532 4578 22611 19077 24537 28186 22138 28058 37665 39683
5967 27
5690 8274 22294 615 17294 30922 33198 3851 36114 39905 6340 30698 35233 32486 29289 7440 17913 37144 3282 28335 10580 34843 9448 26231 29911 13064 12882
6656 24
9511 2944 40190 29262 22950 8156 3659 19074 29513 1649 38703 3408 37480 36401 21346 39803 34672 21897 28002 29618 13608 29881 32914 34507
5924 27
7517 22007 34037 36720 34411 37250 3743 34377 2812 19669 13249 38278 33385 6280 37556 39761 37429 19170 31386 36863 16288 3838 310 2260 14053 11554 7113
1047 30
2415 25997 20337 401 4037 4939 5054 34484 29057 21264 5676 18716 17028 14268 38556 32569 3329 9183 23605 3504 13462 24670 33551 32825 2633 9777 27312 35966 24840 19458
6728 28
2033 27937 21376 455 29138 18937 21571 15112 2859 37896 12024 24539 33263 5400 2393 1104 30386 38788 3868 12960 18827 2338 37149 37420 1319 22643 16373 16448
4068 30
14528 22321 35117 37175 28132 4966 25752 28916 28761 39827 32321 10140 31275 10265 3470 15411 31243 24408 39867 32268 33293 9034 4526 27910 32538 16518 13710 33858 38636 762
1325 25
18229 35079 21847 5215 11613 14678 23878 11726 21922 18891 27992 3357 16646 22112 32920 6449 20098 12972 8429 30263 5075 7280 9313 1314 16226
1704 27
2772 1461 16942 6223 15513 3738 4707 21794 9443 3119 31595 31503 2975 25306 36019 29916 40916 23054 29220 21857 15257 32814 10195 7513 23428 19300 2322
3263 29
35543 27909 4722 12294 10891 23673 28639 4416 23166 2364 5682 9949 29008 28046 25409 18946 35451 26597 16794 96 18321 7795 35868 30737 32118 27562 23377 13509 23636
6814 29
33334 9585 21435 14260 31540 4952 30087 38796 8707 22005 31388 27990 12238 22883 6458 36388 991 25402 37527 24566 3717 39318 21058 22325 11315 6002 24413 29966 41279
5038 29
31663 19299 29071 22174 27255 7772 13961 35348 15216 24808 3047 702 8307 35149 19670 30683 34491 27300 33726 24965 28439 23096 29825 14036 39124 39113 8533 16958 24923
1443 29
12069 16941 32976 9877 37719 15556 12311 9224 14297 11359 30527 16604 12029 8334 10678 32542 1444 11631 24609 21826 25912 25120 30200 25416 25826 1485 12914 20163 22655
396 28
16498 18661 9081 40492 16188 34270 21082 39520 7067 28954 5250 24343 31553 18245 32871 5011 26411 10516 39447 20694 10974 301 15307 28098 7476 2845 22601 20684
6542 28
22669 12537 40166 30374 27609 38209 8279 29561 32455 2567 5351 7426 11590 39640 10695 16862 11649 39267 13066 15935 9532 12030 5708 13994 4383 28876 20222 25426
3407 31
13823 13366 9278 38447 1737 12200 13407 38077 40069 4186 13327 7013 11298 14435 26685 22478 38665 4699 28232 18167 9670 40373 23892 12727 726 8650 19360 25203 22647 19101 5746
1172 31
37593 3874 36298 10029 25304 5453 11061 9364 35335 17826 32362 41062 18390 4541 10909 37939 35480 12939 18200 14708 24229 22280 24744 23731 13451 34443 143 15509 10158 33818 19110
2829 29
28010 4070 37045 3518 28479 31487 34526 19544 22170 33743 24647 17142 32812 8704 38967 9522 21178 37848 27508 16081 13593 13468 29524 23897 882 31654 6603 31305 26101
6785 27
18901 38103 15720 10956 31355 12524 15359 25035 14469 10952 14812 8297 13993 34534 3820 911 36274 25875 28590 5018 30793 25525 19248 30800 12060 33589 17175
96 29
3727 16200 5242 15275 33800 39612 25802 29696 21438 4469 22988 25283 1834 14285 26916 24124 35951 4948 13138 6557 19619 16215 16343 18375 32833 28575 3822 53 37547
2796 30
13283 38561 9200 31107 34666 35850 30907 14186 33524 21851 12816 19265 22566 35213 7654 38472 16808 38427 1769 29894 13376 26298 13664 29099 3072 16267 16959 41239 10231 30805
1427 29
3760 22696 41389 24119 32004 19390 10041 20527 7790 22930 23964 38914 34489 20444 11355 27366 33314 36831 31397 2622 30503 20895 3977 14531 17272 6853 11589 22175 16425
4433 28
16643 34383 15345 3420 14149 34765 21385 8675 5891 17379 22183 4211 9468 1176 14886 21086 11925 39281 31381 12900 19729 35792 8726 32964 7189 28206 33319 32211
877 27
37124 10608 2541 27458 1527 20944 39920 11293 34495 40082 26594 15960 2026 29761 31734 4639 894 25057 33938 35929 34755 24471 29465 24420 23991 32404 27329
516 29
13766 20442 21399 36584 37791 1182 8326 31686 33499 10908 18050 8889 40571 12209 20000 37785 30343 31146 17674 19092 22574 33044 22670 35285 15539 36343 28498 26124 40344
1408 30
33822 35971 29803 26680 38343 34623 16970 25686 8253 16482 29122 29319 29115 19862 4617 9926 7506 17796 34271 25060 13036 4874 29295 383 2485 15136 33070 36207 35771 30176
5424 27
10675 41387 16104 27549 577 30135 39144 12561 4670 4284 38399 14945 39646 4967 7128 33084 1859 37016 6024 40970 6713 32259 578 13234 13447 5767 36090
6845 27
11740 4341 5728 7537 28342 13844 7850 31996 28461 37087 14270 2384 2978 23986 10307 1637 7196 20848 37797 3709 18971 8109 12617 29237 31259 29852 23082
5148 29
32232 39910 28163 34403 22442 13476 29575 3794 35916 13215 18684 38151 15120 37428 30138 40811 548 34065 24790 34699 13357 10427 1928 26628 4492 19340 1133 23334 17206
4759 28
4208 25447 26032 15586 19612 9564 17093 14241 850 3297 12003 14923 12874 30130 10685 27024 22096 2728 1906 4761 9763 27719 10506 26353 40152 33241 33223 12459
1121 30
9388 23158 20111 29288 12454 4334 21646 25158 40182 29421 26009 33304 15608 37991 8898 8932 10000 19271 26184 2509 14881 23012 2376 3333 24197 27478 39312 30595 39891 30808
5238 31
2761 12955 4309 18806 39694 17420 21862 15671 37723 24381 9835 29428 12707 25884 5218 17742 19974 21053 36999 24511 30 23048 40528 353 15945 17517 14740 10627 1895 10505 30935
1511 29
38594 13927 21050 14828 12422 34119 11698 9549 40444 34428 8309 4040 10321 16672 28685 10590 28928 31235 174 21788 38406 27430 20507 36336 941 16003 32214 3386 6089
556 29
36984 695 40292 17727 36241 14075 37314 16714 34473 25079 365 24624 36588 868 12505 34026 7266 28930 5323 30757 33271 8137 1432 25232 23941 2542 5964 2507 657
5046 28
14611 19382 35351 36893 14395 16611 32609 21632 11539 11719 29388 15381 34187 17314 9612 14309 32907 17612 20794 18577 23498 4696 34469 25485 14797 40760 19779 10630
3537 28
5486 20714 36077 1658 35609 25433 21155 23028 17166 21302 31209 22466 40694 6367 6243 32926 35752 26609 25552 1999 38786 41273 26404 7979 17685 13976 37695 4721
2217 27
4437 34135 31899 10918 18989 833 34448 34920 22830 34530 7929 30974 26198 27961 11347 35750 17486 8278 8144 8404 15360 15 37819 10428 16261 40704 164
3606 31
14166 31101 16691 17220 25111 25337 12389 7080 12651 18907 26582 11009 6030 8992 20456 4046 17549 21711 3151 3691 32280 9459 21983 14449 16630 7306 39469 33870 1517 421 27897
4892 29
31815 28478 2001 37275 28274 41040 13822 14365 31379 28817 8547 20037 17921 25303 14583 28947 15158 7749 14477 10096 7667 38905 4581 17773 6842 39527 7192 29584 8238
5472 28
34242 8869 9273 2540 29823 15692 18478 20165 17553 11131 20965 5622 27859 9563 32085 32672 37454 20618 27393 12424 19466 20458 41082 2242 998 21430 34439 15791
1055 30
4706 38580 40175 7169 32779 11955 24189 13765 36463 31395 11207 28960 38390 36128 38508 28994 35906 37913 39069 3240 19162 16744 22354 17451 13188 28806 19147 37944 4688 12520
6016 29
3399 27216 20699 8034 38018 2762 13975 28633 212 18967 5333 25119 25208 8060 7765 2460 26261 35693 11551 30815 22911 4792 7121 10192 4683 4391 11416 27156 32613
5669 29
27611 30498 15348 37479 40665 30084 39341 9699 9838 14103 35878 19631 20738 29438 34060 10862 945 3195 11281 36881 9121 40243 2333 6511 18425 26387 36031 25607 24761
3641 27
22787 4638 9885 29776 3404 3183 12993 9836 15315 24000 23135 25701 901 40736 14571 11108 3085 37234 9652 37501 1807 28107 9843 25937 21182 40188 18073
3622 30
9037 2446 30415 1735 17290 568 12099 25242 35949 13341 35183 26285 4478 9268 35324 10563 39997 33506 12199 17500 19450 34167 37563 18059 5533 25514 41125 39812 24235 16046
3959 27
5710 29780 25666 35720 11018 25412 13533 20608 27706 15743 8486 11277 29871 38133 40062 30970 30475 12218 16303 24637 35121 28766 37660 32851 6643 16426 40149
3836 30
37901 40575 18359 1788 7607 5474 27645 22856 5833 26259 26655 10071 3348 31509 26718 34420 15391 5171 1361 24520 38329 29734 18874 32383 25856 23779 39129 25442 40019 10887
688 29
18016 9572 11963 35358 14470 35548 3340 35515 25113 37739 28706 16118 25669 29111 30680 32007 9996 25142 29405 18802 25432 7584 8700 28285 6621 748 490 10013 10792
597 27
10802 22570 12040 39092 4963 16849 32483 20102 9968 16751 22201 11321 26201 36977 31658 662 12833 40799 27359 24768 19786 22484 23264 38799 11717 16898 24775
5830 28
5905 20984 7904 12974 31068 8378 17007 11345 33999 34557 1395 34854 25284 23877 36018 14077 10471 31751 5989 34988 29926 38201 24350 18288 33130 33650 23709 31292
247 30
3980 13092 39005 38401 12131 8444 14448 38358 2659 33171 3274 8984 34056 5683 20810 10584 24685 7548 12829 21443 29826 16734 30370 14874 20963 21256 38457 13090 39309 34762
1876 29
4221 11334 32248 29263 21972 24359 19603 39766 27845 28086 39099 37400 21455 25165 34289 11690 19048 28941 31711 6390 9773 33057 40689 8829 10880 23345 28150 39888 7902
1499 30
14619 18544 20292 26890 6083 29411 30392 13686 6123 17059 7712 25298 35892 5697 5441 18620 35680 12842 38249 21384 12023 4222 15798 6455 24278 36951 32331 24898 38384 15705
365 29
24022 32298 34049 1054 2308 27479 40518 20771 8630 16472 40171 24354 31931 24377 12634 37205 21190 16248 452 17004 41133 22932 26906 13397 6981 18596 24835 3039 15267
619 25
13752 28291 37918 25583 41131 6230 24552 9501 27873 26714 16893 11904 19432 19519 28771 594 10571 22336 31023 2157 16686 12782 3465 39122 9944
956 28
17924 539 16621 11381 7632 34234 38655 27349 15667 5848 24912 14501 25867 10473 37828 4 9831 6632 13452 35067 4788 18443 17543 12614 10093 12863 16198 19918
1889 26
4421 27745 5088 17676 5482 4523 37976 20836 12380 15210 37776 10155 33405 15337 35289 24763 23102 1373 12127 10465 37130 38036 23579 12447 41267 21459
1925 26
23916 20287 26776 12646 8262 35797 18853 29320 34092 10892 12977 31015 12983 40150 13256 38218 2600 34253 8596 29947 30345 4863 8572 21924 38606 31794
4704 27
36819 16983 11552 11602 20744 35148 37103 19465 7565 9343 13269 40337 9203 22552 35187 34541 9656 40880 7330 27737 30110 12341 15259 27111 29116 23487 9178
6792 28
9891 23346 32657 25656 23809 30470 5316 19498 32018 1598 33537 12269 40903 37916 18995 2806 37452 9365 22 3428 30199 10451 35813 2348 36076 2361 19983 2790
4273 28
38813 2085 38862 35745 24084 22045 3736 15162 11599 31150 27076 21267 14907 38020 35893 37708 23311 25455 37505 13612 30163 10228 10579 10915 20120 40008 34374 28996
1355 28
25540 20621 20137 23116 39280 5770 16915 930 4906 3534 10878 8521 30037 15096 23171 28834 19380 40157 34622 286 11720 24271 9975 24263 33782 16965 22769 41308
4043 28
31074 19574 4093 25585 13616 32740 29905 19762 31821 37360 20880 22522 3336 3264 20612 15558 5536 12276 12622 1706 29689 24543 37503 7491 17430 13414 33709 15506
4719 27
23656 33742 13302 5863 19850 26139 11855 18744 28538 21802 23073 27434 1668 19827 31590 2688 18133 4606 6033 11495 39037 12936 26296 33173 12837 2025 9788
2309 26
33380 11944 23039 30785 23316 9678 27311 38795 13133 7184 11884 12139 11951 19025 5025 22079 3254 1828 40482 11039 31826 192 8721 12373 8566 5832
828 28
6102 36730 35205 1768 25178 34430 35201 26900 8557 914 265 31639 16204 31377 12799 36367 30284 6712 39939 292 25418 950 2734 10710 37761 2587 16840 24709
2470 30
5005 26976 14965 3308 13336 10691 34737 8405 739 28508 14323 13254 19904 39718 18644 18136 22963 31916 1777 37663 12626 26420 27610 12319 31558 26384 20647 30820 12944 34875
4703 30
1082 4815 19913 31805 25417 35401 10799 19629 29139 847 11713 6191 11301 40092 33512 14674 19961 19891 4900 16125 939 5958 31959 20767 13334 25971 3003 27353 41299 26458
5931 27
30584 30931 41106 17437 36104 12880 712 900 35695 25030 23649 9590 9067 28104 25659 9425 14430 9658 31741 12346 34492 41000 17841 13427 1843 39609 8025
243 28
13306 29309 10690 23532 38200 39832 7550 39738 13872 22480 7525 18300 1693 38498 25944 11442 39486 18256 24451 19824 15679 29664 10503 21681 26520 18218 33897 34130
2348 28
29602 40729 6165 35057 14251 27880 39664 32112 4773 2508 17718 16762 37268 21834 1951 10199 19374 35283 29301 37804 8693 17333 37105 14928 18902 25339 40040 3484
5456 29
10064 23993 1174 2130 9426 31756 8456 30118 40667 5987 1422 4148 9959 7822 11385 30995 38366 33630 24477 13905 9806 12550 17434 21533 13862 31202 25530 3513 36657
3539 27
21308 20679 20549 39650 41349 35044 23794 21811 9879 20187 5835 6865 14771 26034 14195 13666 4199 14276 20999 32799 41208 37052 13048 18455 217 19052 1007
3862 28
39959 38468 21213 14491 17098 7129 25205 20194 35997 20914 15203 39035 2289 8830 14551 803 38158 23084 7327 12372 34594 26919 10661 34628 3218 31660 23820 19758
268 28
12470 27528 38519 2336 22092 39103 38910 7726 27787 41058 9133 8033 14654 23778 20051 9488 30050 18460 17064 14620 5118 37433 18435 34538 17254 28915 29019 2009
689 25
2813 18725 29368 39162 16702 13831 28627 24684 19975 16163 29417 4852 1376 11222 34885 168 3840 37974 31580 20395 37922 36120 21846 35991 10708
5434 28
27773 16853 5652 39310 6061 1047 41006 29822 6197 22978 11447 30768 15182 33804 36041 24039 16575 21956 35004 32279 12562 36678 17971 32210 38686 31131 11194 26072
1843 27
39441 6708 27361 38512 22893 37600 15305 24089 8221 1911 6840 1546 23005 2169 10075 21471 24512 2552 20006 2788 37528 1285 29351 14177 18029 2012 40572
5929 30
39798 31472 14483 36040 8851 6135 36705 12698 17567 25260 8049 36625 10733 35303 37276 30720 2832 30227 37573 3296 27281 39288 7682 40221 27898 6217 7641 29373 18079 10110
5835 24
12691 20718 17445 32028 9467 33187 31012 8561 9324 16146 33282 2140 24193 11895 4940 437 7689 28823 20933 8285 4986 26811 6815 23378
3409 29
10369 16383 38097 32044 29809 25251 24971 19792 27546 7913 6786 3122 402 26295 3298 36370 37516 23950 8447 34297 24590 1954 23091 8194 41280 17629 832 6389 11594
1671 26
35787 35175 8785 34478 28008 26455 22333 10919 33445 8711 5058 38544 30729 24956 21322 18562 38100 17569 22014 2641 12345 10555 12230 27660 17684 24373
505 30
29163 21179 21517 27517 30483 28161 40063 23162 30626 33268 16861 5137 20291 39883 32948 5616 14554 28886 20689 10323 10569 1722 34789 19774 2942 9846 2998 10615 18031 37999
6312 27
2596 20762 37355 2117 4312 34694 6563 25899 3944 19509 39850 23118 1499 30083 26553 345 33125 7652 36100 38319 38595 14296 27482 27948 28039 36706 8287
1383 28
19743 18996 38172 22314 36845 1438 32570 9230 1683 25051 19449 35501 1238 30219 4481 22441 35143 39772 35042 25309 16047 26959 30057 18249 36158 35037 39355 26874
2204 28
13653 2844 34698 32501 14808 31527 27506 17968 893 31666 30617 8757 36075 35438 17839 35422 23989 9624 19327 37044 9512 10127 10234 25435 38925 16493 40427 40524
5306 28
38603 34616 29462 25952 37312 5749 33543 21806 15058 35607 37591 2357 13289 26810 20964 29724 12488 737 14839 37192 25457 39360 11718 37783 537 8207 39442 3453
5650 29
2470 21848 7162 5643 15318 25246 19682 33824 7973 19998 39673 31115 25350 18942 23572 38416 5327 38333 35737 40196 10050 27555 22812 38883 16408 5880 6683 24708 37164
116 24
19239 19244 28294 491 16086 17510 33312 16117 18694 40715 35252 24282 20331 32714 5261 24355 22365 41229 22759 21714 15624 5986 5518 20505
2099 30
2746 16475 5907 16093 7101 6349 22891 16122 26719 20301 14870 18830 24370 23230 39985 10038 31477 6652 21841 25217 14153 13867 39237 31180 25896 12830 36860 22031 4163 26566
3947 25
18524 21832 19125 29095 1183 15885 12240 30243 24184 21417 9318 9164 6944 8646 22020 26505 6618 24733 6108 15604 25620 21621 1512 40826 17977
3201 29
23189 13417 474 38572 28495 11872 13634 17818 7262 23968 15152 19948 37622 29495 3629 28555 10143 3828 19146 5108 4844 25758 25456 19839 25788 17995 7173 17797 4350
361 27
6537 19258 32157 30071 24830 31505 8164 32239 3638 1193 13762 2635 28807 28801 28482 17923 7704 38829 4824 19857 16522 27523 21801 20590 19344 18623 25601
3582 28
27291 40323 23029 24003 26482 35115 37363 3069 16244 8303 17279 24876 949 10255 2437 4942 36242 36356 31694 7511 31325 14022 19479 17918 33998 10916 23981 11127
4250 26
7571 154 37964 19381 21588 13739 28581 15834 12248 8126 14944 25536 39749 31848 19313 9371 5931 33847 12638 4882 27474 23302 18641 10522 37778 1950
3060 28
11827 36011 22722 40049 31940 22852 33637 41270 5538 3425 9495 2703 14676 41328 12149 20546 15542 13917 3086 15635 19771 5405 39020 4339 27327 5319 3601 3029
1954 28
10395 2118 16987 6785 12558 23244 16741 20295 25189 4112 10161 13169 16292 25006 35177 22747 5480 39346 12182 40778 33595 38353 35074 38463 13384 34179 9708 38669
538 27
24098 21141 19128 38296 1904 7541 20956 37043 36226 15666 37125 15658 6325 37255 21441 25960 23782 36191 11669 28456 19530 3688 23192 23807 14098 2105 20917
5189 26
8037 26912 8295 36455 37876 35825 16816 22767 3100 2882 14236 4643 40186 3315 30621 6987 6703 38566 8068 33914 7865 16841 4908 25602 33880 38437
3117 28
39783 18350 20159 34363 11269 19699 32505 25497 21504 17641 1767 35783 17210 39785 2349 11659 14615 13604 12771 5412 34431 5066 7907 19387 11358 10498 26559 5208
3689 27
11735 32510 15027 10168 7458 13075 36832 30253 37530 1455 20842 8081 9303 28387 21460 32115 28463 35105 21923 14671 4343 33570 22661 7590 7686 7316 36225
5085 29
10989 3547 2655 12107 4297 8513 3589 30939 26794 41107 33260 16758 3121 33082 35339 26195 4543 13969 21389 14698 23588 29729 33604 23900 2086 29147 38276 14801 25202
1500 27
14999 35618 40068 11420 6073 37750 30358 11786 27631 11711 23205 11704 29934 21388 7454 25662 20377 11299 33902 30901 22313 6765 9205 28369 34480 6234 23562
31 28
2938 4828 29380 34463 38266 30211 37432 11075 35025 12761 11747 36714 21204 16310 36622 33627 25012 7867 3808 3772 31419 27464 25210 39547 5266 11325 41143 18174
6268 27
16012 22429 9013 13127 11230 14958 17761 33212 22427 28361 36184 26479 27870 10230 10413 25776 40308 13794 39968 6245 16107 26534 7787 39659 36536 25110 38564
615 27
28678 12219 8666 39511 25280 9311 41321 32732 33497 37222 28279 24883 3652 4685 22251 35930 39120 24929 10933 7842 23267 12404 3639 37499 20600 18558 41060
2092 27
6692 37649 40623 38115 20099 27304 30372 15266 25945 28341 20968 36541 26819 8148 1866 9265 23923 19662 2405 38095 6616 1274 21274 36296 12601 6185 9729
3502 24
10083 34045 14442 37291 37775 3671 26833 19030 7752 21273 8958 4813 5225 38509 11952 38504 10287 2500 5967 23449 37748 37740 12702 37260
585 28
30314 16725 17408 35208 25703 10889 32603 36767 30231 16274 6249 34001 16322 24610 39855 29404 31383 24829 621 10841 34219 4101 7385 4483 9036 19418 36792 29107
1415 30
19108 16549 10314 38119 31918 40412 4400 3695 3951 8211 6814 38304 36524 38171 20021 38735 41179 11696 28818 5963 33267 11934 15385 16617 13821 38159 5866 15822 31633 32289
111 27
18142 22945 3174 5639 37099 6941 3024 39769 33007 9142 28968 14862 1055 16438 26904 9803 19849 8664 20010 26465 33922 2704 5037 7461 40911 24631 9768
1916 24
30289 34275 20655 12745 18221 12407 17092 9328 22254 26645 29837 22616 16654 18912 37373 36355 1231 6760 40678 17862 18401 32702 3434 1616
5153 29
1341 21209 26587 26880 14558 28776 34378 31221 3771 9180 27002 26418 1295 16854 25728 13988 32125 28615 28866 11998 11177 25883 35800 24676 16699 33168 3403 19924 28558
909 30
29972 6964 29684 7012 9390 18875 35354 11667 23275 37302 39393 11237 3360 17516 31499 15507 15498 12774 29153 33623 7812 40234 17435 5815 28113 19950 2524 39025 38023 19306
1593 25
12893 16387 8858 17154 10141 17375 7880 18360 33687 24398 15575 32635 36895 23448 23535 9153 35509 33559 16010 3740 18314 9990 26764 33648 31460
2349 27
20408 462 40546 3303 15914 15297 23232 35757 23474 30746 30117 9711 8388 29701 11787 26392 1723 34756 25702 34332 13067 37671 31976 16818 34164 19737 6700
4109 27
34070 27481 8739 13483 12756 9559 39541 1539 8919 7707 9901 31309 30576 11454 21261 17528 1000 30944 38770 22936 9345 6441 7912 33502 24895 23120 9216
1923 26
22286 34522 4620 29200 10514 34258 27614 31634 27492 14384 26336 16612 40983 26276 6206 3287 19182 7488 30379 6300 18342 9177 20279 37700 1855 240
3457 27
6573 26086 37758 20011 28022 19815 28428 11705 39903 14295 22408 5882 30153 40932 2602 7608 15354 24513 10010 12952 7931 20318 3314 3754 24206 16673 23669
4928 27
35795 2951 27640 26778 10807 10450 35176 14360 35049 14867 29392 17989 992 20560 14634 1136 35731 16029 37655 20890 28464 20766 39467 1518 29888 31946 1078
3048 25
19531 31833 12947 10091 8454 21241 30274 39435 1585 32000 17875 4065 40028 22673 19199 28569 19637 20841 39799 14174 29683 28326 29000 36088 24348
5083 26
8593 20309 545 21502 19019 15652 8759 4897 1163 33388 30739 13598 25948 24522 35021 18876 32989 30524 2366 30954 1932 33192 1213 4286 29430 18763
5423 28
13344 26834 12378 27039 37084 25670 32110 18659 39517 34992 10153 16805 26450 34176 13461 36426 23056 22191 39619 39661 1116 33324 2311 39652 14766 11624 34364 7480
3927 30
8911 34712 4768 24795 23714 11256 38204 2887 7136 8881 25716 11510 37803 11598 26924 21578 26302 19746 25163 26965 14768 29198 41269 38639 10182 34327 6184 14543 771 35896
4040 31
26984 18931 23335 2409 468 18 21099 25580 27445 34193 11941 24547 38943 381 9333 28822 34398 26884 26143 23762 24478 9218 29460 6328 8556 20225 12076 32780 25000 22351 40441
4597 27
10404 3776 23464 27062 27038 27364 38118 22406 7056 20911 34249 8509 36419 4686 40805 18432 19585 32198 32797 24735 34706 18365 19259 10343 34438 20257 20014
1961 28
22981 40025 36972 24436 31928 26388 26551 13577 18928 9172 34074 40733 39822 39265 17778 2368 924 7562 5293 15669 4782 11208 27604 13519 9870 34032 1399 37611
3833 25
17047 2459 884 40484 31611 22346 40462 31196 9331 5115 830 31100 22868 33575 29798 25261 23563 14627 29093 26779 3153 10087 40977 32502 17575
5402 26
733 33872 39796 34962 15676 34889 40297 40862 22122 25036 25879 41004 29077 16485 3463 9596 24314 26935 9827 15041 4128 9255 18446 29086 28164 11512
5027 25
29591 26543 18497 29646 39716 33012 21937 25840 27441 5705 23943 25976 34576 29635 14234 26835 13481 38945 1219 2195 17086 17892 28517 19099 20839
5529 23
11585 25413 13711 9887 30780 36235 1613 5960 6009 10274 26763 29407 38264 38845 25267 33891 34256 9043 27091 19885 26801 12398 35646
2945 27
40563 7119 25381 33340 2235 40471 32032 25177 8689 26432 5349 17704 40013 27971 30351 24038 9632 19455 10311 5398 8934 36566 23390 10424 32639 26150 18134
2643 28
98 20454 23567 13581 26174 38682 4654 10903 40557 16730 8024 180 27602 20223 33605 32247 25095 12982 25408 40890 11909 21547 5374 12552 17639 36110 28944 7546
1726 27
22349 23729 29483 25609 19736 29700 6855 21798 39136 37226 5302 37213 11853 8602 17229 2545 5089 8822 33690 24800 14525 35790 4531 33638 694 26180 11246
5209 26
36520 497 23841 33002 5415 1734 19594 37630 26194 25951 38332 8976 25064 20056 14722 36795 31440 5024 31191 14190 13420 21295 3622 39291 38168 11953
2742 26
41089 3006 18800 31178 19177 7289 38182 17288 34928 12254 28395 37083 4799 211 34147 2751 22651 31675 12283 8939 29593 18619 16972 9225 15804 16759
1332 27
38048 41095 37959 21813 4193 18509 7818 9214 2673 31506 25741 33865 31860 2527 40217 1171 12794 32494 1846 39820 22081 8305 8977 12737 7545 24628 33610
980 29
10375 32588 24480 1877 9782 28616 17564 64 22678 38408 8847 27307 14005 15838 34895 32429 26792 10011 16835 32539 27837 10902 8903 29144 36989 20211 19966 10633 9251
421 26
11449 37844 26847 33308 12367 7811 7876 12114 2347 35479 35180 13431 15724 39670 40580 18190 29061 7733 39040 28148 27770 21858 3063 9825 35522 11037
2196 27
23852 6781 29756 31708 28977 8793 13033 6568 25096 27720 15477 37396 5555 13512 13076 24569 22729 38954 34833 31825 2523 35410 576 31625 41162 16231 27966
1247 26
39751 7564 1030 28125 5539 10747 26774 16030 7515 15927 20822 18668 20072 27772 23639 17364 25895 24153 3827 7120 38130 8190 5429 37466 1941 31091
6080 24
36727 40859 28177 28070 14311 33112 3114 22573 27335 33117 13079 38340 22490 34326 3077 21362 24535 10816 12539 34186 9868 16677 35525 32880
311 26
15279 13546 26334 4103 40870 3509 18195 8963 21054 40644 35420 2948 18743 24172 24578 17857 35210 13735 31790 16519 4623 28837 22494 21493 12086 10843
4306 26
688 15465 20872 38679 9068 38052 28682 12828 40026 35198 30245 15110 5125 18968 26823 24918 29433 27768 20075 18333 15017 4396 4996 14568 35241 35854
3808 26
15422 12643 20241 25027 26853 3380 38704 15051 37972 37584 7634 27165 4615 31276 33059 17479 20571 33311 28143 19262 17675 4616 28696 4605 37943 34832
5736 27
35689 27339 29964 10023 7889 27067 6335 9167 35269 785 2134 6849 20212 7593 29370 2817 16997 36896 5437 14328 13736 33550 33423 37690 34909 27077 1140
4166 26
24429 4080 35265 7793 7591 7125 4215 12705 2096 32974 3698 11605 14009 27211 3773 38754 16935 1907 36774 24724 36839 9248 14869 17322 6755 11840
2936 25
3064 37603 8149 9296 11528 36495 11421 34853 18387 2436 31710 9064 7403 41263 18001 23199 22719 24455 21749 41157 12853 31755 13983 6614 40959
2605 26
31119 36559 7563 20202 24382 27319 19289 34221 14821 14267 2441 16724 25063 25787 17382 38529 4742 8654 7645 10101 3537 19058 4102 40906 15213 27263
892 28
21535 7674 38030 9671 3427 18555 25401 14707 8090 8695 34764 39101 33770 31823 19204 38025 26617 40972 15068 29038 28207 469 4147 23276 33581 24855 24599 33517
6221 26
6008 15256 16585 14595 19161 21453 12858 18083 14851 10551 25751 18872 1131 33942 24754 38062 16339 32906 33424 28713 18398 6933 12173 17636 4349 16614
570 25
22881 37601 15147 21670 24419 25953 25830 25855 17649 27908 13060 6220 16458 1018 24561 16634 21354 12573 1412 10430 7625 36033 41075 7420 16756
2781 27
37836 38992 33756 31170 18761 34667 12197 37703 33536 4362 828 31187 26019 7271 15243 40301 9726 27707 5147 32196 16517 40803 15716 13601 24687 2065 27321
4927 23
8272 5049 26754 12532 28343 2108 26688 34068 27548 37679 8611 23561 17413 19334 11164 6854 41371 40184 39623 40772 2778 39602 30285
3769 25
22766 8340 12620 8653 28255 3824 2847 3146 13134 40271 34785 26385 14818 26981 28181 6129 26530 31864 3624 22677 30001 19517 27586 38337 29622
3960 24
6260 3052 5190 36187 23206 838 17900 28432 25990 22352 176 22843 29040 14172 29714 10105 2249 7396 10570 31314 35586 37486 21903 18385
4682 26
13231 7802 30619 31351 37221 14985 36219 360 12796 34567 18617 3942 16938 3166 14884 4250 17415 27939 12785 28201 27189 7619 19734 38253 36115 315
2208 27
29818 27345 34888 36299 25157 20609 7243 27552 7317 35612 4807 12826 10103 30882 8074 4504 11170 25046 26155 30039 4891 15508 32827 7249 15039 29557 27388
6378 23
28695 9663 24356 5709 2244 30140 33840 5479 39256 36324 12891 17996 30188 6189 8831 33394 9554 5951 10107 38338 28210 1762 22990
6340 27
36203 26486 10078 23871 36538 31729 334 39954 41193 4081 27209 38274 2004 24837 30841 19007 34274 9107 23348 20619 30806 7467 23312 6948 38433 38784 10641
6425 29
16052 30879 24861 2759 7609 18956 15050 19408 6945 40720 31427 31646 11445 7413 11988 18002 34770 29313 23455 1162 26700 37178 13195 10173 20030 18349 26491 31500 32446
3460 22
40596 1994 15433 19442 17634 10420 6044 30273 34285 11964 17409 32284 32512 29957 31796 7377 15450 24579 8761 9712 35912 39682
185 24
3334 33201 7583 40032 24976 3023 24663 32615 5105 9902 17772 18238 33735 31932 37101 13922 35468 24714 4436 9681 25600 21596 19475 10944
5410 25
40252 5006 13284 9620 31011 24692 21043 41139 34461 21628 25872 29717 26438 5578 38286 17298 24351 1946 29520 23899 8098 15300 5275 15328 28784
337 19
14717 16315 6772 33215 41066 26221 7926 20680 18865 2226 23385 27141 25592 6355 13718 28617 13247 9847 22407
5545 27
13480 23114 28596 28483 6685 24326 22220 28934 27888 7495 36883 36963 23740 25353 14342 28030 34617 26730 37492 23961 31856 16851 5303 38809 38420 3608 7980
912 27
3665 40806 15837 31226 21556 23034 3 16216 2414 23103 4444 39180 28570 1738 37210 32030 18861 39594 39882 7388 31179 8957 26054 22502 17623 15155 24306
4402 26
15277 23615 39030 16706 501 28721 23477 25935 11236 32151 20271 28770 16160 30572 14288 15079 6761 13235 40205 18447 26102 13412 38294 17578 15380 16243
4108 23
1236 12603 38505 27328 40156 14473 38944 3133 11527 4176 7696 33320 22712 592 14070 30508 8744 8619 29205 24889 13600 4875 18273
1699 27
25845 22654 20007 40785 15002 25390 30867 7369 21022 36868 38714 38808 4973 39044 21552 11166 28743 38363 40836 39161 36923 29171 40918 25919 8765 12241 3285
3662 26
2154 26605 32904 11224 15979 30574 6535 1291 31207 15587 16337 19565 29276 12320 2886 15476 10714 25938 813 17209 30591 40771 32316 7569 36775 27735
5781 28
3104 9850 36473 33625 19066 37598 19310 17838 21066 4030 7923 24025 9648 23338 4563 34704 12903 17999 15665 29676 32340 22928 21660 29214 31881 38619 27354 14242
5240 27
3976 25942 6313 37126 36163 22776 36391 23491 23707 28352 22311 12973 5857 9058 10601 17523 21772 19383 4631 7478 11555 22353 33329 11034 23294 11841 22829
758 27
23368 11684 1719 3813 17769 27182 4108 3301 8038 7804 14391 27057 25653 24741 35106 36307 39411 22076 23400 22302 7737 28364 5648 13009 32748 26313 31205
2853 27
22127 25696 13281 19114 19949 12838 13555 2121 20512 28619 15461 19765 395 38577 36563 20763 34640 26535 17029 33114 15728 15659 27915 14173 10728 18414 33392
2467 27
37001 5320 30405 37811 20922 12034 10945 13951 10854 34926 39406 5842 14829 8010 24845 24665 32978 17312 10606 1344 8469 17687 36717 13812 27164 25906 7401
2339 28
25900 19581 14581 28705 7817 22909 23592 6805 14304 16755 40293 37385 31643 5077 19111 10936 8692 15805 21885 27246 11425 118 14836 9394 22620 3132 13562 32100
4395 26
33577 16042 19308 15730 8362 25743 39432 34058 4640 16473 39584 37957 10885 5653 34075 38582 7077 19104 30598 20118 40717 24751 26025 37504 26282 25087
6197 28
31849 30013 14325 39509 9445 26462 21326 33718 20403 35041 35256 7598 4630 27740 21236 19470 14019 27133 31342 12516 29384 16300 11752 40094 16864 16399 14238 14542
4592 24
29316 14612 40287 11757 15599 23634 7943 10409 13179 489 34263 10066 28312 22181 37818 8039 13950 32171 21866 35296 29473 39510 34481 32750
122 25
14085 39384 28292 34864 16996 14488 22485 34838 23761 24798 2888 16180 26114 20022 29015 6527 7643 25763 12227 11961 26528 27273 314 16375 13903
5503 25
16894 9686 5906 11290 1383 23161 26808 22664 36 30851 18598 30858 33936 37866 22230 11562 33717 6410 11673 29339 10512 31716 6975 7837 11636
4341 25
3066 21710 21703 13825 39217 6077 34651 1630 2677 39260 2902 3602 17907 27427 17297 32909 9742 36573 26345 23738 22149 2042 804 7430 7540
1831 19
15700 35063 3623 39452 3468 7677 9689 30304 13503 8655 13274 8369 14623 17121 35530 1715 4454 40127 37675
4850 24
23182 6387 15504 13985 16082 6063 36503 31754 22876 39102 26711 24482 13473 2865 4245 36053 24811 12645 2967 18117 33484 5659 26787 20040
5304 24
29558 15095 17168 30810 38081 40264 26317 29858 23880 31494 27521 9400 22496 25973 35568 36591 20958 33151 29846 36580 10016 32735 8317 7703
4475 22
15972 29118 8697 13815 10649 38225 1248 8864 34587 5841 26601 8072 39936 17017 32929 13609 3590 30628 17390 37439 5969 14348
3780 26
16506 29940 8374 1900 10139 4781 3230 18181 28610 3330 19899 29211 10597 37872 9500 11225 18528 25916 9984 37720 37792 32540 15931 39679 35182 835
5031 28
4062 31983 22723 34934 38208 25647 27652 6079 11781 12171 10629 35191 28410 7832 25665 37945 36663 25059 39326 30119 33471 40879 15733 27608 25613 10901 3305 38104
4989 25
31592 5094 30996 5458 28753 2201 36737 35248 39270 24246 30128 12935 33521 38177 5340 10823 7087 5343 3113 21925 24920 38203 17453 33555 867
2504 30
26242 25047 4045 24648 40330 18304 18266 16777 29914 39460 35529 21831 4183 29413 26146 4680 18469 6053 40390 6138 8752 2063 8101 20648 5119 33673 13726 40262 18731 10322
911 22
37320 710 13579 23061 39838 39457 36216 20342 35396 33892 21540 10821 18025 8735 34870 40668 29960 952 5738 19338 31391 14092
1673 25
22022 26292 11969 33841 14762 40225 12932 35734 38847 8897 15531 18254 22504 33529 1393 34734 4015 38753 6553 33688 14352 36340 2076 4621 8914
814 29
23885 24629 16384 37983 23890 14904 14679 13761 9314 38510 9413 24550 1377 31958 39525 39394 31290 37315 32172 2005 11849 23584 392 33104 26773 773 10282 35128 11614
4893 28
15637 13708 23308 23860 40278 4868 41343 35950 622 34730 16326 24823 22906 18513 23708 33754 30164 8728 27023 40810 18512 1809 14695 7387 29848 36521 21718 37604
5440 28
33186 18423 38470 37376 24454 19833 4253 32463 20510 10411 22878 12958 32798 21165 19958 39605 40907 12666 946 929 25612 19935 22080 33387 9358 25073 37277 14010
5479 21
2529 8413 34255 19247 19027 17911 26989 27893 13109 22154 25626 19286 13194 39419 35364 15372 26608 12647 38656 20149 18809
3764 26
26318 40974 35562 4035 28408 8478 16723 32895 33411 5197 27136 6905 11280 24707 5735 30181 316 31061 13130 27871 19990 10495 20594 40605 26351 25870
677 24
34589 7660 16484 33362 34791 37098 22765 3345 17464 14180 28440 4959 28764 7685 40239 19139 22530 6709 35650 29004 37960 21647 28415 37526
1657 27
21720 11668 28118 4227 3847 38230 25198 25680 584 15989 31774 37702 40886 21823 22541 19804 31971 18727 32536 17630 39049 2079 25995 33140 4720 2362 8062
5117 26
36261 27043 10043 19832 5329 33748 9018 4336 15706 10386 29909 2997 31481 24266 32655 14757 34015 10 20742 24468 36282 6594 38706 2901 30238 28460
5301 25
22585 32608 23356 27099 10410 11097 25857 40325 11187 21679 35304 5667 39819 21845 11221 40966 40331 5141 26048 26735 34172 26671 28899 11744 17693
569 26
23163 13899 28697 30429 23355 22001 22104 31613 24431 28781 33907 13998 17878 28224 30019 41151 10219 36002 8970 22738 26001 19616 175 5355 24009 15759
35 26
39607 19142 31606 21947 31867 9785 127 37942 33169 35905 32167 6514 40311 3388 37219 13070 1881 33412 28658 38723 41211 2841 23100 21070 10370 11688
2854 28
10957 36764 10860 41152 39744 7127 34563 9540 12272 8260 20457 4291 33303 2512 15469 29876 37829 40333 6529 15460 27253 18064 23800 33887 29864 24169 24969 10577
5351 27
14753 37987 3145 26907 9592 22592 5583 198 24200 27249 32184 2700 29788 34604 6756 35838 21786 27699 32599 13942 38392 14258 11008 12869 21557 37541 34124
2044 29
2965 31798 36803 5609 36376 40949 14519 11036 14605 34693 28219 23279 7810 35527 16432 15901 10048 10659 550 36942 28055 36202 31525 10312 25307 3922 23425 990 15871
3511 25
18662 18344 11706 33216 36160 7978 2848 27728 8598 28405 14937 7705 27625 7892 31349 22764 3656 29932 26782 19777 33463 24842 24014 28723 33852
3158 27
31112 11729 30162 11307 2277 40351 5198 33327 41227 7893 20321 31651 9685 37588 3732 28437 21828 39192 33052 6469 6159 7845 39139 32866 14504 9430 21760
2402 23
3184 5206 1169 30436 35835 15993 24109 32574 31838 36055 39264 29018 12244 28783 40113 32302 28573 11045 5900 20615 15088 8806 28469
1005 24
4645 13561 1087 31324 14588 3633 35660 29732 6559 7174 20413 4955 12619 36822 1757 4185 5744 2139 31271 7785 8364 35995 39063 24201
1905 25
41298 15077 2802 29532 40617 13532 37059 15082 11201 19554 39930 11956 9280 21655 24181 37523 12211 1348 27710 16109 38866 40926 3573 40133 17467
1933 24
27190 18123 16363 40022 32306 25329 31224 34122 41240 39993 12145 3196 19189 36693 2663 11819 18818 39059 38219 22607 32749 3707 1815 28486
1867 19
6943 12667 32096 13914 32057 4983 26083 36849 23066 31792 4575 14453 29583 37195 5384 35164 8215 11557 34937
285 21
15621 38080 10818 34805 41051 36375 27891 37888 12184 29579 32921 16804 1463 5328 32106 25962 15568 3005 35427 30236 41393
2885 21
10656 27290 30991 1972 32019 3853 19238 6711 10136 23583 18075 9560 39791 32684 33480 16147 35747 37917 18242 10917 27700
5685 21
8036 17380 17587 21884 32208 25911 38273 20739 12986 17428 22415 19678 33560 15657 8859 13416 21781 36366 21607 31422 40703
2907 23
3501 41289 7104 30983 34316 11124 16555 3202 30237 35136 16108 8255 12161 37282 16477 26091 36392 6891 9242 32035 40873 23728 14680
4415 23
20646 3044 24136 39551 16344 30497 39243 40804 39726 18535 15362 28945 13487 27042 19164 24875 16728 2018 7633 29378 40940 25078 13551
2332 21
16772 26386 27878 29577 4548 75 32634 5188 28786 30754 7993 24057 15564 27073 26727 33728 19024 31907 687 39733 36064
6604 21
27771 28914 17722 7763 41316 26978 41381 13017 4041 355 17739 34590 12103 32821 10004 707 5423 36867 28024 1560 34927
4843 28
1363 38135 25792 20371 20390 26572 20740 29616 2006 16766 19696 34488 3939 16255 22633 39531 30356 6791 23781 34760 4475 27412 17837 34134 33926 8825 21315 32126
2549 26
38609 30697 15281 30499 36887 7963 12715 35948 1388 2059 40793 22617 12452 12738 33832 14514 8832 24953 22880 6317 11365 39471 33946 29224 24191 8477
5188 25
25881 27605 39205 9256 26942 18675 21474 32822 13107 25026 25371 6600 21212 2637 11856 7720 4402 9012 9933 12706 27906 21629 15739 23996 36010
454 26
21852 13854 12575 28178 34614 15062 7236 27920 1663 38129 37733 14880 6308 2112 82 9993 8543 21871 44 7055 6420 28412 18451 4559 17866 17789
5399 26
8227 32449 3818 19342 27579 6451 35454 17250 14691 25150 6647 24053 6304 7982 32400 16401 14651 18870 34315 9504 31237 18024 24312 30485 698 14954
4147 24
40884 27993 22874 15547 35484 10868 38854 38415 11175 5759 7165 10827 13498 33236 23736 30813 2724 16049 28942 34976 10414 3042 38663 7778
