251
740 10
10726 38088 61422 30286 2904 57876 6679 9208 10745 2263
749 10
18048 70465 42528 50533 25767 31341 2765 73647 17266 7803
134 10
17541 72199 38023 62251 15245 55151 43826 53362 33396 50975
222 10
22976 31745 24416 65668 32013 43824 67893 19894 44826 1884
362 10
51170 67911 4073 64106 50543 9872 1904 59761 69295 6428
64 10
64070 71850 18346 2449 52659 57395 42069 21721 52730 2300
673 10
64161 29857 22537 47564 18444 77006 33502 61008 8439 63390
311 9
480 77377 4104 12681 51562 46445 51506 12152 49823
475 9
24288 1219 56165 67205 77009 50003 52980 23867 68604
578 7
30890 9678 370 5139 14839 7193 46013
730 10
70497 2471 34440 74158 74032 48978 8403 43509 49302 68476
826 8
66210 34853 12966 55241 2098 65401 21276 40285
368 10
35616 74982 74958 36879 1743 21310 26743 67132 9852 70270
827 9
9219 64295 61640 59113 11021 975 64528 15666 63582
395 10
17697 68793 63589 41607 60999 33095 49386 58190 27190 10009
605 10
29056 8866 61571 44583 21011 18774 5176 55481 15964 54265
381 10
37379 66086 14022 31945 31725 66640 40375 38173 17533 52190
259 10
32993 70467 33384 29240 37324 54252 49941 28280 50236 72863
585 7
14635 37651 22611 22868 50166 46870 50110
430 9
65986 65796 2724 23562 25355 27473 68338 59027 35387
457 8
22305 54914 10860 49582 19663 44592 54557 71965
545 8
17568 44547 56589 44621 2001 41298 32919 22299
784 10
9414 6886 23084 43534 74703 2585 30713 56764 7965 1918
682 8
8771 22627 30919 42379 36909 2383 58518 45407
447 5
35552 2212 47085 62703 7449
596 7
4417 64619 68621 13745 16753 45683 3582
289 9
20387 9252 11493 8971 72396 47280 33456 2036 77175
547 6
74080 26113 4900 44774 42190 16159
448 6
58088 3979 75567 34450 54010 21051
256 9
7776 56968 69321 41928 43948 3667 10326 24121 15645
532 6
12069 58573 69966 74862 31059 37370
68 8
75648 67585 22533 26598 71305 50155 7730 35578
221 8
66246 68775 32015 50031 31761 37748 38710 36023
27 8
4773 26280 25930 2218 73680 43825 31088 10166
283 6
73760 58307 72400 75096 26779 45023
812 8
35747 40901 6631 15753 46986 31529 20313 985
791 6
5443 17895 32905 50090 69911 44830
316 7
11585 30373 13670 8584 25770 62097 77276
163 5
4064 73201 77494 29209 7900
735 5
53154 61572 52231 14802 43641
175 6
42373 33128 57675 50042 4381 318
15 8
76230 60906 35659 76428 8241 55031 72281 20378
527 4
27100 12339 1844 33702
667 7
68261 20807 64360 75317 6807 16605 5693
91 3
66532 4710 75439
353 6
36610 47108 23466 31309 20501 31832
844 7
44904 25645 41615 68146 33172 74518 55575
88 7
41472 26563 68849 3350 20825 54940 37631
773 6
48388 14086 62823 15505 6997 17176
663 6
15141 21771 72847 64018 77621 47995
66 3
18235 11147 69855
437 7
17131 58031 74005 34774 69726 52254 9119
621 6
27332 77639 47624 23532 16249 3961
130 7
74629 62887 42191 69779 14740 68469 8823
205 2
40140 40486
336 5
9125 72139 25310 33466 50558
510 7
37153 2468 12839 6120 30809 26109 18302
299 3
12419 4892 65006
281 6
30112 13449 37614 51001 19580 55903
834 6
50978 9774 34706 25750 62999 15802
266 2
33435 35972
250 4
14672 34689 4901 54374
33 7
14945 62182 9391 13649 1521 55126 58910
668 6
38608 16501 47318 61656 71866 53659
41 3
57512 21469 35838
297 5
38434 51116 34926 19026 32063
2 5
44176 14451 70780 74173 72766
83 2
472 47313
207 3
73652 12270 6748
647 6
22850 59656 73737 35561 32404 37887
40 6
75330 53669 50513 29906 14007 16891
874 5
31970 7046 3209 11608 8190
95 4
61825 4035 26107 1495
741 5
35910 20424 42825 20655 15418
171 3
74160 32476 41911
189 4
68721 2546 46627 66766
636 3
15050 34562 34506
709 4
25203 45067 53253 29927
319 4
1590 16340 76100 58670
883 5
36426 21165 19925 7160 55321
13 3
4138 62476 15180
9 4
4889 18956 51718 7422
662 6
21891 48451 67044 5871 73649 13886
264 3
15897 58013 32111
708 3
18560 70796 70648
138 2
69429 70390
889 4
21817 60338 43212 75143
507 4
51576 68099 6573 38867
843 4
67649 16513 14371 31289
403 4
67061 54938 76228 40716
616 4
57416 39217 2475 74895
421 3
46514 73477 11386
681 4
3852 56925 50046 70775
232 3
20577 47122 677
82 5
33908 71478 36599 43037 60702
402 5
18112 71233 35238 7063 58815
358 2
33658 16726
482 5
6181 41041 74513 74006 66236
848 2
66152 11000
65 3
15160 21125 14485
341 2
24377 76038
531 3
51673 57201 27975
412 2
45510 8407
49 4
41517 38220 73805 20239
613 3
33179 16916 37595
69 5
4236 33710 27961 4410 21277
700 4
37440 49408 17490 68024
418 5
73441 18856 914 71067 13437
842 2
61490 68589
110 2
22949 58551
775 2
20420 51727
318 4
13248 59185 73140 50095
825 3
11962 40324 21079
70 3
56412 54214 22278
229 5
11681 70344 47989 75416 49855
626 1
4464
487 1
50710
913 3
70265 31107 16500
181 4
321 62123 42132 30556
703 1
11140
440 4
63529 67180 4845 39310
420 5
32550 37514 5996 76310 16856
516 4
56464 6572 67934 59583
650 2
40173 1189
346 2
35888 36659
303 3
20762 65451 69644
897 5
13762 6115 68521 54669 8504
820 3
65377 35031 29767
173 2
47459 29653
404 2
47165 50430
520 3
71040 17721 37861
771 3
7624 27610 7278
747 2
22384 41301
394 1
63170
807 3
36361 50509 64297
524 1
69221
463 1
66042
659 2
8433 19141
713 3
30801 52195 31939
94 1
30873
671 1
63743
183 3
43736 54846 10071
117 2
15099 53252
666 2
9323 44468
273 1
58071
108 1
653
698 2
50616 10206
452 2
56821 77799
153 3
42232 12945 74446
946 4
503 3865 66059 2023
55 1
4420
275 2
19008 39163
521 3
9960 16656 70534
943 2
29974 29726
694 1
5654
714 2
14100 75574
541 3
29808 46148 36933
257 1
23079
558 2
75936 44841
308 1
54285
359 2
49248 66564
546 2
51073 59786
436 2
33795 21854
450 2
76106 71838
785 2
1144 22079
434 2
11732 12246
829 1
34294
891 3
19954 61078 1479
4 4
3215 1302 24134 26055
757 3
41930 6235 34898
787 2
67322 1199
212 1
8307
155 1
1723
821 1
8053
242 1
17134
18 1
49096
581 1
10116
985 1
34656
443 1
61257
251 3
57556 73612 32167
789 4
66748 60676 21661 43630
427 1
57136
474 1
71219
589 2
31331 55004
79 1
59373
748 1
33661
401 2
27256 37785
607 1
27472
675 1
15330
517 2
66234 32388
214 1
13168
582 1
58277
413 1
49912
496 2
59308 48982
911 2
5608 25287
693 1
10228
808 2
8564 49348
288 1
3714
1022 1
31323
542 1
1401
515 1
46338
797 1
94
814 1
12280
1019 1
49094
428 3
20404 51845 17287
849 3
22504 71060 42989
378 1
10753
898 1
59997
1057 1
17415
506 1
35393
233 2
6819 15455
236 1
50229
639 2
76369 29525
53 2
53360 76628
246 2
73261 63111
552 1
35931
1036 1
42529
455 1
69908
344 1
55917
476 3
41832 27306 37900
509 2
25111 70679
760 1
29611
45 1
11414
860 1
58816
342 1
53863
711 2
25698 24011
101 1
51952
692 1
12322
588 1
75958
884 3
1824 13162 5182
136 1
33515
935 1
24208
367 1
18459
237 1
49044
610 1
30618
104 1
40830
312 1
54725
1015 1
15522
724 1
20736
562 1
20651
981 1
22816
752 1
24658
238 1
71330
1234 1
77200
574 1
61826
962 1
20826
190 1
67284
1081 1
9397
408 1
21751
35 1
50640
1208 1
9203
