23
4191 120
56026 35780 20909 61557 72142 90188 24741 51005 56760 78217 10801 35930 16455 38726 31877 54077 66087 82256 13235 92736 65707 73516 75936 80189 86274 83535 10353 8337 15473 70216 81548 20767 51289 63071 33946 66793 64959 4055 96367 69230 44321 30177 44998 83396 34857 32393 99536 71770 33897 12558 40893 41792 79310 78122 16432 9754 64930 94592 93608 19864 37377 68142 24191 34646 6948 39267 78690 3232 56404 39519 49278 83385 41658 67024 93156 98318 83171 83128 44020 92525 53879 68420 48297 7774 95263 10461 90079 34028 36043 41958 95911 93468 70568 60796 13464 369 77626 75654 64092 62383 85074 63575 8839 54590 5276 57699 77374 1615 80566 1154 343 43143 55735 67133 56630 51483 12828 43820 98674 21365
7782 90
93439 75226 28482 28103 73709 95971 46226 38818 80632 51231 43186 10568 55423 97028 44983 70628 8166 104 74730 84561 69535 14832 78221 19467 74433 57925 14969 17328 31351 23588 56861 99579 45151 87317 38746 80336 31941 51081 9928 16114 64570 27335 87565 50989 52647 59193 81561 27221 20057 16011 35604 31702 15344 78055 33882 82741 86410 75245 94841 53343 58765 28995 95835 82275 35932 79940 50937 97760 60199 33487 199 26993 72780 24654 55201 45555 95930 8021 72989 42805 86466 5881 42610 27413 16209 60762 4004 71593 88537 60902
8038 73
78008 48023 3977 33359 13019 32731 44288 99365 65117 261 78183 42702 87352 19795 82146 4351 23378 65813 80379 65505 93789 92082 14878 21545 76370 13699 86356 60251 77686 53205 40206 76410 28022 55438 33893 9213 82173 25520 40398 90269 21355 27246 18379 75221 48019 54367 54592 68955 2811 46992 23392 68105 47905 92423 37737 52906 27824 25372 39241 20416 37472 76745 34191 92600 13414 95986 96817 19174 16695 53487 8266 17364 85337
1954 51
57735 72039 97527 90947 59557 46768 31621 6761 48691 28081 68435 3169 87930 75938 25335 26078 14084 37264 40742 56468 49615 82128 78761 37782 57595 55129 73362 95610 49098 15634 63956 73558 98597 56998 12096 80018 2980 64900 74548 5942 62726 4884 90234 571 54976 5326 81461 39669 69671 88570 60408
5226 41
2748 20705 2332 37759 31203 25614 9445 30424 55974 2784 56284 61747 27580 93005 29155 95209 2541 68311 87452 56485 93114 95234 52751 74690 40140 69140 75676 61918 12327 49940 59980 52616 53367 23556 81614 14627 62526 64280 26136 59239 12914
6810 32
81974 70256 95644 98371 83736 93380 72678 28414 74432 27274 96923 75545 42739 86863 52222 73844 38511 19030 72014 44843 738 68999 59675 53472 21172 2703 22119 10746 82396 71449 7084 76615
5979 32
85532 22613 98714 79124 6389 82262 51290 53659 11773 74640 4664 14720 18560 69334 45653 14623 56675 38936 57870 51948 29507 36113 4046 33924 16610 23856 14966 71759 49273 7945 2877 69097
2114 23
57914 87810 67474 43568 87273 63688 15800 87196 85890 15526 2173 89996 40785 67753 39122 75077 39020 54368 93669 82386 24299 30332 89336
5561 18
79844 85474 19874 33986 67251 16499 40831 63547 19276 27995 5539 62600 69686 61313 52649 59853 49360 1817
6313 9
32429 38205 44618 79087 81049 51410 7139 26293 75052
3795 8
15251 2353 14338 63364 13614 75653 91391 4972
6769 7
57960 7362 3868 45870 15843 78822 31361
1589 8
54830 12695 2111 82588 66554 48060 80024 74627
4518 4
91036 6342 64708 51565
100 3
9485 61048 81821
8003 4
33021 84260 61279 79652
513 3
73612 91597 22790
1359 3
24352 632 48402
1895 1
16159
1322 1
97093
5433 2
69219 73922
7174 1
49716
4778 1
77790
