14
68 43
11662 45201 41238 1686 30874 97180 68125 68765 82849 63396 47144 17194 49835 14379 33322 54831 84528 66993 33713 93744 4920 65083 95038 16961 60228 64581 24140 463 7507 48468 37081 75995 53981 5216 36962 45539 80999 37608 1640 18030 12275 83320 88959
37 29
65415 68874 83084 24204 45197 94988 38161 49299 74003 70559 68088 15918 97585 6834 59063 16959 20679 75339 42062 45134 36308 87130 17884 6374 32749 24694 61688 65916 17535
31 23
49036 18321 55060 39703 26908 35741 50718 2475 16950 7736 52154 11582 14795 89295 69855 25827 56807 96103 97005 45425 81653 73077 5627
100 14
17728 86529 10787 96361 26092 81327 76849 64276 84661 990 92660 56664 5692 50878
41 14
4 78143 583 8200 1289 90344 23981 25807 33970 4927 3673 25853 1342 77343
32 11
69155 5796 76869 73064 10316 75759 35891 71927 27257 29212 21118
29 9
85056 7298 32646 47911 5866 84017 43925 85879 41149
44 9
93825 11265 7849 25868 14801 33874 54612 89527 64184
33 3
5808 35233 40978
101 3
59880 92801 89469
95 1
17779
102 1
44591
110 1
11632
115 1
96896
