16
812 215
20094 37126 42080 1892 32741 51826 5137 47080 42010 22906 20901 47586 47817 30819 47922 46183 16612 34761 21927 30698 91257 99322 57355 45176 14818 30432 63501 77790 22019 70519 31240 39005 64296 74239 38599 89224 49892 80401 55340 66037 43273 96374 34034 72990 50863 40218 14354 78069 47525 52393 95330 89020 409 41231 44879 56923 69981 60183 22176 242 55918 5913 49332 35503 92401 34683 13182 41212 3768 1174 69039 31038 99683 20903 16010 24324 83513 70210 46969 1102 77987 56562 51645 17042 40150 98560 23849 19425 91237 80077 23969 69138 80549 11060 30806 44221 72041 37767 42121 58392 89892 24721 54195 27232 91803 22880 47046 61917 31535 43615 3483 19201 47194 74366 13677 15379 44630 19545 86543 56639 34353 18825 14245 62533 6027 64180 4837 3397 4431 30048 10846 39636 47730 65260 65096 41555 59700 19813 50618 44336 21732 37110 3668 83292 82084 34500 37495 88648 91113 12948 19735 11097 12482 49507 15764 40537 17221 64644 88507 42002 19170 89722 53892 23414 99434 41296 20260 14167 96230 74365 80925 97781 99353 50445 4163 44825 61684 85377 55899 26395 10882 23395 45229 96346 85125 71192 58080 84099 71015 58640 75118 29469 37913 8934 1667 39366 71452 7594 74396 61155 12877 63820 42250 52589 10941 29044 72841 86680 82263 12939 23226 37721 54646 19699 21109
773 143
70024 13583 85485 35643 89317 35177 11799 10618 87162 99331 27906 83042 68718 50688 4764 92310 8197 73701 7607 51379 16492 12578 64214 24384 38420 79986 35638 6326 90389 89738 86008 80895 86796 59146 84977 26248 9265 61486 93226 37028 46662 47900 36040 42829 68962 11332 55851 82032 36112 9227 97785 44300 70138 13289 78956 84771 5478 2063 40160 96420 8959 47723 50925 58213 27920 77426 22142 79378 18029 49382 15246 69742 92953 78117 73043 93885 45377 5654 77211 93729 38603 10347 4638 13530 39733 30390 86043 40773 40489 84276 43826 46568 33508 13856 99809 10984 14583 49300 73828 75988 96267 71733 72046 31402 87320 90009 75534 56694 26243 12172 37980 29401 47330 59169 28089 81702 55331 59944 25428 14315 54212 55607 16863 52279 63420 66100 3622 98684 13474 58901 30351 95676 30545 51620 12396 92352 94519 11303 88352 82004 1437 56530 48941
196 100
32377 54408 82272 64515 77831 23152 2221 82513 82799 51027 93486 78749 21900 77643 58221 80863 79497 71959 45149 7439 74099 11350 48366 6 22324 50201 7140 97116 79599 64383 48852 80153 62661 51554 18380 95467 87903 71221 42030 72048 56317 91202 41771 78943 55962 50627 85547 78996 55279 90519 6535 73304 17567 71013 51908 44191 88351 92172 53936 30745 46512 1236 86213 20186 22124 49153 92797 12092 42306 1955 6864 4826 23266 75153 99508 12433 13209 93724 95548 75718 89567 60312 50699 69614 14123 78293 99891 45995 18349 74039 53636 94285 48507 67263 77947 53848 40209 49275 7350 26684
414 61
72656 1686 12250 5403 28104 965 12701 70466 67718 41123 26431 67084 1931 52143 16008 38003 47119 39071 29546 84913 99380 61344 82833 47509 65208 85002 2746 84548 12488 35565 80484 30120 33312 97488 25905 6268 70925 12038 21444 28057 37265 63174 42916 67616 37903 40646 13411 23258 59462 19566 26262 46624 81616 41592 85982 88461 65671 25875 12531 15065 49748
647 53
34711 68597 69530 54554 3062 86316 53314 58263 97820 44997 38133 99218 1282 2125 33564 34814 42151 44111 34029 66273 36646 24339 8725 34345 7566 1264 40376 27085 24138 17109 60696 18904 96350 41838 46130 42649 37385 49901 90870 46816 76140 5569 38232 52688 44521 6551 67712 26143 42116 88441 43934 57199 47009
307 26
81774 98727 54444 27072 16194 98036 66068 69547 33019 43680 90036 2403 71382 47767 52902 28555 94871 32216 88200 27664 79268 13275 38525 74085 44189 78138
766 19
75916 91772 76235 96272 61933 14569 96828 70919 99752 97602 44068 25309 20869 95138 11386 15225 83562 49903 69142
599 18
66515 3021 58617 60756 92479 53067 32245 81378 53967 74574 41137 20128 71066 46769 87611 83101 60650 50310
79 10
34736 50805 66750 97682 44710 31074 77478 85372 98698 98453
623 2
78428 54389
63 6
62632 66658 43463 43983 84602 82422
764 4
41674 77302 64623 31527
22 2
8562 25460
136 1
89245
769 2
40214 17743
572 1
57737
