20
4266 132
46253 27494 28163 21067 94157 26467 82930 57556 36785 66733 91585 20286 23990 54724 16891 27658 28142 19286 46693 47193 58804 88788 17801 19877 86257 53980 33571 38366 46140 44506 93942 10735 44500 53932 57515 68147 71805 5222 42158 79410 94606 56329 48844 31955 21590 31629 79779 43228 7770 47210 7586 38916 98963 59354 43774 98880 86789 69969 88731 66610 65151 5638 46112 88481 52926 14178 30972 15226 6419 16572 20367 65088 52000 34364 81721 67883 31654 77329 58824 22951 71084 26603 86633 35222 68663 95411 30570 66002 25010 71028 63979 86710 35243 5367 11060 72550 16298 49290 31196 37824 96794 50802 67583 91482 24750 65690 38191 48136 75561 13867 4398 84389 72805 9072 32752 97140 72300 95415 49162 46758 48464 36849 79302 51725 98935 12348 2412 8351 22646 33603 32114 46509
4300 104
26099 83843 46934 22853 30572 11200 84750 93238 7666 90891 41637 42631 83841 64921 92256 86659 65440 44488 93533 47713 99451 87728 9083 21431 29162 45301 9975 28566 54381 18113 5927 83746 79357 63547 80569 44747 20942 62281 59880 14408 84859 98383 18550 83101 45830 45717 73059 3146 57200 59779 42526 24402 36525 72502 97484 81852 84379 91195 3250 84904 60844 91086 52001 96184 63944 69012 34865 8995 71616 69604 51553 45398 45158 41402 84510 42333 4980 72670 44242 12351 70857 23692 62074 87122 42474 78180 95209 15075 42653 66922 30477 17627 92394 9020 50457 80706 16727 68115 57391 90613 71583 41987 80175 77725
6707 79
78149 17668 86790 28400 44979 36845 19780 55 50942 4720 93375 7761 34248 49749 13391 65884 11372 24604 34348 13099 87086 21373 60128 69537 61348 63940 43738 15673 83427 67249 95203 26444 67726 47612 17108 1980 50321 82573 18190 94909 92828 89761 96824 49951 32038 71440 92963 27314 49508 29102 64421 95911 57097 21813 29342 41432 55832 38170 67844 67173 18395 17229 95737 45042 85434 87872 4751 35925 42957 89974 22678 9981 73949 53218 51721 57136 72745 83516 67259
657 43
72179 12473 4298 82979 21611 5499 30328 3752 63260 65813 68233 49230 55110 804 76723 69622 74533 96755 33236 3223 23970 35264 46916 2101 23434 39003 84318 29237 14809 1143 74144 77480 57472 37268 51854 34046 27171 68088 23179 11414 76589 17216 72421
6363 40
47966 96024 13269 23683 49062 69413 68916 86601 43365 3249 89073 42560 92825 77475 57448 41436 59249 86517 18795 68526 19399 25558 23215 41821 19960 56585 6570 79228 53091 42570 89479 5190 38144 42388 93177 53971 26523 49288 27835 82550
2425 35
94019 82982 29725 96503 38594 48472 9314 8214 17052 79394 49140 18107 41366 14728 97721 3737 60328 67838 84715 24111 61698 26550 48091 90554 87440 86816 61428 98868 97147 3800 27697 31906 90397 23283 5292
5086 18
26832 19279 4164 13950 62925 80000 82432 23599 2933 94115 24432 17938 93106 26428 4806 25607 1053 24711
4513 24
8969 79561 28221 10111 10882 95550 33144 84660 17458 71014 61831 52116 51895 87235 89306 24860 48936 87370 52535 94729 88809 62476 28229 89043
1734 11
23559 31984 3523 60873 85289 74145 60282 64462 87223 20501 3075
3393 4
88418 65318 6889 53966
4872 10
74513 29400 26377 4017 89120 87629 66269 41017 76501 43334
6238 4
74268 22712 7292 43651
6459 4
24028 45372 78504 92995
3775 6
4026 59530 99404 71623 54854 68337
6748 1
42198
271 2
93760 40059
1824 2
98743 47257
4666 1
56903
6396 1
50636
3812 1
49683
