145
8830 9
24019 84489 35100 13969 16815 21994 73801 53111 22677
348 10
72258 26803 67573 52831 1728 73239 46855 1905 57446 33685
3141 9
9078 32048 28538 83696 63493 10889 16896 58690 52089
605 10
16082 42287 34824 11734 42914 74543 6880 48084 75652 7710
8528 8
82743 43454 44749 81317 70024 76053 12654 35554
4306 8
35549 10360 58603 42637 67745 39942 70337 21311
8919 7
47416 66129 33275 63065 28592 75487 72709
5442 8
77687 68353 15605 79378 42274 34218 72609 34743
6009 8
18889 2192 6099 16601 83582 31152 1919 29159
5984 8
62487 26898 31035 66284 5094 16762 81114 1184
4595 9
3589 13002 24254 30390 58685 78898 34483 78555 25051
10198 8
24949 1271 60831 14443 76923 33658 38899 48987
1688 7
10968 11092 68399 52133 75965 20104 39184
13595 3
67282 47229 8259
807 6
71185 17162 1699 53107 51752 57209
5827 7
81005 1932 37784 82301 21510 45652 42388
3370 6
34273 76615 46621 39021 28914 20850
426 6
57156 15429 5740 82576 83347 77216
12418 6
85148 14156 73858 21675 58163 75014
4149 5
81426 70420 48773 68566 31075
2409 6
33332 79012 52486 47074 18445 6218
1393 5
83549 18295 63409 12966 43464
3606 7
11868 33280 8812 7787 28177 53993 58959
11395 2
52011 66606
14581 4
31589 34203 52517 6145
6502 5
34834 52525 46067 34404 46624
13926 2
43286 65499
5830 6
77550 84012 12132 16345 61130 14531
2714 7
12147 7735 61172 32710 45115 48945 34193
4677 6
5286 79673 81486 28605 28129 83898
4218 7
81635 44905 73513 71427 3114 41633 53361
12282 3
26600 61287 17064
3068 3
63667 72795 78272
1043 2
74762 21462
3306 5
23375 70523 57011 11990 43760
3938 5
22188 69691 71988 56873 18748
2603 6
47259 71943 70303 22145 25843 56909
1875 6
41312 39427 48039 14669 54833 6714
10195 6
52771 8796 33030 32061 71306 29144
3565 3
30953 49724 52820
397 3
44804 54688 48419
3541 2
8402 32644
13498 3
41695 78945 38115
5112 2
46999 48542
3464 3
61766 77650 23298
240 3
15112 41982 59804
6155 2
1996 11730
6208 5
83345 46891 84529 72407 34482
3382 3
19481 6176 59690
785 4
33854 65327 49635 15149
3121 1
15643
4118 2
58595 39909
6992 3
16258 43637 59869
1191 3
26341 44176 80404
4184 3
7325 39081 60447
5644 1
77726
1072 3
64224 76762 42073
1467 1
24756
3136 1
62821
5938 4
75542 51839 66150 10349
13372 1
31416
1987 3
30194 12152 47887
12130 4
14143 44215 34285 45167
1977 4
47269 21109 33203 49126
9844 1
14881
9633 1
8587
8802 2
81102 28543
2238 2
69961 4824
2082 2
40298 37517
5530 4
74990 30046 47568 81454
4126 2
4376 35997
2270 2
62766 72377
2536 1
7487
11495 4
48397 68463 16391 79678
1941 2
71310 19871
2626 2
3009 85076
3407 2
13496 3309
3301 2
54969 18914
9896 2
37731 9233
2831 1
3833
407 3
10200 52927 80396
1141 1
73203
4907 1
65715
4258 1
73387
1624 1
29035
5667 1
74497
2587 2
13775 60754
4358 1
77400
1085 1
51303
1596 2
5288 58390
7191 1
41207
475 2
49858 25746
5617 3
8449 76675 56248
10883 3
81687 27744 39662
14073 2
79843 83710
4914 2
209 65620
4271 1
46460
1914 1
41716
10588 1
44956
12537 2
70181 63106
3391 2
906 26825
3649 3
10415 3330 79772
5707 2
55045 48881
1542 2
58819 52285
2332 2
84593 60173
1151 1
32378
4 1
76934
2725 1
18947
12515 1
66043
1050 1
35065
8622 2
7541 54158
469 1
53727
14668 1
49370
675 1
8523
5018 1
71861
5236 1
43282
5291 1
47322
10435 1
54607
9416 2
303 24664
14443 2
68820 75427
2949 1
11579
2208 1
5705
22 1
85154
190 1
10476
5846 1
57837
6543 2
55545 19063
427 1
40866
144 1
46710
1174 1
3132
5504 1
12763
4763 1
82046
6376 1
11067
1886 1
38408
8806 2
24896 78999
5953 1
47549
1027 1
6867
2953 1
74944
6331 1
68950
996 1
71771
2761 1
79612
1316 1
30931
3603 3
69394 68341 43444
2664 1
37467
5535 1
25933
8516 1
77344
