8
3057 160
21480 25592 65855 31601 77409 70939 66632 75007 94286 72798 66172 44850 80110 68864 6917 54790 27343 16798 97344 4147 8178 80967 78797 46946 96852 45622 78301 12272 74534 43412 65757 98630 73099 82760 41675 44158 53002 99324 44315 91961 93525 82226 35233 19268 73640 34101 56318 12202 10742 94099 75969 20173 2001 14540 88192 85993 46330 92305 33796 35962 49854 75535 96434 57810 40143 29054 14359 81583 16390 48652 35765 74519 19287 80131 76238 17314 32331 37139 73401 28573 86034 124 25253 59832 49634 65183 46342 86407 49108 66497 79109 21598 63621 18371 85466 27651 59710 3697 441 94020 93750 56119 97189 16304 28106 62020 108 71834 50453 48511 59160 84428 92914 36220 59532 91136 75177 6811 87996 14940 41471 35142 55348 66189 40956 15371 60201 3205 58239 15805 91525 83220 36247 28703 17754 85176 34136 64439 89983 63516 54319 14628 95127 27854 26382 96846 17115 26883 55293 63456 25255 31549 3473 60878 37686 12467 1826 14263 78836 33785
2985 55
22407 3932 8585 80767 81281 38102 72682 5295 1601 40668 38182 50898 24024 40519 27662 96342 62934 93062 4667 25822 43162 16058 67529 62828 77957 7474 63946 96117 65380 62200 85720 83778 52523 97923 91022 98224 24839 48408 14553 81144 61589 88047 22962 16588 74495 86228 515 44673 11014 9751 43401 39947 47242 41226 86702
770 19
80595 85432 96225 9936 54434 1351 45171 87778 80364 75707 60218 44602 19524 35336 28900 31396 21969 11599 51881
2669 9
33537 66501 39312 26080 24770 83558 72948 71142 74058
1361 1
98625
525 1
88005
3461 2
36195 44765
224 1
49514
