6
365 173
77310 745 14923 13744 35987 31845 43606 50597 17076 27776 74623 45523 78965 56396 45453 75161 52315 7072 36691 21926 66623 40240 11809 56375 75078 76468 7631 52721 71294 86703 60175 1879 52077 65608 82780 81060 75147 81576 31696 27701 9908 18250 5945 34706 54157 81852 67126 80062 83176 16624 12149 40310 58172 48953 11102 24898 79543 17785 45951 21257 50550 31325 20793 45700 28915 51998 3408 80835 15768 8253 35683 866 44361 77281 40306 57273 64208 47202 40564 8444 17185 17194 82699 6007 40048 47592 5560 77214 73332 44379 41587 63875 64622 65176 11 17335 38176 38906 47110 84654 80687 78170 47906 53636 55295 71568 82334 16507 18155 15172 40269 74449 34581 79436 20690 10824 35854 85584 64913 80786 58432 71513 51335 24676 77831 1358 43376 43251 69894 76011 29639 53779 17040 20151 47314 36506 60797 54 27579 74838 80647 81067 85606 50990 53703 45425 737 2928 53847 16784 71880 48744 84064 45101 14605 61445 73231 25137 3162 36468 62069 11898 29311 58533 8951 54562 28457 63886 44439 12224 68561 2526 71662
1930 64
53244 81447 70477 63707 39669 74620 37950 15365 18205 47531 81663 13595 63983 66818 12602 38387 18669 39844 47285 67481 80633 55825 20650 19824 51454 48548 43420 41726 66848 68960 8902 7959 77197 9048 11040 20662 32140 58026 63044 21781 54469 13886 68487 21491 84828 45870 40546 63684 16786 1698 57295 31342 60582 71360 70715 62953 41215 35970 69019 53034 42925 63851 85492 41976
816 27
77646 69728 70894 77172 30954 17819 72993 32010 38947 39479 86430 13905 27884 15345 27187 30424 65567 16393 37450 69830 75189 31436 5083 9799 49373 50406 42223
5308 8
17146 52247 80384 44499 7337 75704 46692 59730
1919 4
34605 84726 58265 75574
5058 2
13047 64315
