196
13554 10
50980 27890 62270 2715 81333 42543 81443 18176 76807 20760
10479 10
3246 8435 74967 52502 77388 53822 9110 25862 57751 57208
1773 11
40074 56861 24245 39369 48525 81489 74571 5966 62398 77319 81257
1380 11
46218 7764 80943 6378 7800 50683 30292 80266 20464 50852 39938
1596 7
73002 21873 82674 9767 22595 78209 48666
2157 10
34541 34779 70404 60835 72185 23101 53398 25559 39165 56556
7476 8
52369 56487 69435 33024 27811 52202 39907 56492
3430 10
29554 37928 51391 61052 40603 32024 80191 40501 59297 6122
2785 10
74835 56092 73138 52959 84418 37526 78555 77022 5037 31041
15760 8
54417 51414 46309 8721 40301 11067 35630 46021
3187 8
80053 55160 68908 34614 11045 24448 57482 32004
3439 7
42229 67594 37402 39650 67379 53065 8881
1429 7
43890 68197 63276 15549 29835 63929 68801
11256 4
57 65676 10997 67310
2919 8
70690 33918 55182 35057 25624 65490 25315 47352
145 6
43215 1291 28011 50171 601 61167
4097 5
82264 39568 63125 29524 68981
1916 7
69829 26382 24341 57475 830 61329 46108
5160 8
38814 54949 45366 18462 16417 15050 67280 50641
1679 6
81380 10044 46473 50528 82532 67645
2051 9
42590 20016 73979 427 83566 43642 1921 82212 64184
6797 4
61043 16550 18334 50863
1434 5
25549 84856 49587 5907 28408
2310 6
78247 59460 25711 51252 30323 56825
9226 6
67012 4408 23627 77784 74094 3689
2739 6
26736 30753 35991 24676 8175 2811
15020 3
27672 79335 25834
365 4
39563 48921 27797 80914
16877 5
34190 79283 60713 71225 80982
3747 4
75705 24393 45030 62196
14515 3
72264 76969 37650
1528 9
36876 45342 45220 78725 54894 34539 55843 32340 46373
8570 5
41919 67024 58510 57473 25552
10638 7
76423 81173 26422 36454 48276 12892 83756
3224 2
67877 49896
2962 6
65327 75462 60444 52344 8217 19849
7432 5
79315 37779 57562 78330 79412
1903 5
68137 56799 5402 4963 77426
3960 2
17877 11540
8140 4
2648 9555 67537 83207
11541 3
7862 9713 16695
8668 3
23533 29583 48181
7545 3
66923 67892 12718
9486 2
58637 32780
955 5
72523 77661 68808 3664 78805
13624 3
47577 44641 73639
12014 1
39886
10288 4
15985 55274 38183 59716
2170 5
19663 42940 73568 50071 26617
5675 1
60993
3485 2
84969 60848
4121 1
10843
16207 1
71368
13107 3
82556 41084 2663
61 3
32805 40978 44520
50 3
52864 74784 20924
6090 1
23827
1114 3
36231 38350 82325
3418 5
81886 71817 57710 64973 54407
2741 1
4174
6940 1
71438
504 1
62164
797 2
56734 18822
1941 4
80337 40163 65376 75653
15203 2
22049 61278
9861 3
50438 72949 11211
10398 1
23304
11119 1
68442
18296 2
47675 18514
10299 2
366 26840
1013 2
763 84776
17099 1
71861
17478 2
31949 52434
2566 1
42911
13017 2
55001 59850
4819 2
55965 65115
3232 2
5158 7415
704 2
42638 7981
723 4
84184 30917 81177 58137
547 3
25092 69889 27980
7061 3
52994 19368 36120
18619 1
46454
9564 1
75540
13103 2
53730 32928
13075 3
30551 22664 36900
16621 3
40692 46706 28642
2220 3
6688 61849 18353
15151 1
16999
4894 1
71546
1664 2
21405 58572
4509 3
6188 9296 22778
10972 1
64450
10784 2
33379 82764
16297 1
56359
15023 1
21476
2526 2
27886 35137
12617 1
55796
16203 1
27465
10449 1
41137
13629 1
790
1765 1
52901
15557 1
2969
3322 3
58132 26850 1905
8205 2
2525 52058
3414 1
84621
411 3
54841 4805 83655
15205 1
52343
3550 2
58689 48165
5580 1
40331
10745 1
55458
11138 2
25977 9222
2480 3
82768 29318 74654
682 2
63341 43242
3018 1
42670
10616 3
38087 73084 26638
1150 1
625
3462 1
17075
11068 1
41367
4932 1
31240
1490 1
854
11544 1
12274
2746 2
16397 21138
3469 2
57393 31848
16093 1
11484
5446 1
3059
1745 1
38023
3268 1
29026
1266 2
67714 52646
6221 1
54823
14293 1
36745
114 2
83833 34632
8593 1
74523
2176 2
81238 38871
2660 1
18691
15088 1
15763
18649 1
29703
3191 1
61304
2174 1
77619
549 2
26592 77580
15951 1
48866
389 1
15361
633 1
77722
5805 1
62279
936 1
30332
1870 2
8232 8569
1943 1
25341
196 1
41868
10296 1
24819
2434 2
7323 19243
1346 1
53177
720 1
55988
3611 1
37689
10514 1
25366
13920 1
22770
15531 1
10282
16493 1
16828
12769 1
13631
4555 1
53660
731 2
15592 63289
228 2
84346 74646
3540 1
4270
869 1
8482
6257 1
40662
12082 1
11760
933 1
996
1509 1
43617
15615 1
53574
15095 1
15921
1938 1
78474
488 1
65161
191 1
75651
2744 1
19833
1305 1
1868
2506 1
75639
3076 1
80087
993 1
35156
17 1
77357
2230 1
79858
10817 1
8810
13667 1
52396
1551 1
50063
2235 1
33113
6843 1
16051
3053 1
68549
2245 1
64405
3369 1
16592
1728 1
82830
5789 1
10201
3610 1
38115
2502 1
37999
953 1
26383
2943 1
8563
1043 1
66380
2603 1
29729
208 1
46916
1925 1
11206
