247
2196 128
18163 41820 8522 23543 38126 13467 42843 2398 4987 24789 8287 5434 36774 21900 14222 39316 9192 41539 28170 43401 32084 33850 201 16488 42377 30706 44718 6138 26780 28633 4261 4031 31641 19735 40379 16436 32475 30148 33249 11582 18940 34368 35103 20712 39966 32653 24059 31330 42581 26123 40508 34374 35203 36707 30675 17990 23953 20989 42550 16499 33455 1029 195 36652 14771 25464 6268 29615 15373 22936 19024 43316 29149 13526 33126 8762 40232 6338 14150 28114 24100 7865 19893 7108 23247 22754 39768 16936 32872 40862 39962 780 25061 26110 4199 15418 29658 23603 22047 22503 40320 29157 26275 33445 9065 13811 24187 35372 2940 39025 16525 627 19324 35457 35655 36604 31571 18164 41977 37863 27216 23031 36626 6146 2131 3190 36476 9395
5851 85
36370 43930 25817 942 30926 24331 31905 43990 10611 27851 30190 43607 28508 14683 44674 30302 6145 42820 3319 38332 43079 2047 11208 19831 10781 38374 33440 27316 20258 5957 21451 18913 16165 19585 21488 7016 34861 30287 3833 20633 9002 11100 42135 24854 10030 23336 1677 36998 1088 6242 16710 11524 34525 35186 4577 22683 17314 1155 42365 7052 13002 42266 40834 30521 25607 26253 9259 17567 4768 24945 26283 37084 15201 34727 26084 14153 4032 64 20818 32982 39232 42220 8152 873 34384
84 86
14053 20352 6455 41659 23669 22841 40724 10398 14807 15658 22831 6950 19096 43435 32086 9575 21322 28887 27896 22218 18414 13937 17051 13027 28883 20405 31512 30877 22931 18350 3790 39743 22963 22406 36217 1255 30956 10880 24921 37741 43182 35687 6362 31685 30230 42217 27533 417 31090 23702 901 42651 17325 21198 22371 22678 31292 16834 36918 8301 42041 24840 29590 37240 21823 30205 1301 758 735 16622 29638 23188 21579 24654 5667 34925 33113 14211 42403 5654 4682 15915 34541 41779 9102 34366
2509 85
29572 28004 35464 33142 40614 4584 31024 19936 32362 36642 29482 28543 44844 8280 2045 17909 17829 9059 10040 15287 38144 7268 14949 9375 11053 34187 9467 44570 29807 26087 21667 16309 27252 7429 41079 36736 8219 11882 34928 10613 23828 12658 31748 37722 242 20359 294 23959 27081 39256 32419 1112 34369 17978 3410 25021 42047 28869 1609 42439 1303 21129 17116 20163 393 38988 17619 35318 43384 12366 12466 13722 41203 19105 19967 22784 5266 2641 3990 34409 13507 8486 7275 38064 21079
809 84
4223 23120 6558 19943 12635 3614 20551 35319 34862 22981 41050 33507 35749 34251 27400 10939 27818 30788 20782 5690 8450 30811 21790 10055 34488 25152 21185 18303 26198 5171 35884 18076 29817 6203 14137 38874 4179 3682 19126 33662 18915 22137 7637 19707 25563 20899 9864 41684 22850 31595 13716 3390 12771 39905 1874 6817 31171 19062 42176 12595 1682 9429 39483 27293 23973 1597 9180 17650 11678 4312 38280 19098 29410 7647 33282 28618 23217 26894 29359 29944 22434 34029 37797 17965
378 85
1469 21999 19036 18866 1584 30244 7777 42933 13733 18590 12697 22983 38699 11901 13877 16362 44219 13706 37364 40846 21355 27085 7292 43220 34769 24621 15880 30769 20114 18804 37249 11277 36861 37831 247 14482 22022 32854 6195 28802 43580 25003 810 34400 16195 36598 32505 40299 9640 5849 11773 44566 26147 43519 26231 31562 7731 28997 39313 20742 26987 30618 26753 6139 37206 10495 16703 38754 4241 41887 40902 40849 28875 7729 38515 30385 43724 9418 12671 4693 28290 35555 21431 856 31507
6044 85
43085 19120 254 26884 44485 19248 33929 2112 27777 40720 43848 42264 38378 25326 20607 16018 10341 36873 27661 14837 34702 6557 36141 13521 12645 37595 28427 22791 8536 33432 37411 14973 8696 6960 28246 17320 9309 23754 4818 31619 44015 17817 37243 22668 33363 5253 24711 20234 4623 1149 30489 10678 10318 8549 41670 14748 30703 43933 111 33518 1898 4830 1024 18931 25807 39976 24219 27432 26632 29770 24608 11083 17802 25594 19785 40529 25809 23436 18633 21207 31039 15784 2844 10691 43982
1313 85
12451 32176 11876 17050 3338 10927 5364 17310 19794 5257 887 4204 9580 43036 42878 25291 1191 18006 37535 17075 39854 3192 34607 2590 34997 23858 27806 34394 27184 42870 5022 25277 8190 20714 12526 28401 3075 14646 8713 7828 20838 35599 15086 42699 20187 38705 26514 29040 33183 17541 35778 3132 9725 21750 1533 21859 37997 11840 37278 27565 22979 30868 13885 25748 29636 10679 28232 16733 28177 5718 5922 38950 8565 28251 7957 38451 18408 30723 19226 15325 10046 18976 27586 10993 40606
3152 86
14442 7029 7576 6758 37893 10874 3485 3310 33307 39425 15034 31376 35826 15678 36314 14199 26191 15847 33799 2086 24153 3115 43501 30022 3985 33961 13488 36363 30215 11772 28840 8894 10925 20891 15630 1068 34483 3545 16272 43239 2812 27986 26803 44072 34459 42953 22224 26918 7895 4836 7373 38176 42962 31522 1016 40744 24409 18495 14272 13328 36335 13239 40500 29528 41517 10837 21338 34219 477 23180 20342 6801 43397 19723 43491 33368 36762 27237 25864 23337 43430 24700 19810 2413 23259 34310
2024 85
10813 14378 405 42168 14856 37648 24293 39664 12788 43321 5595 33671 33376 27929 3784 18120 7579 6439 4664 30069 31861 35762 43056 15911 20856 21552 37168 7699 15164 38215 40182 24657 31523 22721 44166 39201 33639 29311 35893 28117 44523 15124 13610 34855 39954 40904 37989 33720 2564 1221 7452 44047 34699 19262 25364 26230 36655 10584 31077 25483 41157 19475 27350 19127 34714 17642 34645 4121 12193 23250 11325 985 33958 34863 31226 8384 4205 31051 18686 36720 3490 4947 9170 5850 30731
1524 85
545 6131 6325 17855 40816 4378 17110 14149 34196 7884 10973 43072 44733 24417 13797 18442 41449 27700 3867 4906 7458 39796 17985 6419 39026 37191 12791 20329 24617 23274 30153 4781 26798 41015 37315 11286 3100 5421 44689 14054 32314 25262 28839 32527 17518 2033 20836 32905 35592 1250 36793 25128 27599 26638 19356 26185 37546 25016 37953 43084 32861 36368 21855 22226 8600 18944 19495 2552 43194 36898 41408 15566 29968 37074 38023 30582 22346 40462 7805 5504 23013 33634 19813 32927 31450
2950 84
730 14251 21753 13319 16327 25571 22793 12694 42579 44349 33392 2931 17302 25548 23790 18697 28967 11761 10010 30450 22056 37097 18431 12665 3627 648 20456 22755 8627 44327 2799 25112 42212 22590 3277 29025 29348 9385 41168 4803 7888 18755 16507 42166 16117 27218 1754 42093 34068 5341 5144 1802 19490 15955 19013 23216 164 429 31762 20694 5165 42641 44144 5338 16302 3034 43315 38551 10573 28096 38449 23138 17161 10537 8446 6150 16366 26473 39656 33770 23761 6070 41065 36794
5743 82
1488 5281 37723 41571 17423 17253 839 3077 15415 9644 15881 32694 36816 44377 25632 18926 6929 20894 41586 19963 15816 37316 15508 27 14107 23764 26621 33355 24738 44699 6997 30224 10144 6120 9196 5615 27927 42293 34660 1107 6245 34565 43348 38610 29842 35981 40163 13968 16123 20183 774 21117 11899 693 25279 26133 3153 1543 22970 43466 21922 36436 5907 7761 34447 26300 26215 31475 23476 43661 21033 23068 41111 37422 2878 33258 16564 43164 4282 13001 18277 11031
2602 82
9734 3712 38693 24031 13624 29612 35636 21138 44800 3896 11116 20783 5645 43126 5810 7058 22748 5946 14601 6463 17790 11541 21436 26601 30495 16999 44831 42404 9895 8314 19647 14848 11915 5082 38888 2369 29010 29787 44021 37551 5991 41732 21998 1935 7605 32777 28083 11343 11110 32811 15133 2985 34141 33865 37489 3628 43167 8580 16706 29151 18820 9909 14406 23778 41772 17044 41189 3300 34915 16788 13956 7975 38765 31374 44815 26818 36023 21004 8825 25589 28672 10111
1985 85
24130 39578 6044 37994 40470 32915 29887 15095 33532 12957 43538 3222 645 18817 12561 2626 1957 39281 34830 26825 15383 36292 39380 7844 40650 3121 33746 7794 24316 30623 15519 39198 20581 19483 13008 5495 24913 1457 33738 35292 30468 14643 43843 33796 35583 8797 1642 32102 35948 37321 36087 43647 25180 32873 42251 2010 39182 2789 35108 3660 31609 6941 20576 4165 14485 24922 29704 25308 44678 579 14895 33858 28349 29075 1593 42385 4343 32573 17067 31692 44725 1093 10262 16510 6090
4453 83
19540 10997 33758 18501 16828 10452 10519 996 22272 21830 10934 19877 10331 26426 27373 11807 19381 20046 41183 10119 23977 33797 37377 12755 29120 6334 26597 44001 43272 360 1259 42758 25740 3996 44034 32059 13392 9645 38050 9569 7481 31340 6647 9765 36374 20813 35418 14434 25494 15364 9324 25378 43866 10413 42203 21675 6318 32115 15992 39555 36512 19407 16038 42817 33138 7038 7399 39509 38385 19959 21805 37461 25216 25429 18844 27947 39720 13680 35469 36965 20620 5196 31520
784 85
43778 377 21054 26756 36569 17305 14174 35047 40052 31857 21558 32991 21427 21126 35148 42349 10642 4561 32227 14223 29218 27939 18824 12416 24671 36653 17299 25041 39524 25769 7191 29290 23282 38179 37389 19486 30576 15399 41448 23076 14853 42715 36906 34430 9495 8538 22909 5579 1598 19479 26823 4756 1596 23952 12067 28977 20227 33545 776 15267 868 32936 9313 39906 34364 40063 41061 28939 8730 31944 35548 530 13309 41685 29456 13419 32075 43626 29057 15048 39475 21412 35467 44626 42667
2941 83
9245 33197 31145 29774 39012 38675 40292 37508 26796 19648 18413 18041 31115 10754 34724 42480 15468 17826 39831 28316 37233 117 44724 11106 29805 43945 18921 42469 31659 2771 15517 31285 14814 29580 28080 32196 7225 42380 1181 15853 12813 3488 41275 17808 26752 35619 33761 11563 8793 5025 28861 5675 30920 39641 16859 11823 12571 18857 30959 22585 41058 32339 13048 932 14652 17721 43199 15563 32613 4557 33067 41358 15550 40220 10493 28637 15717 2658 4576 42965 3351 19460 36550
708 83
24299 5559 6818 21179 33397 4593 2748 10910 32577 18996 7390 11388 29204 33884 31739 44448 41210 18214 18274 17539 29526 18848 2278 4384 2936 35777 28682 26895 23158 6329 9284 1941 44696 14204 42602 6217 4635 31325 1541 36417 1668 14355 3807 2571 14284 33574 1741 40258 42036 1876 41753 15740 4522 41388 15625 32950 26368 30907 21161 156 25728 14587 29013 29811 6584 34951 28592 12079 9499 39029 24149 2217 8283 30064 10109 13562 42937 5467 28915 8866 36546 41340 12890
931 84
37957 500 36170 55 19049 19566 19939 21852 34334 22696 13878 25306 32675 35915 37757 38497 34972 34432 2553 312 23320 19848 3819 14568 22914 36313 7921 33570 8771 29408 4615 13678 27240 12471 5458 40041 44740 26441 23088 36452 30871 664 12380 8009 5181 36722 23716 25516 33727 38200 33120 33147 9357 4062 16940 20310 14489 35488 21808 33636 39086 16090 22362 32122 4730 23831 43951 40092 25130 23730 20346 27273 20119 19582 768 12783 31710 32041 30327 33139 19722 22709 13235 10082
1574 84
5728 33852 26526 21341 19374 21327 22424 25605 6897 4578 24301 24484 801 3180 40852 20858 41076 15958 21142 13477 19855 34481 6946 32025 44575 26073 21310 18451 5244 24450 36458 8459 13323 13167 36110 37153 20614 39153 28241 33877 41822 14165 5551 34871 30617 43376 43674 15072 32586 43088 40083 30673 44095 37570 20505 12094 25102 656 19525 10579 15 22690 40610 42362 17436 13809 13074 22237 8911 37235 32659 35229 18694 35031 31071 2810 20330 32177 44392 26118 33771 34693 20100 7318
2055 81
21262 12351 18345 38412 35256 20659 37780 19238 9879 41459 24616 40654 35391 35341 3283 8343 5333 39710 16231 24247 8363 27723 38787 16926 5373 11281 12195 3045 13626 14309 5828 38220 37246 2159 8046 11992 4954 6001 2499 14263 26690 639 19017 25434 11505 22512 44104 114 35986 20308 32166 43611 43083 10976 3363 24099 40313 30981 25009 38789 16504 42803 37935 44741 8812 2412 41366 9851 517 21095 2406 39741 31283 3894 26689 22175 25267 15185 34050 14457 39200
2807 85
24056 24681 15304 10856 11264 3249 31953 35209 10738 35930 42399 37293 13303 31642 23610 42707 26874 14011 23975 3118 40841 5064 15094 41223 36431 3306 11442 12923 31680 44272 36731 25323 35383 25834 30371 34291 10798 32826 40603 34594 37219 20589 33084 31412 18858 11431 17376 33775 39755 42262 19597 27480 22953 33322 42285 22875 39358 30109 41916 35452 18243 2378 1058 32925 25773 40085 6418 41306 18075 23257 590 9303 2756 25546 17555 37868 24716 42669 26139 40162 43972 14138 29785 11809 17352
1908 79
31387 3813 27631 40751 43065 37576 10970 5178 675 9792 4943 8161 26325 34820 38879 17033 9984 34356 30218 43436 1210 8898 31576 33271 17589 34611 41346 17409 15080 37114 20640 41345 9794 40213 20503 14463 7493 40204 25716 16410 27812 28412 1575 15478 26310 7377 3964 24618 3237 40159 31432 9685 21289 27115 16426 19747 27919 32993 19118 40013 36753 38975 9195 8490 34150 15823 34672 3128 37866 39907 6912 37941 33527 40079 36946 7415 30454 16004 4439
3141 85
14535 18297 36527 21313 13143 27792 29617 21608 2099 43465 22042 41999 2279 23379 43624 3370 9223 39162 9370 29675 27123 39685 37651 9117 8586 34806 11896 44253 35337 1722 3346 5603 20958 11877 6560 37167 41328 15229 2562 44199 29375 2877 4957 12023 12325 40378 33795 33284 13510 19023 8391 22398 37193 30538 11298 38571 44311 32833 2754 28288 43472 22361 44319 44820 19965 14605 10070 680 17523 19367 24487 15238 41743 14201 4328 20029 41272 9413 34349 14141 29455 40615 9133 11130 28252
1933 85
14206 35182 9181 41950 13758 37484 42328 9096 26518 6216 17868 41516 16532 41252 5337 17273 13453 24148 10701 34685 9111 18359 19334 11960 35289 34263 34955 41405 36138 33019 41059 31981 39050 20741 32277 19298 22750 27538 5502 42935 6681 25455 28962 38102 8651 29158 11667 12530 345 13126 7973 6279 23780 26928 18056 37795 24060 44143 12596 19871 15363 44727 24909 39322 8125 2832 26555 40659 42359 12133 2930 7626 27310 16627 7266 17286 12225 18922 7706 26871 24726 8823 1042 43358 41830
1646 83
3367 17263 40057 28286 31011 33140 41472 25383 42585 37792 3668 19987 33334 41695 15504 20999 16980 42797 24526 14542 33251 7477 26522 30793 18807 19762 35238 19305 15811 24668 31536 12075 8709 11501 6254 40728 18546 20561 42363 35716 10818 9815 17911 24524 3966 3610 31810 4589 19770 4796 14569 14958 35900 40802 5155 30834 23052 32516 8533 5701 25233 18537 9560 4970 17313 13860 9204 19591 21861 39701 22303 35188 30423 19277 1298 36351 2312 40009 27441 9494 35735 7370 8853
439 81
28304 29387 26093 18992 42509 1866 7352 8615 10393 16958 31781 19252 18380 20452 11699 17852 30180 7255 38691 41347 8253 7465 40349 4462 26430 12775 9994 29267 14472 9500 26661 862 28320 13006 5242 1742 44802 2612 41105 7704 30502 16190 32773 33330 13430 33261 998 37955 30112 4689 9657 13429 44315 41917 16095 23488 39244 23597 35822 33663 15060 24783 11562 30430 7681 23636 39178 12620 22580 9175 26791 1564 29449 26120 1887 18584 10459 34568 42617 28499 10466
818 78
22894 19955 20559 9167 11512 32161 14637 32091 9830 5748 42781 12020 10749 42976 32904 35943 40970 9743 18869 26836 25521 35953 18821 17494 2724 37248 3439 24354 41811 23503 5336 26764 29839 27805 30950 35385 33022 35721 18518 27098 25926 13448 30366 260 35833 30335 7307 34593 5335 28873 37891 34632 8564 39218 11970 4342 20017 295 39448 32564 42215 25671 36673 38942 30184 9188 44438 2150 33085 43512 19183 2673 28573 16837 32032 42825 42777 20964
142 83
29779 43282 39849 8768 21536 32583 35573 20296 31966 26745 43183 11738 40569 23014 15215 32750 7671 31702 31056 13153 40179 7581 38362 9701 26786 23720 22862 12117 14064 22325 24156 19632 22251 35079 37993 15558 36473 32645 29912 10843 15139 20289 31122 10165 27643 7798 4160 19660 9009 8147 16416 777 24888 25373 19480 16285 15413 5164 36840 20710 22035 22732 30242 43012 38238 41736 13045 6402 8390 19731 12273 19787 32836 1749 34935 28589 20947 19070 29501 16393 16895 39933 12641
5364 82
22044 26244 28000 28553 14075 36288 9772 28814 17699 7431 3211 1821 37524 23789 20623 23765 27326 10508 38832 43494 1777 21622 11922 2451 22747 39287 33110 35556 37145 19484 1939 7919 6938 39452 27455 39677 2598 35542 29574 35219 38418 17859 3174 1878 38809 15514 35431 16241 23062 23590 7448 40241 4091 24812 1594 2387 33064 13783 42234 27274 17900 31730 11880 18819 24644 15003 769 25898 2866 30590 31228 37732 2737 29513 40471 22021 38706 15540 38748 38774 44020 20780
2836 81
4244 39789 23566 19477 1409 10778 15445 25899 5343 42394 9165 21597 23087 40595 28749 14207 36552 11331 4501 31224 39930 38178 33885 29943 16014 2675 7053 20726 17784 28238 43377 15947 8007 33304 3730 4377 29044 1492 34931 17901 276 3569 10079 30100 2502 42805 2043 11777 20897 32935 2833 34026 3478 31388 23166 18879 8143 36841 30311 38674 26787 11951 43027 26617 31514 35859 18304 30368 34123 5708 30654 13581 22527 22240 3551 2459 1405 44673 23339 30947 44122
2265 82
16068 35345 10731 3794 23244 9610 21146 38311 27460 30189 10702 10609 21876 40252 16428 42936 20396 16338 7528 37654 13905 22058 27775 33851 26888 31575 10163 8034 6315 40001 23872 30474 28051 44371 11861 19065 9861 7772 6914 26431 311 34261 44688 15056 18402 8225 12531 36973 34259 43127 9128 14437 16223 7030 28214 11112 30620 13071 397 26439 3633 12834 24585 40833 39317 25202 837 8145 2065 31840 16340 21291 36358 42726 33075 29045 32748 15306 1086 31209 18665 21482
1337 77
4385 40652 25618 21706 14476 35887 7950 20387 19005 12260 40099 19989 24851 31332 17846 11937 29224 10491 34899 8066 8929 16163 8062 20842 7834 28855 2283 34753 33424 5419 17728 6847 2117 24981 26609 3178 23942 28271 3111 28099 25634 3036 3635 22452 38231 4483 9468 14709 24967 13617 42156 7614 44558 1912 35374 25338 33254 16591 14908 43300 37766 5002 5793 11310 36390 31336 17270 42750 21800 11026 5501 18563 13069 5928 12307 19779 10666
3986 79
29287 35868 17795 259 17976 34067 16596 16604 11069 18144 31741 12705 6161 40196 13712 34044 13605 28568 8127 15490 21266 28267 10112 31880 6394 39498 22483 16947 12840 29995 16806 95 1965 40156 41727 24662 5906 21342 17644 31849 25169 31557 14890 28414 21183 10249 39922 1736 8123 36366 22692 33622 34596 31337 13574 29735 7338 19640 25540 31667 43787 30475 3090 3752 44292 22593 33957 32222 20884 34895 18357 30792 20674 4926 3675 18347 35051 10673 37693
2502 82
15977 12459 20209 8855 10918 9215 7329 44704 23299 28593 34605 41322 9648 25704 8319 9974 27222 21309 14975 23055 38329 44573 1738 118 8706 13450 18867 21066 16632 18713 12752 994 10407 32977 43310 29849 12115 19529 14297 36190 42853 27737 32199 6991 42800 27557 11740 25171 3253 21560 17632 24752 28988 18412 42415 13805 8691 28920 20335 12373 15724 32456 18592 30361 44339 13730 29863 32027 13371 42689 19523 29910 2146 419 33167 23 26991 28502 11531 24538 33785 36169
2078 82
7876 2945 8877 23426 43416 30772 38495 43025 24172 2773 772 6496 44646 20457 9665 1837 6124 27080 17080 129 40657 2091 18429 10504 943 11412 42852 32709 2811 30914 11201 42436 27318 25681 16073 17378 42473 551 34354 27619 34471 39472 32188 29289 28029 22702 40886 35949 16976 44105 29859 13247 27276 35059 41602 17698 17666 25392 42311 2670 42406 1762 27876 13405 23786 29514 13267 43999 31772 36715 6851 14699 43141 35221 28667 18305 37403 2941 9582 15472 22599 40674
6090 77
18634 38862 38222 34614 23615 22239 12685 36616 1372 33225 6247 12406 26973 28092 4726 5423 44730 206 26784 19530 10132 4288 28055 1013 31777 3011 20078 22298 14977 37992 41788 5632 20720 29296 13947 13379 26715 13985 21140 31822 41250 33238 23998 3574 36406 26429 43515 36067 23535 17172 5304 19958 18971 18884 1369 14550 2952 42515 2272 15668 38822 12967 5037 15651 40369 28643 4523 41784 25835 21854 32215 32688 36620 23001 20096 10723 16697
311 77
12932 37101 28888 26857 17139 2080 22337 7849 38687 19458 3156 32404 1991 37120 31339 36127 23136 12517 39169 39305 1077 4558 41518 23135 30745 26769 29429 28709 29916 14079 13790 33434 31304 20709 36246 9007 38082 9140 43668 30410 38191 14879 27790 42086 35279 41151 34635 1852 25937 28779 8361 32492 13282 29676 37497 16848 28664 44560 7758 18989 44201 15097 42122 16629 41576 17370 31358 43827 37633 7645 32508 19947 4540 4613 6390 16920 35720
2820 80
13812 44006 21963 25004 8336 7187 16377 13384 43176 4649 1580 11660 13883 29860 27050 29758 40640 22059 15140 10657 13710 7388 40983 33439 23248 24297 3396 17041 31820 19584 3497 21669 21962 1557 7893 34819 21908 19496 4588 25858 41338 23281 14023 13416 17598 27012 6029 41174 3260 29191 28820 35126 25363 16813 3590 25682 35301 34503 14345 26697 28862 2343 9092 34987 29551 35898 12963 34162 21754 22928 18587 39877 41119 41291 37548 86 18113 38776 33089 30640
990 78
42497 21827 1727 13181 13393 15848 21190 18780 39979 32664 24033 25151 9202 16281 1049 9266 1028 22499 40383 23353 25943 43764 19548 15182 18010 36600 14116 21429 27948 36420 35483 10951 25000 36761 116 2495 36711 28651 35067 18082 27002 44407 18013 26338 7745 29303 31335 9989 30872 7714 23542 25805 4465 14834 3105 35525 16153 11374 37298 42885 22849 7821 4248 2172 12593 12263 24368 10376 3582 38049 29709 16889 26005 33151 22591 10875 3616 34317
7294 77
1293 16139 21096 18 30481 1725 35032 11283 34991 9013 3927 44502 25878 30276 989 10200 34221 35270 37026 2729 24792 20918 43854 38696 24455 15613 7685 35215 28084 36293 37506 14494 44500 32207 11414 30651 26510 28293 35146 29434 33624 3429 15191 37643 34281 10990 28129 2525 14461 6659 23388 24257 17336 11878 9912 18325 15571 19395 9041 41161 12621 17469 6814 18627 21978 24499 33103 10806 20652 31119 5387 2256 37100 17504 37014 27100 15988
5674 74
37913 28482 34103 37507 34789 40550 14686 24575 10581 31787 29184 3771 32179 15339 43578 733 44842 29401 5280 28823 44214 14567 34207 25165 798 37960 37657 41032 18130 36395 12514 29972 17212 37404 15747 11099 18250 35185 7451 28019 10518 32727 19666 16103 3956 17894 33099 43987 16335 12280 11967 42902 16234 14559 18586 12573 1105 25328 40687 14033 10977 37439 23807 2333 32466 3210 19991 27739 20656 21290 13489 4086 2258 8275
3144 75
11953 10052 17358 6996 24652 3650 2123 10189 16289 16208 4569 15916 17915 10979 4773 31152 22531 39728 15884 4885 13915 15085 18434 34178 28721 2755 41528 22090 35819 32768 3202 6468 5743 11518 11137 16783 41840 32895 38777 33171 35243 33871 15604 3846 35976 2514 15281 2535 18548 41330 25592 13297 5043 20482 28812 7573 20239 39412 2606 15135 18107 16053 21420 38850 10631 12025 31936 9420 36631 34077 3279 4294 10624 41354 6043
5512 78
17524 38402 24853 18033 43969 24702 24330 20832 41960 15381 75 25015 41829 20014 35607 27403 32246 9220 22877 35351 1637 3287 26513 7534 35363 9050 31635 19778 9720 37765 25026 8715 3552 41651 31918 31066 7152 15531 5749 33883 25855 21101 34153 37565 17372 25446 31425 7304 8815 10651 25645 36092 1585 44384 1713 26144 5541 28687 30174 35487 5413 29871 27923 44482 10141 6734 32783 8318 36085 7062 20394 20970 37803 14720 44004 21709 8443 11894
6685 77
35873 1478 32097 3696 10921 22918 2684 9664 41847 30085 33175 42549 30779 3000 38689 32388 43346 26035 18397 7776 27103 4077 34697 14220 30837 17279 4792 13728 22903 7411 31034 24542 4406 6251 5697 29546 4306 20444 6414 40901 34257 18105 43621 10594 1896 37500 32992 12881 34289 2563 27634 3294 22760 1474 19928 42744 38496 18323 41530 6740 2891 33287 24890 32532 29728 40105 27071 19436 12186 13189 21150 21870 23564 11390 38930 8890 26392
2074 80
3108 11548 43258 17886 44008 1391 35950 38526 41009 36042 20399 15340 2914 33408 12448 10831 32554 32581 23663 7991 2442 30823 38512 16188 27168 14119 24503 10568 20007 10965 22741 11036 40711 29378 15317 24020 42075 44451 27736 38680 10146 2498 26294 3162 30941 32871 2137 34506 7460 40916 2666 42580 19078 1129 18964 42693 4630 6815 29339 14757 3983 4336 20831 17315 41661 29778 9690 15199 6026 40126 27439 41597 29934 14529 8591 6115 44374 11358 31821 22987
3191 73
20156 38727 3381 3244 4414 21230 41633 6401 32077 2366 2321 3859 28454 37413 6999 22778 38417 37441 28402 29992 30818 17988 32604 13613 1283 37558 38697 742 21792 4279 5973 24243 13996 9859 24080 36140 11424 4791 13888 1158 37814 29253 12525 13971 29589 28965 29710 25782 34323 23936 21485 8041 25107 33406 13166 1538 30607 5840 32837 10439 19112 7992 41543 2998 10768 17389 31220 608 24788 8698 44353 16912 17198
3127 80
1091 17000 36851 35192 16246 36649 16967 28343 408 14203 28007 20291 11694 5993 36960 22644 5767 14515 18716 2578 5819 14972 43767 812 9876 10437 21954 39214 39051 34983 3632 40760 26709 12695 167 21648 11975 8076 18466 16648 34917 2470 6316 2331 12238 7473 31210 42421 12201 944 13157 30473 17497 16220 40272 4653 28386 27756 23027 44464 31824 5634 14934 28373 24876 2449 9555 34099 28501 32595 1273 12781 24035 32618 6777 25558 29506 8081 4153 22682
1415 76
42682 44648 23956 15966 12852 34643 36741 24672 11356 31447 36559 12433 29089 34599 29284 24497 46 14156 31879 34604 4999 12477 44124 27074 29326 20967 14639 15781 39687 34341 21531 3850 16833 11266 10759 36299 27675 43246 29621 33529 31614 31277 21449 42688 757 30635 8723 6967 19623 28805 24680 7620 24289 13573 38092 35205 41364 15778 37043 26659 35756 10916 39607 1311 40572 4333 22937 26575 35998 16275 41144 36080 12452 8961 41166 43498
1159 81
39586 21915 27271 9867 39193 24905 25132 17889 21368 33874 1432 41260 38413 43766 34609 43597 12032 32427 25047 30846 32264 24128 21328 40259 43240 36307 23666 30083 12947 8329 8811 23283 35642 6298 41665 42010 2170 15444 4810 32901 13466 3379 15328 30106 767 35669 37510 29680 16931 12421 37664 10815 27718 17094 5455 14662 18322 28620 20363 40463 43839 20393 18221 22833 14045 42342 15286 23481 2049 32046 5831 28041 5732 29269 44436 8891 10621 42084 15302 14874 31205
2453 78
44534 16605 36331 4120 32071 32342 10879 16894 12259 40695 39531 33550 24689 44504 10135 43735 33840 22643 7883 16092 34361 26213 41083 3147 42676 37226 9377 42518 10811 27819 39410 33097 6515 15417 26834 29445 2338 30290 18682 24918 34052 35496 33633 20127 28952 20047 42995 29688 29845 27202 18873 44744 35754 40966 36545 19505 13724 43309 4624 36548 14670 174 1232 19508 44111 32535 41848 38349 36963 38055 10102 41828 26887 26810 8322 21626 29422 35072
1457 80
30886 22899 24878 43236 39098 35553 28489 14642 30980 12279 3080 21026 15012 25276 31113 15307 24486 43889 7892 14545 41001 2012 10094 37116 3514 9826 41356 43541 10489 16500 28822 41390 31373 18960 32864 4087 27897 37375 9447 39087 29544 18035 18969 3004 34740 35901 37815 44609 41771 33992 31443 2579 4636 7312 34846 6676 37645 2608 20108 36750 33101 30758 37151 21133 43173 1167 11278 14130 29958 39449 17593 43217 35445 37175 8073 32247 23102 14547 21997 26020
2773 78
34333 16459 30549 3929 16875 21438 22295 17664 2160 13159 13475 9573 26078 30253 5310 36037 20203 21618 44437 1355 5203 35834 40315 16644 18875 8851 4065 11072 7326 30260 36057 362 36744 9710 30329 3835 37302 24932 30896 17359 19626 43146 22920 3981 2058 26633 9874 8972 17544 9439 13376 25405 11736 13382 40219 26586 7847 14976 650 36714 24126 34775 38555 7324 11693 35123 19541 44720 41024 2753 13967 30478 21745 28924 9327 34201 30704 903
768 72
28751 25841 42656 19872 12989 22067 11837 6848 41761 10920 14650 7684 37222 5580 28530 23163 24975 28221 1858 29328 39893 6333 28015 25690 13886 31957 26761 43459 44787 14238 19057 43786 27930 42364 11948 18644 3791 17056 37423 42997 27336 18080 29485 13191 37060 16589 14040 44818 42903 29872 38210 26940 16784 40461 27653 15526 27160 15787 39940 12906 12121 39179 29761 7511 9459 41245 437 36650 24638 2240 27617 42193
689 71
40393 25993 6280 40618 38516 41650 30982 35980 25367 31899 23905 36409 23253 34143 38994 26997 25596 28151 15661 27616 2206 1378 11394 15560 18159 7923 36530 8335 28 44157 2472 40770 32462 40590 7836 43042 31476 29493 16435 43865 3411 28677 33269 21755 6906 44030 39766 10792 2178 11727 3792 31288 7785 2310 2986 4444 39489 12798 40323 32703 24489 28827 39860 16992 14773 16267 33575 11646 10755 29300 40521
910 74
13351 19455 2513 27097 35892 37735 32793 28996 19498 29058 7195 30466 23350 18785 42562 6641 32575 16528 41559 5269 14376 41585 44113 2229 28087 31765 30911 2067 43017 16469 32220 22244 7797 11964 6852 24367 19572 934 6023 5156 36879 43898 8328 7084 8954 44655 23801 17482 5913 1568 40300 20465 27148 965 22904 21620 35879 31655 13318 2797 37204 37102 44200 41244 30027 10280 7236 20538 44630 8594 43750 40663 33410 43320
1242 75
8559 19113 4659 31636 10201 28070 42576 37229 6306 16669 870 38769 2027 13906 35177 8805 41350 28438 11433 6656 24725 23168 7015 14655 9148 40047 26630 39273 12533 14649 16826 30548 16749 265 27111 43409 27306 13884 4298 19878 26051 33426 6597 38083 12316 31050 10922 1220 31180 15648 28545 44389 18341 36977 5167 8323 31463 20133 35961 19124 11441 10374 734 17994 20213 19296 35356 25672 1246 22444 17975 9016 35446 25732 29812
3263 75
11881 33937 209 3402 42522 10232 3597 11057 44123 23565 35112 21056 27517 21612 26554 17579 13846 10315 35794 406 1947 21966 12601 20610 25821 36096 256 28532 15154 42200 34355 28167 21701 10897 24424 6228 39719 27033 3434 10234 22597 3448 41274 2016 17453 8637 44543 19990 10705 10118 13552 19323 28357 17407 21255 9040 20521 37801 4258 2907 7592 27781 39944 17472 5861 26281 39484 34927 26104 11313 17386 37948 36400 33208 10646
2689 77
27967 19354 3199 15168 27451 35852 21786 24998 22773 37662 5113 14724 41970 24244 24239 16249 27535 41357 34416 28476 24552 40546 4527 40431 18847 26860 36465 5871 44330 16047 22694 38984 44496 23096 5719 43415 34110 41241 5046 2637 13801 18131 25303 8672 7257 11947 25730 42901 25149 13747 23586 6192 38273 40021 30397 21208 15799 1481 12588 29629 29436 13723 1610 40361 30626 15126 27453 35088 18726 27402 27438 18853 33235 4802 22699 23129 27140
4027 72
19824 10767 43160 39056 14028 8086 38068 11977 30168 16278 39951 24202 29689 32616 23855 31057 18283 17903 9404 23640 2718 24698 13983 21656 34847 25257 43531 5368 7420 44804 18275 34161 40925 15845 21184 41134 1082 29019 1242 32920 5010 40253 23165 5322 40950 37488 9583 24209 10830 39031 20266 42178 488 5109 38590 43595 27568 27583 28760 24189 29193 13513 34707 24920 36163 37987 36054 31262 25751 22669 39491 36908
4719 78
8747 17024 22093 43704 42851 3468 20304 44229 21810 12878 4695 40281 22636 34980 21424 18833 36326 37696 16769 11267 18935 519 34118 14911 9531 31631 4881 14239 6778 43204 38134 27741 33993 18647 14158 1194 27845 2020 5959 12950 36075 42770 13549 28726 28697 36014 24406 42091 39839 16977 16207 37924 11528 25938 41799 21029 21052 31076 39640 13260 6256 26077 8466 35845 18096 25537 12012 14039 19467 27940 13269 22329 14295 38310 9617 19654 16150 4231
5917 75
11545 32635 26936 16798 29195 34199 8410 16119 43781 13498 6686 1390 9283 15902 30306 26293 5060 7056 36575 23314 21410 19209 2163 27993 34579 34655 4090 6608 11756 37572 427 24429 14066 11213 10907 27809 42224 737 38505 17971 33335 44291 19119 41386 4445 2667 11235 2738 1545 27109 40054 20249 23090 20784 7410 41211 21737 17967 39160 16620 43926 32849 36605 39251 34531 3879 38657 19537 14983 40203 12390 20414 33008 16143 4323
600 76
32882 9600 22278 33980 15562 16303 26374 12991 12424 35996 328 43154 18765 11599 32666 14979 11228 26269 582 43571 39409 20022 37515 18577 38458 20162 5660 4420 38481 6474 42751 2441 19339 23312 38491 40707 7240 34755 6218 17368 7484 39724 39991 33818 40222 38629 33774 37619 31441 31446 42639 21549 26065 32890 27288 17331 16160 29957 5292 8097 10752 30130 28837 12824 31651 12024 16698 22956 29573 11115 16836 17713 6717 16508 44032 18937
2812 80
37951 12536 37811 10861 19988 2988 30388 5987 10184 20859 18664 27622 22073 6191 23435 2235 902 10027 10025 36094 29819 5755 17656 7439 4897 41149 18982 40837 2040 37620 13879 21396 43677 40870 10019 19499 20525 6162 1000 22400 24446 44079 5716 18624 20980 20283 10704 24357 38189 42694 4488 41088 1037 16082 33152 4447 12856 18601 32481 24137 44237 14327 32922 25254 11486 9132 40268 39513 40348 17906 30854 41649 43691 19628 30221 8893 19536 12157 21720 21441
1169 69
12910 12027 38174 3659 6567 16284 26128 16914 6644 12097 1340 35033 26864 3689 16509 27389 40799 14473 5880 28666 43203 39004 40531 3713 23034 21125 21577 30784 35818 14287 32315 24861 8800 43333 22465 35906 22347 31460 27887 31797 10707 23374 9205 30835 13468 16046 23671 30490 5640 30032 24193 22223 26053 20865 11702 37362 36285 26089 23045 7502 6274 30569 31527 865 5572 31312 7770 37834 17211
1186 78
5464 5274 15765 38098 15951 8379 36795 29989 13892 16905 1591 6063 10350 19883 44578 7186 38149 20326 35035 27028 9423 10904 2132 37465 32916 2023 16064 21374 41655 2984 23641 29763 34296 8979 18707 35707 17167 5806 20500 15872 2912 44830 32040 29175 18185 30702 12116 13278 44118 40359 42757 29023 12535 11671 11571 7544 27832 28595 39481 14760 34752 18099 7274 35558 10804 14244 37095 35722 29426 25050 12177 11981 529 16572 24157 25975 1352 24566
6496 78
15436 4965 13394 30000 18897 31455 37931 23139 20975 33038 23287 38565 2044 33182 37513 6478 16556 7874 4665 31022 27611 42786 38429 28854 24648 19812 23621 31452 26200 23208 16776 28748 40666 18394 596 34318 22482 22128 3524 39871 6606 26812 23836 21957 29734 27417 38560 10285 20300 2299 42882 7234 38400 12456 25416 39612 40050 32735 9186 40324 41195 17796 1337 22081 16869 10164 6079 5683 40759 23036 33467 20829 39272 18851 25006 18980 38075 43712
5782 79
21483 6344 37849 28982 2617 28555 27386 34270 40186 21723 35474 3312 33220 9681 33891 5693 16356 22716 21232 43306 13308 37002 35918 18589 9623 28901 27356 32476 19192 30687 23721 16766 23700 28224 38452 39937 34803 8859 24304 13218 3271 5363 9159 32976 28534 31147 39381 10333 21673 40161 9550 17679 42174 4074 40766 3595 36259 24144 17881 18411 14955 12103 17573 7328 751 9563 313 42248 8788 40067 9968 6754 32498 18110 3899 15960 8718 12046 5090
4330 78
2477 43514 39034 41421 19037 13480 20039 16771 2925 19665 29318 26947 36316 35225 13850 12920 21194 33006 42426 20841 36090 36256 29671 20345 18158 6666 14459 29623 8983 17164 33184 42109 9392 12265 16494 18868 32373 7367 26146 43 15774 36359 3870 3539 43765 36997 6576 15151 44409 10255 3126 30917 28254 213 33382 34652 34800 34797 11522 37630 1382 28614 34748 26369 24154 20603 31499 3506 31234 37217 12761 28330 5704 23459 33195 2828 16093 18480
3067 77
16067 9012 5519 32603 34396 24295 39723 41505 19442 29301 20297 24005 9626 32585 4400 38358 38509 16200 33721 34192 36474 10099 35132 29952 39459 25166 35252 35648 39833 32954 11885 3515 26151 24732 16055 13831 19841 19466 33512 37331 2414 6918 9332 32834 3207 35159 16346 3753 32474 9253 33586 33222 16419 34051 28959 43370 10390 21476 41332 20331 43880 25837 59 24150 43458 7374 41932 2814 43645 39914 13331 41267 17972 26393 20635 35891 4901
4769 71
44640 27510 23041 9835 38223 17874 33696 16814 1143 10603 38204 29747 3948 23099 29649 21135 5169 6332 12128 39952 32402 13422 28585 29181 40438 13442 21506 7345 5035 1868 44670 34633 14191 39911 2111 14551 40435 15820 4461 44774 2116 26323 32520 13228 16312 34960 10729 22712 25963 25916 30962 8077 2856 28864 28777 2892 24761 37730 42388 10385 40049 23060 25902 20754 920 26085 36227 19022 34554 2488 21619
2928 75
14526 4195 35362 21948 32630 39080 5983 41214 36149 4271 29687 4688 25217 37874 7158 10125 19304 5901 23747 10589 22687 8862 38956 15104 28422 10347 27895 31132 4878 18240 40137 19263 42857 13646 20510 25447 17500 37051 21317 20182 22069 10148 38630 40815 37977 31839 16609 15284 33461 40405 39124 43756 2802 20753 9473 15603 21205 7628 28302 43058 2078 31914 2186 22674 39780 44069 19896 9415 29537 40490 33413 53 38589 1313 41620
2856 77
16343 394 20368 20518 13777 27838 9176 144 20554 15857 35912 23466 11097 34552 42120 13030 35402 31192 31391 38628 34964 2803 39106 28984 8744 8887 7389 43901 34102 5030 16491 6709 4852 4968 19892 10264 33118 5098 34435 42833 8117 30637 39022 14148 27738 5105 12442 11979 23010 3839 39569 583 19249 287 25389 1120 20939 35034 38954 33246 5566 40735 40723 5799 24809 39716 27334 18231 11257 39746 9524 19938 4422 23611 19879 38626 22959
254 76
29515 32131 18609 32194 34728 38258 9156 3692 29928 38430 29196 23581 12831 35043 30948 42272 1202 20991 4012 1607 27212 11791 28565 17282 14123 27644 5398 14998 30804 25924 30222 34584 19661 14052 31127 2580 40132 38631 44174 42869 20636 43760 39300 42690 3665 30250 21131 25063 31738 22990 12197 14797 21600 4631 15188 38807 34574 22412 41397 18902 38246 6968 9126 13869 7912 43638 12072 3397 36426 20738 8122 40975 40527 44125 6885 21335
983 80
34480 16329 1672 795 30155 16583 2848 4022 33190 5731 5662 39325 35465 28371 11789 36446 6263 36109 39945 35586 13855 28430 7365 22180 14808 18700 39437 2634 35736 20621 37366 39830 12606 32064 6087 40956 16438 34151 6799 7238 37376 36382 21894 33433 3804 5313 10261 22464 9669 44472 4170 8511 40450 41522 34620 18045 1768 12746 32853 43604 7283 6406 5263 21209 19902 4614 39102 5689 33979 29048 2385 42890 29254 43443 30657 17418 35841 43115 6233 43840
669 68
19241 19308 9711 17156 42804 36478 41512 38639 8321 39756 11709 11154 29930 33237 2209 34647 143 843 39714 1905 44336 2057 39329 18060 36838 15392 20643 34306 4134 28491 36325 1099 41733 39551 43099 12038 8195 31897 36672 32163 14129 4183 27764 10066 11258 17274 11818 41896 23658 28185 7355 25025 8355 9901 24057 44180 604 29162 12360 41429 2695 9485 6911 25557 4017 9256 30002 19618
3958 73
15546 41056 20574 3203 41135 33747 21375 1998 20484 41692 32344 21659 29281 9472 40809 27343 7133 37113 43748 20571 19400 30666 6314 24387 11623 18207 44836 16369 6471 41924 20524 16216 35128 12941 26442 27127 34413 23557 31675 17234 38579 2569 41232 23507 35438 38213 34203 4928 28990 34602 38658 22407 10780 39139 17700 10086 42957 34585 31808 38293 4052 11838 20615 8404 28066 11234 9112 5488 34015 37995 15831 34406 5561
2291 71
1620 25816 40517 96 13344 13767 11625 16260 18224 422 4600 22545 41894 13105 2486 2663 43271 27175 379 33361 6267 28972 34527 5953 40367 22127 30760 8408 33516 27836 10776 33552 16290 24701 18861 3579 37701 23886 39985 43692 2994 26882 29523 33157 30596 35602 39556 28832 10960 13003 8417 22442 13444 12055 25304 33081 14751 35294 35137 1083 27658 37308 29700 39066 36245 31589 3732 1296 1689 42905 29417
7068 69
6177 39736 31753 22870 32859 32869 8973 20272 39084 28109 12130 39622 22194 484 19856 14404 31993 6926 32297 15917 8341 7462 38540 37785 24549 28735 33490 21003 7419 36905 41007 23241 1520 7974 21836 28262 25694 6652 10760 16043 31436 6442 39888 40599 592 1960 28133 441 28833 16292 38698 12309 19368 39367 26463 5352 14974 17493 2320 3647 27600 35748 11209 15142 7857 39515 15919 33027 40035
1160 77
41477 18439 37080 13281 17701 7969 11776 23766 34070 3926 17045 11647 18702 15851 2650 44781 28199 42306 3305 40008 7566 44294 5980 24095 5391 15022 25650 24084 6255 24392 44532 7190 15660 4639 1394 4805 21976 1776 23483 42475 27360 14495 3473 8185 32305 23534 12190 12580 14575 28123 26389 24666 38498 10173 14430 11355 35538 21437 16543 858 30797 2645 4966 1601 35514 24907 6137 39603 34659 26180 4920 18244 546 38052 33377 28761 19091
2042 73
24470 38522 35179 22028 40567 17777 44158 15495 30744 39799 33730 28166 963 41752 39192 22940 6360 23670 18443 14597 22570 44033 32352 30780 42340 28340 21609 14986 9803 3314 1104 40891 6297 21752 25125 20586 12828 36549 39407 22895 18558 16603 39939 44055 31892 42635 14491 37141 12080 12773 28769 15943 3355 7226 37083 4519 38030 28683 14478 29346 4495 1751 8503 16820 8167 496 17948 22330 6763 43437 2582 5823 29314
310 69
27915 18699 22000 40726 30415 2434 23172 17588 39532 49 20595 15918 12572 37050 16972 14401 10578 2156 12418 36517 3862 7211 32519 22402 40831 17183 41770 16615 22633 37708 11720 34816 22551 37971 34305 36697 42763 29129 41558 37431 36413 18715 3230 21921 21329 25054 27942 36788 36742 38741 10886 42137 41572 35260 42387 44752 27269 30291 631 27205 34266 42144 10479 40926 31929 6340 32375 10291 44493
1250 72
36940 31206 2347 2153 9353 28512 10392 10533 20779 35498 12680 22020 13561 33999 14945 8345 11503 9201 21440 38025 38433 14139 28209 29243 3195 25707 42032 38586 38340 33881 17268 42637 27088 20392 21017 38713 24348 23343 38163 15938 32574 19981 41690 2114 4066 28497 21472 35635 16768 30418 33476 9839 13490 19852 21243 28524 44054 9811 37571 8480 10396 9752 10292 15814 40700 7938 21538 41377 26747 30781 20398 9900
3956 74
43790 7231 41545 37342 25120 23689 11737 6357 37817 9129 1148 33729 15617 34708 40986 37132 38466 5715 34669 13064 11315 17082 333 5916 817 30814 28237 23338 40167 36444 7663 30957 14525 6148 2703 1547 43420 506 22376 29423 4481 22951 14115 11642 27315 44565 33244 13554 6103 17943 44085 22294 8272 13895 15024 22279 18355 41441 34357 31092 16861 10297 6015 11108 16497 1528 17578 30486 26763 35704 7491 25802 43478 12179
7086 72
20778 23609 3392 41187 43563 5625 19889 40249 35938 10288 36155 17491 39434 29200 30088 42643 10276 21110 611 16265 33794 40959 14356 12312 22595 1410 14012 32529 30591 43947 39932 11726 21154 41792 26922 26344 42088 30493 35253 25388 8848 17169 36007 9666 13106 24737 9055 28013 12675 5273 3208 12491 10954 31582 29491 16001 38548 35069 39850 23984 3818 4247 32430 44517 11028 32413 24215 13979 22377 11043 40472 31859
1133 80
39053 24704 33494 26615 16039 33558 50 15206 11312 23873 43248 39024 26266 24536 38470 43533 15819 6884 34213 34133 30348 13332 16634 2602 20732 28073 2481 16370 22016 34566 29341 13859 8847 36583 39398 6159 19187 44513 44331 44223 25525 33154 29603 15889 30268 13843 21727 42147 6183 31477 12131 16779 4098 7049 31394 15272 19429 9797 30598 43881 29645 27407 30791 6022 40304 33642 11655 15640 3536 26718 8155 37317 4846 24777 25313 5621 19010 15679 38428 10868
2696 70
11653 22496 6259 14358 38081 25430 21803 18109 33187 36526 32562 12405 23349 2175 18656 22989 16085 10891 42716 3232 38104 13974 43080 16242 37522 36902 17475 39709 37650 2740 21292 9853 44763 36178 16221 10401 35335 36024 21332 28969 40298 43200 22205 24240 37010 20023 43846 5926 21206 20120 17125 7574 13462 3071 26901 33094 13858 8992 28504 21534 41907 26327 41904 11731 1435 4786 17607 31178 23130 29028
5366 70
16040 3102 23695 15557 6886 38415 34336 8590 527 21637 20064 25008 29355 39392 24181 37857 19888 43506 39704 616 4429 22440 39801 43776 33978 31023 14734 2210 18423 22085 36904 6231 35213 38967 15065 13031 6211 26086 12806 24340 39062 30113 12730 18948 26257 18507 11246 24287 36501 43799 32565 8441 40822 32185 36778 20115 23417 2267 41126 36186 7516 18326 31383 36498 9943 13620 41500 6617 8181 21406
1828 72
26125 20976 29297 19900 27096 11506 18787 22977 21884 35321 28106 39109 1319 11471 33365 12248 41920 19696 22010 4840 19614 13688 18461 12389 1123 6193 7570 2373 18014 21346 22556 2195 108 44092 14727 34424 43145 23448 32928 38614 32555 5284 15027 27324 36943 8959 38989 17591 12723 10983 17210 21383 4873 5548 30944 40437 5168 41501 27155 25575 14098 39194 28559 33824 21895 17384 44192 9179 15107 42392 34003 7273
902 74
32794 15749 18496 44488 38021 26105 10448 31693 39899 22084 4660 9936 18363 36433 44765 719 15610 5004 41995 12008 37549 30808 12618 19129 25610 36338 42155 42512 41757 30135 28478 4386 21678 21366 22261 43935 3672 15849 8621 20420 26849 16365 6451 31543 37615 13352 13238 20076 23751 3568 11795 38494 29953 4814 37734 14543 21812 21119 28452 15197 24712 10426 7322 26286 34978 36913 18774 968 5234 22655 23105 32553 24394 1342
1377 71
4727 18280 20202 4721 35921 11149 39896 1717 4568 34245 34801 14695 17856 25049 17739 11526 21055 42455 7529 8477 16283 28795 43068 13664 41018 22946 27863 42043 29130 23646 31632 3828 19247 32291 24298 5076 13738 1203 2920 33880 28711 12059 19518 30449 39310 27910 17627 12449 8303 31200 14099 23109 12132 41568 14631 34309 41566 39253 10281 38678 39233 32198 12875 20081 12558 35532 41863 14050 7582 22910 33836
2177 74
8610 35060 7870 36179 12552 43329 12017 35966 29111 24509 6355 43424 13643 27231 15629 13201 36346 5050 32744 25996 18335 39047 15388 21916 29618 25670 34027 25347 43768 18293 36484 3457 5721 31019 25952 21252 5836 19325 7695 14302 37271 20476 9064 19522 12602 42317 5668 38054 42967 23496 41467 16873 12851 31555 26795 139 34280 13793 23645 27683 32752 13615 28484 44213 8850 9871 42807 7813 23922 29769 9388 4839 17348 39744
2159 74
10857 43600 8458 8169 43330 21018 1445 11649 4234 29219 14585 23065 5036 15510 3882 32790 1198 18204 28409 29451 26678 28868 23835 39576 17580 34857 31629 4596 40209 16333 30516 21478 30902 18169 26998 43493 39036 18276 29155 41825 15899 1231 36899 25265 18484 2976 5243 15782 34967 11930 39345 43414 29804 4993 14825 22924 11066 35909 10488 1115 9907 2879 19174 13017 41978 18740 25606 11155 6257 8628 21888 36352 36318 29020
1764 75
39908 12497 36364 42634 30207 3769 20844 39558 11395 34869 13130 35416 5726 3015 10402 42896 34069 21149 41547 25088 41222 36195 892 6141 33442 25022 9100 23868 1664 16608 32862 16100 26270 44326 10107 18877 37986 12710 10004 19513 19593 44786 35093 572 22116 35620 31140 25582 6345 23842 35282 12815 34512 23773 29464 38504 29116 5787 24250 43412 17771 19229 12633 26236 21887 3103 27351 11620 28027 33470 36131 23538 2531 9504 19942
164 69
17690 43076 738 85 20717 14817 26569 24178 30199 21530 20718 27899 5348 34229 5713 8566 25906 14810 20695 7658 17895 1459 24773 30573 40275 12833 8305 13789 32730 16633 4815 44709 43665 17861 38357 30961 40121 2512 36985 32242 21214 21220 19139 4009 21475 41008 2839 18187 40296 42054 43469 32336 6824 32175 11579 16670 28527 37048 22299 27610 29177 2104 41837 36988 17362 44023 13740 39554 44803
7040 65
40861 28111 28469 32155 3823 37227 8354 36461 24110 24292 40854 28816 17010 25214 25644 8107 29016 23910 39495 13294 28135 1328 34535 43758 36660 21765 15534 24440 24759 40586 27621 26944 35110 42749 22663 8179 2855 19616 13364 6272 39373 16527 3166 11143 7026 13930 34140 33066 17036 1750 42416 32191 44506 4246 21519 37013 31616 12727 11224 13461 23931 38461 35752 2953 35136
72 74
15806 28003 30280 41861 41437 37495 18939 13545 12584 26493 14429 26173 8971 2085 41351 1502 36389 29356 30138 12664 21112 33310 4940 4871 8227 26937 39477 29168 43909 32416 35960 21411 15385 44426 15241 5684 18172 25939 22235 23370 4487 23399 40806 40792 11567 33520 40714 5893 2536 38576 27067 32218 36020 36661 6757 25358 21717 16693 32525 10353 28853 2445 2978 23914 36051 43782 16336 29071 12843 42484 35111 29107 23797 25579
1088 71
30176 35677 30185 15108 13054 17606 9318 21846 32030 9294 23686 24313 4862 31448 4813 28113 33033 1314 29540 25853 44268 36878 43659 32687 34315 38920 41646 29059 11311 18588 7474 38987 40144 40370 30197 39394 30355 36523 36174 22357 8776 24381 1949 10271 1252 1817 20059 15818 35443 34136 5798 35850 34402 20257 33338 1399 11333 19000 36828 8258 31723 41724 18220 22164 28845 29052 11316 11079 18793 36499 26988
4955 76
30012 2292 29851 14501 31423 21247 3843 26252 29081 33212 24413 38139 28817 31469 6948 41689 14636 9724 32428 37212 29531 8381 23793 5375 3719 25229 13116 1813 38187 28375 185 27224 29978 13814 203 40718 41049 39445 20218 1993 40019 10496 21642 27337 21780 41342 13705 7632 10764 21722 15995 39613 38978 6178 21875 40005 36135 23207 24217 36766 22757 16554 34284 7090 23438 5184 2815 26169 11938 16715 15611 10687 42241 28312 16069 17245
1867 70
39812 42307 40434 2052 23672 23144 30298 5546 12632 10876 6598 42119 24798 33678 15967 15824 26908 20498 30553 4977 3677 21872 2289 42988 36540 1118 16580 19512 41344 4799 33753 9145 2899 35512 9651 273 20825 39711 28303 43230 24837 42058 17905 33912 42033 6048 18556 42458 24225 501 19106 27648 31814 29616 18368 838 7185 17733 19605 14313 17995 30200 24555 12607 22445 43965 34920 4503 24793 42938
907 72
29961 42849 31247 44361 26467 7040 8830 2421 33971 42996 17936 44276 1407 12436 24620 42498 31551 20012 44082 4551 15193 30866 3800 38974 24624 6765 9865 300 25414 31975 24591 32608 39388 38940 23419 19413 8216 3706 17385 24877 32858 43893 12387 34164 7825 44477 35448 15688 14614 8032 37612 39134 37332 22618 43140 37638 35417 30315 3573 23215 18198 17380 44236 13543 3337 20604 36403 20325 6397 89 2636 25736
2546 67
11811 20142 5285 38161 17446 8064 4823 34716 17189 33621 6122 36892 6634 38019 23152 9048 6830 40498 22291 32700 17563 36172 35207 22198 6595 22829 20250 578 14056 31612 25094 30099 526 23053 31959 7746 35516 15728 42259 16624 21785 331 32500 24780 21469 41173 3969 16381 10653 9110 3322 22280 11532 11182 23722 9331 39629 37681 10877 2026 23449 37671 14676 25944 9931 17123 30587
2575 73
41748 17622 29750 25057 6286 26074 31877 22993 9374 11187 6930 18319 17807 43087 31190 30776 18770 35812 18072 10787 21019 36573 25472 2785 31764 38266 19849 25330 24414 6564 44468 44081 29539 43739 9987 37445 471 1109 19206 9923 4368 44177 37071 1811 41266 14829 18684 18543 8593 13975 12287 27173 7230 7995 28619 44262 25882 17737 4988 23860 18829 30232 11710 14275 11385 28809 38295 27199 2795 8374 36210 17806 31324
1302 72
28180 21902 2335 14732 10917 21748 11422 24746 7468 31740 27467 8132 43916 7466 12933 31791 34548 39334 21455 5327 20729 20068 41593 23485 4959 898 5517 19080 907 39573 2506 39378 16134 7606 5438 31954 32189 18840 42130 22930 12171 3216 40239 10540 24924 19588 16310 22404 39303 32776 22324 36703 36456 43159 8358 1458 22378 15710 40123 8906 16743 2555 25488 18039 22260 10563 42228 18786 8650 17537 39988 6720
1662 71
41974 16908 7856 16802 33079 25453 8577 173 38111 40675 29361 32759 18108 35396 43152 12690 11906 26986 27545 25011 2281 30624 32593 39507 10418 16917 10964 1586 12904 11554 36947 14377 8085 33691 42799 23943 22394 22106 6834 1785 6421 1530 18849 16778 28240 21280 25895 32690 23971 18797 20809 41883 16663 37294 2639 15879 11575 43904 29342 1835 22015 40376 27489 40583 28526 24349 19450 19081 27341 35063 30424
7123 76
7960 35273 20793 27090 24071 30047 38398 14819 36791 17309 44734 6850 2919 36613 23902 6956 44012 36952 4625 21163 28359 44471 43209 12703 9992 7989 17987 40177 36083 25987 5930 29021 3149 37202 37119 30514 792 11608 14405 18763 13186 21550 13390 10197 14505 35081 1416 15707 3002 7689 3093 42249 18027 42275 12102 44562 3955 11439 39769 39847 44784 33224 22995 9006 11497 10343 14471 26234 14836 21401 6212 28285 2181 41303 30541 9414
2084 66
30068 20208 10531 28287 41777 6252 24277 22718 8202 42146 8729 73 2762 33531 7525 26757 28144 39133 40254 24952 33200 25066 20794 42164 33267 19117 40559 28540 3369 32770 1160 10501 41817 832 18234 23296 5744 41107 6083 42673 31875 19371 22821 7140 31933 31033 27928 29476 4197 4845 41289 41020 36281 34542 18374 2873 10265 15833 19932 21542 13602 13464 30735 37478 27167 2471
1998 69
21508 12410 5694 10289 43701 43784 16183 30748 44188 38532 31403 2305 11042 15698 13792 44608 33648 28522 43625 22991 42737 5511 2968 29370 39740 35851 36636 11695 729 23688 29039 21858 27561 3840 13385 36479 30399 15893 44789 8704 32011 15008 28192 25806 33675 6945 21889 38160 2352 21559 3491 22878 28583 17113 26363 21690 29241 9386 38281 31453 16530 1836 41780 7336 2120 41142 5985 42337 15109
873 72
11087 33003 19845 12559 21533 22858 12683 30014 21909 5859 10378 37724 23697 32441 1518 33716 20149 19003 26802 6556 275 7276 37087 38272 10992 13729 19531 11169 29280 29005 9163 24594 25333 19829 19594 29884 40191 5783 14218 8700 19089 3359 15586 10375 26532 8002 24286 37581 5738 20990 43652 8692 38868 18791 39118 6786 5188 3651 19699 20751 17106 30227 17749 42780 39935 43208 34878 6207 42105 44220 27613 15192
3180 65
36415 5607 41933 40673 28446 22389 12328 6039 17621 30993 22549 37608 44364 8370 36844 40045 23664 4736 28987 42233 41926 33780 15036 38574 15423 33535 25920 37690 31380 16252 22100 27660 19634 16439 25342 11165 37372 42023 21453 25813 29520 2854 10507 38870 11923 12743 34665 39543 13864 21300 464 39526 8949 28900 21734 11451 18759 36934 42970 26276 5897 18208 24358 34376 13359
462 69
15356 44798 25715 29949 39770 33855 22969 16714 27444 274 315 41028 31069 30641 5460 34974 15323 7786 25948 19410 27934 13214 39197 42321 8588 29354 44470 10641 1227 42923 11323 21463 6547 11657 6846 8765 3634 21350 13652 21937 39121 20880 31467 9554 27532 31112 23305 9068 103 43998 34932 23588 16822 1636 19020 17054 23927 36196 28333 9365 41952 7180 3931 41574 5400 20378 38906 16374 27164
3219 63
819 33935 37270 3585 475 32019 38583 17316 9571 7119 14948 11605 18122 4375 15974 21130 41290 43407 42065 29106 20594 26731 7925 17434 24969 30559 41395 40385 11352 9997 37829 4997 39462 15300 44059 24775 17736 17197 15972 28639 11853 36628 37689 12598 31943 42830 40153 28511 9538 3035 560 7918 42230 40584 4518 20033 24139 8452 14616 43373 26302 38337 33995
2933 73
4006 43368 30707 413 29214 41931 9838 44702 26929 33612 43815 43882 9515 37968 4507 14455 14565 37322 36401 361 13919 20437 22372 6590 37582 27264 35165 3413 19754 33030 32722 25043 11 16357 23782 9672 6728 7002 43429 7442 4225 26553 26340 42073 17982 16203 41279 40991 34670 31970 34135 44028 3091 26296 41352 6086 11476 1030 18607 4655 28088 26854 29585 10090 21191 32511 40160 44160 13925 34747 39401 11587 44598
2922 68
1544 41871 1611 40394 15675 27249 3154 29237 24186 43066 18895 21826 14367 13518 24361 9682 21124 19185 19108 29766 15456 23930 33390 26863 22473 9252 37208 24958 18750 23551 1652 35929 18084 40795 25552 24075 169 35686 2364 11340 40095 5581 5807 34809 43593 44335 4812 39067 7537 26979 20644 7480 38547 7175 29136 31679 22140 34505 35236 20112 26333 13012 22887 34387 37622 22348 36463 21841
1889 70
39968 18986 33326 20713 4053 7426 29310 24160 22375 38459 3368 22635 34287 28421 35305 3916 26190 12320 43962 35984 15926 17120 33676 37213 35810 25090 37387 6277 21201 24935 10440 9823 14418 37754 4387 25410 191 32825 24970 27943 8945 21839 37599 37241 21958 21528 21625 40094 18965 31711 9203 2944 28804 25344 11384 4114 16108 34695 36022 17581 31734 13089 29477 12993 19312 33994 5629 42128 32726 19983
1174 75
41355 9753 4979 10855 5194 69 493 1910 39773 26349 5381 34091 27988 18435 37715 39691 8926 33530 19359 15358 13654 42823 39703 26519 8780 4070 35580 12686 15641 25176 25988 37127 19341 28451 31084 440 16462 26264 22563 7808 39216 35227 40694 32181 4035 9480 17129 4327 16383 29524 13900 22717 30422 26406 2507 33323 24661 12704 37292 29468 16919 44078 36372 8990 36895 15242 6164 37170 43360 30201 21840 5149 18369 30074 368
1274 69
26484 24986 1864 10007 30484 44212 22896 17413 14481 34835 1360 4982 13213 40176 23403 36125 17077 12411 9677 13926 43293 33399 1 17184 35621 3143 9913 14412 19201 22648 6366 29229 13929 31621 8150 33598 1649 15768 32202 33163 6618 21299 1462 34547 33469 18253 12245 36848 10726 26316 17522 1154 42107 36043 39750 13918 35908 8165 24218 32167 35220 20997 21525 9305 5745 24961 35176 15223 24481
180 72
23856 14705 40781 35450 41994 40432 4598 42511 11319 14591 12243 32634 44766 1612 10598 15274 22486 30141 22873 28399 9028 19303 35878 7596 10177 36224 23111 11832 25580 44000 20996 34445 37759 30143 37557 15237 23206 33404 12257 39225 1433 36601 32399 36151 9774 29723 37767 5533 1535 25957 38395 7863 24707 37078 15259 25883 23840 16210 11482 28311 25844 42722 23919 38472 43011 36481 15934 34908 44259 29060 14032 22727
609 65
4408 11583 22882 41849 9452 27920 7673 35473 42180 29233 20641 25068 8955 30908 23197 17605 20833 31421 2734 27298 14692 13413 15570 27796 42087 23167 33686 31785 8332 1512 23264 12490 25023 41201 32813 33021 14707 2148 33292 17296 12865 1827 36618 40651 31457 13115 14307 416 7674 7949 31716 18176 32045 31266 18528 32868 17249 14992 36412 38250 34057 14563 1204 9944 43897
2642 66
36032 28207 8603 7519 25140 5966 34180 3749 18766 22099 36842 25761 7264 19777 38784 38546 38290 26739 38941 16451 29862 816 17696 19679 7956 36926 44478 23269 2796 34142 36516 12889 24365 831 13208 19181 9005 20006 4201 21216 13057 24839 3224 38255 29977 27382 31999 40898 21913 32269 1166 43540 37794 32846 44345 42545 11173 13991 35189 8767 12377 20165 16858 25387 10478 14761
2271 66
36330 24641 19287 26741 33189 21068 13828 12454 2681 4877 13341 40200 22470 39072 29795 37739 2204 11995 32626 34343 34903 25885 226 38421 14298 1213 11458 12374 32421 27380 15991 11707 2360 4956 19418 991 18533 24276 35751 10737 642 12976 4992 11191 7013 13400 39476 5943 7065 11051 30500 18909 44680 26362 15593 30693 3246 16878 33792 40627 21881 30586 23035 19144 31829 11038
3716 64
19322 18799 33918 7435 41601 16094 28100 12510 5237 39625 4177 12614 32997 43290 44586 33266 19440 26946 16661 2644 42814 32906 14433 38124 39970 11822 28912 32522 668 31827 11485 24846 18782 34301 24111 10414 7719 32372 17769 32039 40216 35789 41035 31042 42464 40183 2594 32989 33939 20379 1222 11862 13870 39851 15663 44756 37245 24051 24449 26375 36425 8468 9729 21561
729 65
37823 1133 11324 20246 21145 3144 44633 1122 1376 14483 3691 11377 16482 15337 3062 32000 21650 36437 34758 40540 44041 42204 16827 36121 25908 37556 27511 37949 38166 22145 14702 38838 27347 1356 26783 6483 26224 41414 4571 12002 38985 40940 30747 42177 36298 34761 18091 25301 15295 5602 12441 24237 42013 34467 23262 11314 39853 35409 38271 23382 38786 19228 33901 35052 4657
3008 68
32686 43288 39347 16831 20680 13839 26516 27823 6553 24396 9698 1386 34875 27124 18436 8136 22939 43575 20857 4039 20313 43295 39092 28742 5569 10098 12888 32068 5808 38044 23423 6879 43669 14611 40291 15068 24025 2176 7648 43544 16787 11000 2036 32682 23187 39502 12367 2619 23580 10670 41702 36519 2505 28627 42664 7608 8414 17866 2340 42446 27754 44116 10367 26113 36764 21635 18769 26567
2959 69
38404 1810 12005 19038 9603 20798 29100 43919 15260 31363 27169 13765 34222 4912 10614 22162 9206 3205 39295 25227 6780 12693 36212 33202 5367 4747 24848 3544 37361 18710 8985 29344 36367 9545 32432 15061 15978 41807 23704 13066 39904 2926 23213 8527 38899 42447 33412 12070 6935 21416 12682 4359 6283 26515 21268 29620 32209 19097 2618 32214 1011 16131 35382 38302 2282 31319 40616 41782 41802
2869 68
44634 17011 30806 18453 5059 1286 29535 31744 25337 9783 18579 28940 4469 39103 19199 27560 41609 30332 3061 44759 19088 37979 701 9953 39753 14987 7861 16274 15183 1484 26140 8183 41713 18801 13158 40645 13718 3171 19899 13377 14290 10820 7402 6374 43481 28792 6118 39333 350 15642 14458 15627 34109 24881 23865 1576 3505 34176 31932 41759 4817 25774 10270 15476 19724 228 14059 7588
552 64
28781 12529 43270 43814 9380 5613 11300 4317 26022 1500 36582 41176 42161 6907 35125 33179 1599 27844 17269 16099 37126 39018 36356 10546 25325 18475 39431 19863 25856 42917 40371 10078 42575 13114 39855 34475 5099 22005 31472 25211 26536 44077 15180 2250 22836 20287 41694 27856 8038 16641 3885 1186 17830 19330 38875 22733 28551 40119 43914 17039 21687 13656 43241 28369
2905 68
30851 14522 16390 11185 32259 19357 21850 27345 34684 5941 26865 29721 26618 11874 35858 1880 451 11849 2007 16786 18308 12909 5177 17883 153 42889 43451 25153 32407 24231 1604 13388 27808 7538 36729 42927 17658 40534 9660 1680 3618 18749 37808 27909 2002 23508 30856 44684 36448 19404 41949 43489 27284 32769 24353 7093 29904 23203 35147 14755 135 34157 28127 10978 1938 7159 23667 8530
4488 68
22854 27408 31894 33923 10100 20042 33044 3605 35688 41090 30689 18446 11359 22386 22477 42451 11668 17981 12109 12759 25796 39900 42284 28074 12277 12754 43447 38812 35239 308 23622 1005 13274 11867 34810 25518 39131 2280 41499 9848 15321 31775 32445 23431 6972 32944 32536 33677 25400 43033 30533 14042 12508 18597 41445 1171 36434 37025 29154 28039 29499 20770 29725 9775 13632 35006 29611 36439
6288 57
37830 28143 29032 41939 1117 20390 39426 33864 40482 9337 28205 26067 30627 6506 30021 12892 3704 21458 15113 7546 32760 9714 40628 3206 21877 8748 32067 24748 37911 29736 24507 33660 17254 36097 44588 44400 32265 1111 6762 26248 26034 8156 18892 36877 25625 10463 43177 2624 31718 40847 44593 32526 6970 30584 4772 39068 35886
894 62
6952 4072 37783 21248 7739 33391 28566 27732 42761 32489 29263 8832 18073 13138 661 16012 41341 14144 8589 20226 34006 3427 15121 10053 43427 27877 41271 39778 4093 41045 38564 13711 20275 26550 319 30879 26122 12792 14082 17179 18891 17059 28002 21497 2529 4296 38755 7359 376 3135 14920 43530 6512 25833 12432 41988 14248 10996 17614 13134 7271 32978
41 73
24379 26588 19443 31415 38140 24441 7391 30115 24210 16077 42467 27338 41297 366 41686 20796 1081 27870 3555 24556 33125 8967 20172 34267 43158 41115 44108 27531 37804 43336 30724 10947 36728 28605 20038 31139 8088 16081 24169 17208 22488 27035 11015 14750 44412 13366 17034 38636 27574 704 15511 14746 26878 11475 26031 5315 27203 29165 12605 30766 30599 1359 25046 18021 3708 21932 10991 4041 8175 939 39735 36969 26235
3742 67
29286 37237 15279 19025 15372 27229 19669 35266 16354 14243 12711 19898 1256 42005 9121 14301 34297 12253 41078 17055 29630 35933 34116 16619 1922 2119 30110 29644 18735 27427 40638 34520 16409 4290 15045 34329 15527 31138 43184 18043 19789 3897 44365 42239 29078 38094 24914 11487 4948 13219 27307 11712 18260 41875 6877 11933 14578 24184 5875 8382 37371 41482 17363 31639 27525 15602 4304
6296 67
18850 13439 37972 19180 40386 28026 38391 30999 32173 14604 30172 37038 9635 947 39734 42706 38097 9829 19737 15265 8392 31315 10018 6865 29415 11751 22415 43371 22651 1284 12255 39184 43188 8045 42973 22395 41647 16256 4232 43441 4243 245 2871 10028 5608 13407 35434 41248 10610 19691 26914 34286 25452 17023 32602 39919 19811 11073 6163 25244 15007 21837 23560 23853 37583 10470 29543
2481 75
14560 9611 24529 1270 26704 31770 5228 31390 16313 29360 40743 30028 42871 5737 5890 25159 43872 7499 43816 13005 19346 2135 5399 25784 19687 2921 25099 19318 39959 26537 42462 5681 38076 8897 6361 25058 11635 23746 5834 35543 43445 41221 36789 37281 16759 10114 31862 30067 29232 5591 20739 15744 33169 24327 1066 38654 29971 2072 9704 22808 25753 29056 36755 22759 26476 1779 33816 5892 13940 25129 20724 8534 39441 32378 28387
1007 69
7558 37771 18037 10549 8035 32308 6654 40748 37177 6019 6568 36696 29256 20517 21794 6974 450 28160 20669 35805 18002 33689 28341 32725 7709 18433 22433 24467 19547 33309 24740 19372 39059 42244 14188 32398 17517 455 26517 43850 38887 33232 39105 21192 31354 3970 11354 6766 32263 29613 33302 37918 27289 28911 35397 214 43671 30936 26955 4565 36588 17451 26762 41657 29419 34189 15092 24729 4705
298 64
32159 88 12476 37718 22587 41728 40993 37678 29216 38350 34198 32271 16728 13955 1623 1603 10601 18646 22283 32886 25719 19198 21235 11260 7371 9011 42326 22344 18723 11363 19783 5011 32238 19500 19115 42607 40967 38165 35788 1553 39912 14579 31010 9926 35848 11217 35987 44536 1565 13927 38566 16130 32797 2093 19251 31910 31273 38744 33453 36870 2955 37093 19954 24923
2711 76
3624 37550 26100 6651 8731 31960 13631 12522 42468 14733 16594 3333 22475 5680 543 1302 3728 21425 41503 24395 10980 42866 27917 36035 31608 19595 29738 9036 14993 10620 14431 1053 20431 4602 5086 44431 8047 26742 3820 8267 36494 43446 20698 8882 34889 7398 13898 42159 41230 20725 5039 32158 23647 25497 32044 9268 747 41444 8738 35664 9629 634 17462 4895 20985 18065 21581 10677 32499 22342 37534 29996 3829 26420 35880 3958
401 68
42766 3321 22943 27710 20690 9533 10388 24774 22596 27874 6326 43823 31255 16349 19444 29703 25182 32455 33211 26154 17195 17977 8396 30206 7011 38372 22947 37123 367 28898 17559 27922 42811 1618 23407 42141 10131 18576 25024 42336 3742 23948 4974 27694 41349 21002 37922 40108 2143 16054 12770 793 10278 22743 22017 5139 41997 6764 16561 5647 538 94 6204 17678 5597 4868 37400 11836
3151 65
2793 5565 12149 3125 5709 22871 10898 42411 25567 44358 14264 17618 42685 19599 23161 9123 19753 1819 13894 48 23429 34514 8836 34750 18900 22842 10542 10525 23734 44595 29764 15268 16087 15573 3954 31433 16151 32952 25654 43920 17879 5137 4994 33955 41334 21413 41869 12469 1884 18454 16489 13222 24415 36321 12747 13367 42022 14806 21604 33988 23482 13986 35016 27320 34205
5208 66
13135 13496 32899 41812 30182 36553 35039 39798 34553 36267 30830 28433 29222 6055 39950 4141 9523 34378 28980 1632 31062 28763 9910 30338 28376 33551 14133 33373 14762 37865 12019 29622 9458 8273 6486 19149 30448 36122 36065 12836 30105 26043 25947 606 25232 42035 4440 17599 26150 43289 44443 36255 27295 31864 42280 20927 41450 4724 11826 16521 964 21930 13474 13195 40208 35150
453 65
40418 20950 18251 12803 9359 27707 443 37109 29357 39546 38032 35312 8234 25085 3098 13183 15735 13177 13169 41199 34061 41621 16010 28824 6395 15233 39486 29746 2942 22613 28188 25527 13194 26137 5083 12423 7727 2439 25118 42398 19800 30323 29768 25272 10425 640 35872 23617 5238 13852 20843 4628 5153 4888 31167 2794 2715 9950 1867 5140 29170 11292 4315 19913 598
4964 64
2496 880 23816 29642 15376 36384 9274 6932 828 11521 19705 21372 32924 40273 15905 7409 12392 39339 39673 25422 29153 28674 8196 39058 5659 16468 25520 41588 23364 39686 12108 28259 26475 35725 31244 30575 14005 23209 42360 8282 38422 31950 13438 19233 5052 23026 20875 22965 4567 17163 1299 3458 22972 6382 7903 18703 39030 30652 19627 26862 38410 18671 10530 32050
225 65
18882 33589 6771 37487 32471 17624 1402 26859 32325 37368 13165 29382 18834 19131 8368 11640 3883 7557 37492 35386 26531 29187 10615 37591 33247 36799 44204 18474 22984 8285 31342 31843 43018 37327 6429 11550 44582 32721 37035 30095 25539 4843 36970 3865 6508 25585 20288 12249 18332 489 27674 32463 11271 4138 24234 40656 8654 24863 31401 41731 13176 42860 2021 16702 20664
2574 62
33841 25977 5942 1671 216 11628 24029 40319 32588 17220 12412 35114 11021 5775 15429 21178 20774 34339 21276 15136 26272 30750 19543 3748 38859 5042 43222 40125 21822 20455 28453 27597 2585 35813 26446 20790 18009 532 42237 2479 16316 10644 16446 33451 31095 24615 28882 14194 16546 16862 35638 5123 26623 1114 5553 26282 32367 17673 28701 29108 7454 16029
6019 64
37716 14346 31812 8843 18183 18254 36686 13861 32120 11703 39415 3693 24790 20480 1945 32282 3489 38040 41298 26948 33356 14215 2766 32473 44181 42463 28917 21499 17089 278 17635 43682 10974 34678 25379 17426 6373 44117 18568 40139 42210 43255 12274 23800 5020 16503 19293 38485 6833 30301 38014 29652 37369 25693 10123 29898 18783 36815 4719 22544 20530 4305 10181 26870
4366 57
2825 42654 32696 38633 18018 29548 20441 37143 21321 38004 3519 14352 31027 7172 29368 37552 18527 25867 33822 3814 19465 8784 8099 39355 1348 7850 11950 33786 31316 2867 3361 27083 17654 36702 14912 17159 31672 37015 8362 13459 35982 4004 10985 1080 31384 41577 8070 41909 25498 26985 21062 430 15837 33743 36329 7177 30683
7293 65
38168 19275 10020 14368 33007 35444 4203 27196 30916 15096 29183 17066 22653 28348 2893 10854 36355 8519 5791 32937 2532 38117 2417 42992 34078 26723 24329 42867 11624 38781 5780 23032 26197 29640 1404 20212 16222 18101 4835 35005 39075 30522 43713 42586 40345 36166 7687 31548 16526 13249 8740 21498 44050 6979 11353 28716 31020 7239 40485 12344 4520 15664 22201 38819 40658
2255 62
31560 736 42864 1297 2136 15836 20417 19299 20750 36624 31257 15866 38285 17424 26925 25052 30817 18775 6140 24073 18141 4136 22170 4126 13081 44512 29654 33709 39099 31413 14063 29251 7701 9604 39447 3793 39587 25772 1796 38861 41215 15753 43927 6232 44676 7247 3932 34177 24122 6953 26590 23067 8987 28974 27062 4834 24807 3454 15667 13802 13272 10551
7431 63
28146 35559 39177 39653 1056 36225 43082 4554 42595 24766 27684 35077 42596 986 14288 34389 5276 16180 40952 12113 5404 34745 33379 39352 10422 25408 26440 44313 38702 10001 44182 43294 1764 39965 26767 26469 18889 4506 31223 28503 10745 31303 41285 14863 7344 5200 14935 43075 44501 10180 2013 19613 41507 38118 41401 14507 11140 41793 27826 4900 22001 8436 15979
4371 66
12739 44063 5247 5383 24078 7793 7504 32366 36047 31008 35567 42861 5349 37398 37274 11027 23933 30739 16593 3766 10803 33605 20211 32111 1272 15320 30588 15506 32888 40936 9030 25919 28835 32642 40124 289 21193 43629 16442 8652 18981 27363 18493 42098 29507 25663 29695 18557 28067 39089 35264 33755 26023 30137 18291 5465 34911 21773 2991 31842 36435 12086 15852 35062 15922 42530
6382 65
11039 6794 5456 30039 1628 35357 8871 3340 20489 4265 3751 34049 29864 32262 38253 32966 30717 33129 30273 3801 21403 31963 25900 6046 10032 38180 7644 15844 14956 27256 40537 15463 20264 8100 25517 17063 24004 37807 37969 15783 38575 25482 32392 468 208 31624 17346 30732 18565 25958 29496 37996 43762 13440 22230 17651 4110 20158 22912 5663 12292 34990 9372 6281 3356
914 68
19822 17298 37350 28384 39617 19224 19606 22624 25397 40513 16942 10088 41884 1673 3212 28361 5672 29869 28193 43639 39633 40613 38080 14332 304 36421 31844 25187 12120 29599 28367 8824 30146 16102 39350 41073 27906 6988 22454 44271 15989 25071 21715 29936 40089 10231 14617 17718 20251 5845 31712 2034 4560 20434 42718 37259 29976 39674 32248 39487 41608 20483 29302 32660 18978 4358 39964 18487
1600 66
19619 42358 658 42390 38251 16406 36845 38448 22480 10 9039 7829 31149 23701 35896 22932 27680 38420 34405 20933 17294 25346 25659 32088 5325 25573 1651 14444 37592 27091 4350 4816 14842 37125 36558 5378 16140 1958 38719 6518 31110 41063 19920 29596 39366 8661 28079 28181 23412 6596 4729 34822 19370 37061 13022 25925 36539 30681 13952 8462 6186 33925 40709 31969 26012 37788
152 57
24977 13362 33226 37069 20600 34073 21238 8630 39064 39220 19015 31640 14802 10959 23141 1411 33728 19569 44098 10013 41506 42048 14475 34010 36647 12785 1069 35611 7449 37155 4738 27720 35957 17989 6581 22612 16211 3577 23201 18945 28649 22810 24498 14024 4158 22313 6844 16630 23794 25998 21995 9378 37329 14901 32711 30949 4117
6480 59
29692 17308 25203 12992 24155 21947 13873 8051 29146 30985 32377 6680 33583 2147 152 7003 15209 42465 1843 39341 44035 44788 7547 27677 12288 36560 9659 26910 6135 11708 28132 14953 33308 30767 10349 38726 22608 41902 42279 4460 23051 10972 2388 13058 16906 17738 34560 9344 18081 26461 19161 31617 834 5543 12100 33474 20143 37209 43644
2039 66
18678 18053 18764 3930 39901 1638 12672 24074 30350 18550 9754 27903 32340 20016 35244 13794 17487 44044 33833 15181 21070 14846 9154 41660 27041 3683 19790 6020 42645 9329 31044 20048 2401 15016 33631 2830 12043 27482 9219 15322 27128 14790 6986 19102 15892 43736 32590 43457 21955 39632 12313 36763 9903 13514 9596 37490 24228 20801 1529 30571 39670 39650 29959 5711 11177 43795
321 62
33495 34952 25234 34113 4955 34746 34122 35628 16072 37908 43993 5919 3808 5440 12219 24159 16184 22680 5481 12358 33119 25758 41615 37861 4703 34606 18899 29740 13346 41860 40850 13420 9246 12542 34131 28112 32076 38891 37961 40703 6804 6992 20054 43796 39634 25222 44009 19250 37338 6725 364 27835 19881 7124 24579 27153 22327 26521 16892 2677 20196 7000
1446 68
14339 42544 19469 7296 30736 11644 30996 38782 25946 2782 13736 27476 20752 5568 12228 18409 32062 34028 17441 39639 36493 40825 13827 29041 18087 43053 31083 6417 27312 10048 39545 514 6772 26324 35021 30865 33862 5540 11500 18226 30008 18845 38318 3684 40423 6706 35287 1137 36956 25371 3578 21007 4470 1472 32707 28085 35916 12154 42616 26306 4691 27170 44206 5117 4118 8636 18907 41284
377 61
42015 33543 11211 15216 24328 28548 31878 10640 23954 29708 44278 5081 33782 27291 40506 35333 36773 17665 35911 24045 24235 41687 34064 40661 11793 42308 28728 10298 32024 26048 15395 11936 4978 13160 33867 40218 38806 35665 17961 20031 7972 18228 14296 22267 4024 17863 42501 8498 1015 15405 2559 18758 19389 28230 32669 15761 25688 13960 33618 7294 24523
2325 60
43683 5664 39772 35905 11841 40374 13768 20055 10995 1626 25743 20320 3942 6736 40010 310 41877 19672 35048 19406 11349 18378 23584 38538 18912 5935 33201 44244 32850 39008 26765 6530 3848 31031 30400 459 38733 23992 15453 20371 38330 34737 23439 6436 10310 9141 2996 6470 30853 17096 25568 38900 26096 22384 35836 12101 36488 35844 13557 5590
2525 60
43121 40863 13714 19245 8766 12862 27492 40098 44540 42315 39666 28396 42331 2318 6554 19596 33092 34627 41121 37269 25349 13544 6943 12015 28891 6480 28689 21562 11596 19946 24227 32411 7082 36665 12886 31987 4734 34307 26994 42661 8171 28715 16730 17637 11616 44042 36204 508 44138 17064 16877 37687 17450 16392 33838 16838 5089 25752 18628 17729
3796 66
40706 2090 3089 4102 39384 10246 14076 42732 38476 19186 17816 21304 9689 28692 40761 933 13660 25192 33909 36948 1975 21740 28425 20616 6424 7142 40933 13748 24955 22200 24588 36193 6350 11450 16899 22897 1019 26806 7408 26608 30392 19315 6061 12699 2717 30570 24085 27478 3938 38969 16089 2164 11272 21348 31000 7202 16742 9653 15409 21775 25601 35158 29563 5885 23297 15940
916 65
6469 25501 26400 21522 7193 13161 26000 27157 25221 40643 27751 168 18114 42983 16296 43131 741 21906 4831 12778 33628 21781 7057 17399 20460 36951 23159 12446 41502 33693 2152 43276 16602 1966 34155 27416 38145 35515 42208 39892 20259 41155 25866 30369 10305 23964 44428 11768 13969 15862 13596 11291 1925 26203 38101 26395 43948 39057 24870 22681 13043 7824 39402 27397 3805
906 51
21974 13623 18372 32942 9307 35597 20648 22343 29880 33219 30372 14078 2805 20803 14205 43023 7993 7652 6669 26468 19439 32663 5407 14696 12551 38599 25018 3432 38646 22960 28098 18403 10905 7299 13902 3733 16028 8140 40068 39286 2274 7535 41870 4415 36280 4849 16036 67 10064 14939 24464
6417 64
39173 25360 38846 30496 1275 2568 20167 12275 31366 15538 26478 9908 29160 44017 32606 42173 21880 33683 26813 8852 11462 10543 19006 34043 29259 21371 1247 6638 12782 32007 39713 8571 22380 34612 42760 15800 12864 3076 39297 19633 12784 36509 1420 24421 28578 19976 41017 25133 16975 23803 30606 2105 11024 41567 38915 9341 33563 18651 12095 14854 25530 5118 31385 34298
3269 58
1009 8790 22129 373 17572 24279 21381 26416 1338 14818 40634 8899 34901 27366 36430 44548 34570 25293 41133 16219 17175 21387 32584 5441 17602 30594 39836 15614 12736 19494 25320 26956 38047 15670 43622 3130 34204 29935 21264 11301 9687 11329 4827 1692 5536 15179 37288 23798 39471 12303 13333 20924 29923 2731 19162 20470 15713 38346
2440 60
23204 23126 6829 20556 19043 3197 15643 37553 4023 5454 6648 20805 30491 27052 30650 31890 43229 21517 1320 20800 41488 13934 35242 21616 26970 34751 5648 20942 39414 13000 33279 1446 17583 35113 27477 8229 14036 19842 20138 36609 2837 6069 25005 44652 33342 31546 42918 40260 17337 10913 41786 41093 19685 35832 43966 37189 14469 43442 2757 4748
5722 61
1787 23279 22296 23146 42236 36939 31306 3881 14963 39668 17460 44694 34401 19178 1767 39838 10222 24220 44234 9730 24041 31841 42420 33620 36148 5085 8775 9991 38656 2987 4419 34466 20878 41824 28329 29390 35015 26448 32550 18338 22659 17473 36398 14904 7524 21226 44073 41116 37895 24278 21892 2219 22403 39438 8463 17085 26789 23912 20418 14314 26237
663 62
29614 39610 976 39116 9548 20269 26160 30343 27118 10823 35421 28740 38863 8373 33857 42628 33872 4371 31321 11748 9961 27084 31882 1670 25798 25587 11306 16569 42226 38857 15147 15998 33669 26454 4455 44155 25264 829 1753 11621 5523 29180 6398 26850 42564 12820 37184 2763 32540 34794 42313 2461 32330 41132 19668 1847 25315 11186 26592 6157 38056 28979
2994 64
40519 3040 27134 44785 13912 13702 21218 37370 23292 38531 24867 42189 22521 21578 22700 19048 2537 5722 30668 2751 38499 13923 22050 2704 44577 41348 10187 27682 22938 26512 28147 16270 26386 4011 29093 28140 12600 32558 39516 24476 3303 26676 33903 22926 36180 2818 34002 27861 34262 29135 43423 6225 36996 28896 24195 8487 10091 40312 36959 12707 32483 4340 27692 39527
3199 62
11996 34674 8500 39174 14937 35723 12237 39936 1144 36026 24423 32374 25810 28049 3697 7362 21580 18727 7691 18364 6289 35645 2173 37934 10323 35455 31627 19635 44230 11686 3789 38376 8514 2261 12988 7222 44045 9602 33906 7916 3254 39981 34038 14253 3430 2074 5547 6735 43842 8792 40078 9547 28339 8276 26941 26990 25635 17321 9432 28494 8405 5554
3007 58
1921 28794 19727 42496 33802 31491 44341 25616 36889 22726 15574 31735 44002 2251 18195 35798 4159 7228 28788 1126 6831 41730 11778 27639 32902 30701 38012 26755 42111 17625 13578 26398 8861 41680 8867 19651 786 30152 26934 5772 26754 2083 9328 8072 11253 23494 34373 26978 38791 43825 21065 26507 1050 25239 33703 13300 22138 3871
5883 62
20369 7930 2686 23632 18497 38934 14660 16762 3360 12557 20486 7490 5485 23570 31078 32546 21738 7595 21575 4990 20273 25839 33817 4776 12995 40096 38758 32255 34734 11921 2076 2294 20757 22735 19826 43886 31752 24205 787 222 10526 43484 31189 19156 39949 1851 29018 16237 36725 18050 16314 24375 37247 19671 9972 23270 19816 14493 1714 12654 24151 8895
5132 58
9211 15659 10269 2411 5537 28121 31769 29374 1862 41523 37624 5077 12506 11061 36810 24819 584 40949 13715 728 32126 32066 33414 34036 40972 40563 22183 1443 14581 33418 23758 32231 41439 21853 14947 29534 31558 15770 33878 10539 32021 24597 11636 33938 38643 31881 35361 10208 22525 33488 7953 28755 28300 815 22154 22520 16463 17076
5331 64
15704 26422 8428 20026 29365 511 25215 18506 35462 35626 23255 36410 11813 38148 19376 22349 8670 28351 17247 12402 17842 21814 33614 3806 32693 2266 13053 25357 17675 33647 13551 16854 12677 31615 15449 5538 36591 17991 33500 23221 5145 43936 43221 30763 27024 43196 26896 28172 18049 8454 32541 17716 18054 11443 14739 15810 15804 16492 29340 17891 39309 42698 26660 2767
770 61
13007 15460 39559 30092 15912 1790 19337 17832 5619 22846 9860 38419 9097 23705 897 3099 42381 44747 26525 19807 42818 26174 17620 15730 23040 27375 14787 11347 8760 20230 11770 43487 15827 34016 3223 29745 12901 34589 44251 33603 5385 28757 37653 13565 17456 20413 3718 32639 7444 5065 26931 9257 11945 29962 44388 12541 14577 20318 33349 31070 33160
2520 59
4412 39369 44793 35068 38462 44499 21213 35343 12439 42059 18919 10307 10637 38715 28097 42271 22774 15792 34528 28539 42604 14558 33015 34300 19956 30482 16198 2829 6625 29072 13567 15111 23484 22576 38829 28642 12226 27423 5657 21590 41074 27800 26720 30246 34472 1510 15473 25206 25209 31866 27414 28244 29664 37929 34788 11954 4930 15829 33517
1413 65
25471 39073 21576 39942 34962 16692 11523 42 18973 403 32661 41263 18811 23352 2466 5328 27556 3903 23850 7783 25932 35122 14228 3265 18246 43973 9618 25145 17250 8371 40719 23294 10056 3064 13649 29751 7720 5855 11002 35250 20493 9508 2384 28380 25194 42184 14693 37021 20144 2435 10720 6125 8574 37710 6224 1090 34496 41815 11176 10065 22866 4463 4220 25917 35029
2002 62
31346 28981 8809 15081 7278 4448 8388 37000 18562 19631 31533 10654 13401 23690 38759 7303 42345 28602 33053 26421 20896 7045 40174 7571 43449 17509 17907 16631 7498 3860 21679 32815 13921 41750 36187 10761 29951 4547 10266 33664 2239 33062 8010 36924 24674 18828 26528 33362 14687 22734 42548 44643 38736 25586 17609 6910 44520 37937 34399 3961 11932 2961
686 62
25608 2869 20168 20084 40808 4472 17496 20109 13271 30631 42883 25985 29874 818 10382 32212 25245 41434 17405 34532 22513 12869 36028 9996 39494 11868 40157 34242 5306 27266 20708 30952 35084 34733 36510 19908 1349 4313 13842 18503 23920 22115 24928 13263 39862 7080 2191 249 30046 35332 22572 26322 26418 44300 15245 13575 22102 21712 34832 44813 34433 27509
2353 61
5874 3803 31725 30139 18201 2467 3664 27346 387 2060 14279 21160 14001 28973 34352 29138 29542 18229 40276 17758 15624 10455 10328 20532 27101 14101 13338 198 40492 39282 1254 39623 30357 25879 21849 39271 6565 14278 21046 7463 28550 36862 41068 40025 26504 7959 30129 4143 11774 29234 25409 21223 33250 16050 40321 20160 4307 5789 9941 40836 36502
3134 55
42070 22689 11071 18469 23411 9847 16304 27862 8750 31290 14999 33459 26705 27130 38780 42367 25657 14497 9880 12484 22867 39422 35894 33615 44467 10513 1032 14449 12954 20474 13406 26054 29861 29299 21175 3449 10599 14464 18155 16516 16345 7054 30768 34598 4673 5788 80 8909 43780 43171 22848 33018 27254 40860 44745
336 67
28005 2158 38880 35234 28789 32002 12928 16656 36987 33127 24405 36373 34866 41963 36048 16071 36237 12045 29836 41265 27238 33967 36775 21569 26681 15524 1006 44049 27342 10193 23739 22359 34849 4722 42948 24510 12234 1460 18175 16217 11239 9241 4238 29624 27046 23804 42104 21010 3308 21305 24733 28533 35574 25312 3145 363 27635 2447 20428 27459 9837 19940 23799 30529 29924 30931 44769
350 63
37290 24101 7286 27849 21869 11086 23874 35193 40250 12630 3609 32800 19621 39715 24687 42261 42678 35198 29886 30293 9292 22447 7123 25179 15494 3025 36062 10122 40479 27857 7407 22082 40843 18718 38510 32810 22258 2924 3815 30895 38138 34013 10794 16571 10819 9325 44218 22577 6028 8931 20089 22151 44474 10143 24665 41325 30581 43612 14758 43093 16933 6273 1072
1500 59
40487 25846 31789 36719 38036 6537 41273 14168 9581 15696 28836 43129 38757 43841 23980 4372 41604 10472 18880 25904 7298 16904 27214 15303 27702 13525 16269 1952 34351 33726 12311 30042 34502 40295 26788 30084 25162 7436 33446 39663 38186 17849 4809 11088 28296 8182 38048 26466 19552 5562 7085 9022 19979 6543 36689 34719 42755 31706 8419
1329 52
6708 11280 43092 9534 31144 20220 5365 30243 19200 33540 30061 8551 26497 30359 12637 18459 40828 38100 24442 17546 5803 15203 44231 9350 171 40784 33381 8192 31114 34084 1059 27020 10638 32412 29145 37847 12518 11334 25763 36303 13741 13672 44196 16747 29606 30118 34524 11095 6117 31439 577 36323
6354 58
10182 40155 299 42829 41212 31032 24813 4502 14399 13630 1176 1206 41899 5940 27916 21484 28968 20003 4089 4268 39055 40647 35650 13311 20848 18812 42417 2554 9638 32460 5852 34083 33104 23245 21986 31004 22792 42642 9497 42802 13584 1622 7555 20876 37921 1426 9566 20349 27555 10619 4008 27361 8016 17884 41514 42752 25029 29988
833 65
15019 7594 15861 9722 1174 40360 5571 17275 6689 6874 33608 788 17105 12863 11040 140 43695 7051 38595 36226 24309 10742 16418 17223 44114 28991 29217 43020 31587 31524 23681 13832 3517 41698 30714 19501 23892 44461 35472 15359 35654 19234 20671 8874 30128 20943 17377 27197 12513 10306 10210 27752 7707 2154 8418 23554 4640 7125 5975 24461 24598 23348 365 13981 1872
7353 59
25028 43852 44427 2475 27089 26335 40475 35508 27063 33415 19336 41827 30874 29209 36136 12264 29083 7513 7220 3001 42569 37628 3426 10650 29651 23958 26503 27569 20624 36643 37695 41374 7092 27309 19 2850 17512 15720 40140 5612 14060 43648 39924 29308 14390 21923 38775 6523 7354 42847 23540 28930 22038 35261 44043 20788 36034 22315 41967
6081 60
32678 39928 17168 29017 11831 42806 13410 31068 11580 15528 28731 7068 12498 24226 26243 19643 36749 15949 31318 10049 43249 18318 24578 27901 626 27681 14737 12343 39122 568 23748 40853 33685 37328 16729 26428 11955 25269 35124 7527 3892 20799 25972 43251 27516 26838 20324 9727 9087 9239 20193 26657 15616 33116 5773 12826 42880 44557 41744 7831
1778 55
6119 24341 4865 11872 19970 2295 44809 36002 43529 98 36772 28479 2527 25255 24910 40708 19401 6860 20061 43777 43124 27744 10771 17571 28336 8338 3673 37505 22705 13818 30060 19114 3373 42736 28670 40547 12669 26443 28597 43191 38892 8465 34626 16863 4493 6189 18500 28016 3701 14516 10596 20459 22339 34272 21064
393 57
14341 6703 43400 32670 3240 43123 21215 13411 14226 24229 29777 21148 17005 36441 32133 26246 14380 28631 33165 38660 7694 40426 11117 13829 10941 3358 21989 20175 36223 34101 2596 19545 9038 38317 42170 44249 24458 12483 23811 23191 32192 22039 23460 23896 34030 19365 26177 9209 5649 6010 215 40819 41451 3421 26494 34460 23193
1330 59
38753 42219 24626 7855 42006 12262 10358 41029 14918 25776 19343 32461 13355 35042 19706 40807 40265 38201 41874 23321 33405 16271 38676 20816 37503 33876 12470 20408 42438 34615 35913 2429 25724 17421 26129 21732 21793 30101 2453 25744 2121 5044 37518 20404 2330 9980 10240 7812 19402 26735 6621 16110 7067 27776 20419 18617 27540 20035 31134
901 61
23228 2918 4855 35070 20662 37121 3874 16288 13784 34293 18117 7006 41282 43853 26099 39299 42710 24259 3767 4155 28266 41180 32870 11673 18418 1639 7726 36557 35327 10588 21400 20425 37472 43464 32841 263 29037 23329 22884 35849 8860 26417 24360 23271 16467 25509 35821 3138 7375 15153 1718 13835 21279 43779 24787 4759 10547 32354 9299 19806 35742
7662 55
40881 18030 41231 35494 22764 2656 13478 20481 4125 29192 1798 18273 9595 7970 25861 33919 4446 7168 20423 22809 30318 22813 40566 34949 8994 4942 13402 25927 16282 35807 4490 3802 23511 29435 37528 25655 16142 16148 32599 30066 25646 41461 439 12261 7134 16493 20421 7572 6104 41483 15288 41948 1368 5696 11490
792 61
19267 44498 37680 6038 31094 37784 22250 36337 32506 7545 27666 3909 43985 17935 26307 10282 37714 29717 10680 281 42132 11229 8106 9546 28464 25532 27566 33450 26107 32594 7854 27327 57 6396 11065 17252 39973 3050 5254 35764 24719 34080 525 27221 44372 12866 39397 28182 38297 6171 6566 31995 24872 17860 31478 28696 29024 20384 7954 27843 24776
2257 64
32243 42133 39242 38700 29852 38284 1968 18642 33072 38790 31896 41990 33036 26132 8786 13103 12246 21941 22429 10432 21570 43606 7469 34407 5646 27880 33900 24962 2298 16587 2528 30960 23608 26342 25184 44062 27575 20706 11469 42559 23650 24083 38948 24188 1578 14021 27163 39771 38813 7017 7372 37273 32782 25535 27502 39662 7976 19802 10741 33899 25053 9798 2368 2180
5649 57
32931 27075 17529 18856 14756 10433 27236 27767 34703 26587 41095 29719 2122 17121 637 8027 23177 40172 44312 23006 5736 40935 37541 32715 29313 29966 41635 41703 18911 16096 7204 4402 30134 9570 7192 6896 44052 23520 17404 35340 7270 38443 35803 31885 15319 27972 20298 33475 18881 38431 25095 33505 22776 9667 38584 29566 18712
5007 64
2628 34224 6704 32753 17397 43929 14177 7897 18886 15984 32617 29201 37652 13147 14798 19834 4516 19579 28299 29931 38541 38275 20769 36017 36525 37990 8484 33441 3602 653 43375 456 31997 26009 15352 27773 13838 24474 44375 7886 11859 7757 23154 23179 42187 15156 18299 6693 4034 17921 34982 25399 2304 32806 7868 14701 39189 15075 4869 30711 41094 40525 41923 16015
1112 60
16413 17152 14373 20087 4531 41072 21584 21132 23859 15887 25161 5830 36680 17752 33888 24636 31760 13094 43574 36765 17712 3886 200 11631 11241 12394 39371 22950 29665 42407 2317 12004 40267 39688 10252 44195 39643 4634 10566 25458 13324 30080 11351 43301 30386 1211 16414 28736 33617 39990 585 19072 26032 31670 43256 31486 19805 10370 37024 9445
6393 58
3836 23308 4119 37471 4580 29182 9276 44591 676 33725 7072 43728 36209 17153 5474 12247 33610 15291 4951 27060 28556 20194 36029 40110 9466 37231 30214 1914 23061 15299 44094 22263 37782 21564 40741 11328 29707 1219 25148 40031 42776 17946 35579 16212 40486 6577 24351 23354 375 43450 41553 24377 18796 24966 16882 3148 36419 5739
2006 61
39521 6238 900 4239 20074 42443 11219 18514 32551 30281 38919 43970 10660 27504 43178 11403 2326 21972 24855 12385 14178 40246 31248 26017 7363 750 21219 9226 5604 24736 6107 42724 39292 883 37982 13713 28612 17341 43996 27185 38897 19704 11990 36507 3433 14624 31064 42590 24081 9272 22869 15541 11537 34545 34664 38557 36483 42827 7395 37310 32490
3865 58
35092 20309 16138 16534 36184 29841 5532 37185 15130 1057 24495 42915 18029 16682 5624 20140 11734 26006 36922 41466 41097 33557 3320 355 38411 15336 43584 15594 42278 14102 32335 12361 8671 19194 8582 22652 10564 5954 13232 11120 11147 37324 1095 11016 31239 41360 38436 28045 11044 6624 33670 8991 24249 37075 44444 1135 43975 40839
1063 54
3500 1475 3827 15876 8456 16447 18966 8364 10490 14259 15596 32141 7623 8411 4872 10235 23048 30727 20834 24488 29979 36578 5395 6520 16202 15451 43143 6899 3587 44642 24363 6258 1200 12509 27411 28411 7132 12437 38314 38414 3764 36041 3326 3559 18285 35145 43974 15452 37470 20389 28679 12301 36167 2745
1137 60
21901 9026 31489 32787 21728 19403 32113 19019 43740 40927 34767 3898 16107 15985 43588 6701 34715 12876 3474 8306 30211 19417 22838 22064 39285 8936 12340 1927 28309 28164 11730 202 41544 30283 23759 20495 8640 37107 8763 8092 24138 1752 17688 6377 34910 39326 18388 40310 19527 7947 16637 32733 16864 43548 26958 41915 13056 12879 21695 13170
532 55
22243 5210 31919 43937 38824 38387 34337 30164 37230 25729 31124 3957 699 26509 40102 16568 5492 29152 41213 44109 17506 38805 38071 26840 29291 36835 15433 25991 15769 10334 34650 10113 25930 38605 23932 17103 29334 42080 44007 1468 21269 29760 4003 31742 15646 1931 40375 5729 22041 20846 20995 18227 1233 28154 16529
3403 60
9512 30659 16653 27852 44293 14628 27559 34320 11243 30756 13779 44761 43835 34867 8012 14413 5446 5821 2048 20910 18706 34468 28219 31846 19798 42034 7245 31733 17272 29627 42728 25401 39268 34939 13215 16042 17724 36082 19786 24291 4762 19703 29776 44316 2630 34453 36469 23812 26552 2214 33014 25247 43717 6458 33674 29124 28870 9674 39873 17053
1291 60
7100 36254 14282 17452 31155 42354 36279 19578 33896 30513 42492 28062 9177 24540 24630 17227 37011 35596 3447 35829 21670 43269 14711 27003 42623 21985 15103 6479 29239 23443 22446 39745 41934 30390 2223 42090 26101 9532 34377 29252 6768 8290 29282 36432 34217 33496 31426 20228 43562 30875 19743 20159 21210 11987 4782 24034 16429 21607 7887 40794
4519 52
40120 9960 26771 28505 6901 41663 13614 26549 37156 39382 30579 37568 10012 18953 26604 8863 6696 36813 17192 37733 11957 25385 10553 33472 24577 12717 29171 29099 19375 42539 38172 21452 29855 766 2613 9670 13179 25201 42019 2243 32098 34031 8807 35407 33619 17373 966 8476 3875 44459 35809 26271
2195 57
22328 16319 13903 8817 9828 12873 42527 29268 25212 43513 8394 16262 7603 22290 20355 20233 40669 10661 5626 1075 3812 12068 16780 9699 21492 35557 41372 33106 2443 40086 32226 24677 27027 16582 6367 12189 14726 21404 37496 7744 20580 21651 9845 25538 30705 20065 21766 25037 22767 33132 39961 19355 26708 15087 21844 36857 11446
6295 55
29178 6835 1047 39395 22888 33043 16079 43809 37727 11160 42143 35470 9403 11254 44782 30988 19937 21769 35120 44544 28136 4109 5116 5443 22366 6014 29519 20219 34586 35144 4226 33263 21657 29379 32477 12084 21388 1447 6016 16974 14070 7200 20252 16610 37737 10652 1979 22629 24852 42397 7351 43345 39048 19094 17301
4163 58
6922 38717 6756 39077 8858 5556 20002 11691 8966 39826 43342 24763 7641 43706 31299 3709 5110 5120 8110 31029 30317 5251 2377 14171 44417 13994 34308 15172 33599 7843 28936 17704 27506 11139 7799 32962 21886 42192 22186 24539 28440 18162 30177 22517 38321 44018 8712 39111 17231 12649 15788 23425 9565 39387 37914 7261 28516 43858
2743 56
34742 6431 8645 27120 18197 4645 6965 12355 44149 15148 24991 34234 17361 16623 19083 22679 32625 39621 1288 40029 7330 2001 37091 36972 39774 132 22148 24097 31908 41315 14595 14329 14675 12231 32376 5318 4735 15694 9000 22160 29744 1511 32280 2167 43050 26639 13854 42809 25361 36606 2622 40755 32258 2308 29798 26291
270 65
12870 24019 44489 35458 32990 22418 7447 34156 13606 34428 10083 2396 29333 11806 23583 31217 32874 20198 23918 15682 2101 19860 38073 35311 13889 38237 4151 21864 13639 19533 2102 19111 17344 2389 2358 28089 5990 3274 33213 15175 28723 18124 11064 7115 43619 38143 1613 9061 34106 20189 495 42175 41258 28570 10592 19684 25756 27905 35837 25292 22823 9496 28507 42016 24027
1507 60
7309 31142 6561 16954 33741 39539 10351 15178 13015 305 36935 29940 8506 34455 5412 39600 11980 19803 8421 22631 39405 42292 40535 35373 536 20673 38115 23843 9684 14210 25427 42629 2690 28521 43705 40234 8935 31045 13465 41112 13751 19087 36139 10565 349 16372 30566 20448 2838 37265 9712 33045 14648 28229 38437 36119 43323 8178 6832 23267
7836 56
29027 28194 9693 38132 34947 21736 3399 39638 19027 37704 36231 5530 24194 35216 11530 12119 22078 36797 28607 7102 36078 691 5163 6213 21157 869 34371 38798 7977 39840 7878 18810 4766 17364 2586 21866 22900 739 18007 6803 30742 8532 28960 30463 19766 43587 30906 26015 30630 34421 39190 34256 10294 36308 23504 5611
4518 54
20763 23806 27415 9789 33954 76 21433 22091 31898 39697 41809 23072 13044 17996 11724 44247 33933 22817 9237 3876 301 30610 9751 33790 14656 14864 22405 33572 21473 13034 5863 39349 40593 35904 27645 9522 13946 32178 30922 25820 43119 1696 12819 11968 42327 41683 42045 36108 5674 20443 14350 17463 33523 16083
2599 54
20450 35519 44758 16456 26490 18203 3247 27615 31215 38650 9046 30435 25588 32283 2614 39210 20411 39003 9958 19524 19092 32589 22443 30079 32026 14135 12853 16712 15365 37677 12610 16973 2798 37547 1563 13512 37176 35447 33697 22852 17819 43957 25195 16019 5879 19152 14936 26603 44282 3078 20030 30968 28024 19189
1373 56
36095 29462 43112 18445 27458 43135 24633 14468 21200 1038 1647 7564 30765 13028 22698 8523 42181 25695 2329 32415 19314 34489 41901 20293 18728 40141 21602 29634 33448 20553 26347 32004 30356 1755 34828 43664 31182 17811 1624 22040 39692 7106 724 39898 26905 32765 22948 6462 44584 21660 7242 19780 31194 5417 3725 33384
248 56
19154 30373 14321 23844 26932 22046 35364 2847 20606 37706 26962 14673 44494 3170 24769 5503 29038 40286 19177 1226 33013 30642 31696 10257 8455 9889 40416 34663 31204 11593 33668 2218 20216 8958 21382 33706 5678 6375 17592 5209 25224 28274 43863 17973 5329 19221 14700 25994 28037 44318 2627 10901 13523 40 28921 23638
7344 60
21816 23079 38471 2367 44762 4556 23106 27607 22354 34114 17798 33416 37725 21128 13685 11429 33259 30421 32677 23624 36989 5967 27282 14719 30159 17853 41947 3182 14394 11561 36273 7664 44435 170 8144 5424 32705 16225 40987 15316 14666 1967 23994 44067 40229 20166 3013 32897 11496 20762 41410 12550 30539 41548 34843 21237 16688 25862 18026 2032
3678 54
21935 40543 9396 4097 6284 4787 21032 15214 30477 7999 16017 23893 25082 41928 29890 27420 21629 40602 40303 43684 32355 9620 36735 27017 35486 23450 431 22656 19282 6370 28768 36294 21726 5804 30209 34441 31909 3740 4941 27372 36496 17837 23870 42657 2547 38604 28168 87 6667 8842 9319 10612 30716 14824
293 55
40419 37610 745 37816 9930 33436 32125 1832 18268 31708 28634 22275 43570 20820 23442 4575 13865 42570 8904 32496 2783 23815 6482 19759 41862 4167 14326 26579 602 15711 13241 27181 14091 24697 39267 39820 35201 18217 17682 10544 39432 31502 40012 22675 7926 27640 8126 25426 43757 37220 9399 43812 38709 35706 18379
952 64
31481 13844 38442 40947 41404 44126 8330 31597 36679 15137 12948 39107 26081 25083 16168 22837 40733 1829 42067 6269 31496 30819 3951 7342 27706 13725 43235 36305 22714 24010 2560 9771 30803 42873 1501 32509 38845 7675 3891 22730 42117 7032 31681 29492 7763 17933 29783 3724 2958 16201 32640 7288 8003 4709 24054 26890 19491 40488 20229 36592 18616 24911 3005 13273
3776 62
21801 17411 20934 42521 16013 38263 22621 16132 31214 7902 39228 2631 15891 8409 40014 28993 14490 37787 13875 38632 36962 28294 21865 36931 15435 42066 5190 36158 1615 16751 82 38424 37915 10903 17457 18219 20560 11939 10634 6620 11322 22123 20637 40059 17043 29679 17332 28857 34019 34762 24831 20764 36856 38979 8764 13185 33458 31976 27384 8677 14665 12848
1621 56
40206 24957 23537 12779 9212 17929 17751 43244 27802 21636 4961 23921 33548 12269 43539 1415 381 12207 10777 4883 23020 9095 37970 24472 11226 30208 25617 27234 34876 38181 44748 22033 35036 19567 5233 21075 35608 24992 15907 29742 844 26157 24667 20199 18488 40739 32249 38394 5079 17317 5305 41217 19103 30878 973 3471
6447 46
29549 24438 14422 23160 6151 992 34239 42711 38909 12290 17715 6546 17813 27357 27970 31745 18652 9831 20400 14500 28090 24937 14775 44401 42056 33688 36919 33698 21462 22649 29575 612 562 5092 18570 7541 9713 6737 40662 2524 6452 21267 10435 37753 36304 32210
3089 58
21973 43113 15220 12734 4193 16662 37250 30465 31186 9905 15101 11030 39805 24614 29320 1110 28420 5908 12428 38603 37029 28893 14843 10582 27576 20454 23614 33366 39199 30404 21503 37974 33136 27734 16523 23057 9462 29583 38752 9442 9993 6170 27573 18222 21311 30643 2523 13647 19793 6392 19426 8346 6731 9844 37845 10427 20785 30049
1900 52
11019 41114 6408 31565 35406 7404 41113 33485 14704 32104 23768 27958 6989 19612 8492 19716 28223 38593 43892 40851 43967 27262 21953 16480 39033 6585 30774 29533 41339 5462 11875 36693 25296 32103 18545 31082 11221 36268 6505 9896 6302 30971 20506 19476 204 26010 6710 13536 6588 7148 44411 21804
7579 57
19546 1524 18685 19561 26062 11467 42598 1617 28506 5107 31350 35947 37392 9360 2752 18860 22500 25248 43770 19713 13136 702 1634 14706 36921 10006 2610 39261 17007 11962 9351 12757 13737 31796 34390 18000 244 27563 35811 26645 25163 15021 31048 33028 17471 44635 31660 15939 38615 37088 14609 5757 22096 17922 39631 6147 28571
90 60
40560 13977 32151 25186 8232 37843 5435 14600 42798 7753 29875 7823 7422 32436 23115 35785 11150 2014 40088 18504 16536 20416 8056 34403 27207 31295 1162 27638 8211 2311 38316 7319 5353 29946 40865 10304 42815 25574 1163 14370 27302 26674 690 28645 33869 18193 5490 11178 40454 31980 40512 42887 32665 32835 12765 4499 43806 26646 41578 35691
1791 57
22321 18691 30108 15746 27233 41080 35761 26350 41542 32435 2712 37207 21394 1946 13616 7853 6809 24695 10017 29908 34491 22124 10205 15283 18698 9290 432 29970 3493 3648 7076 7164 10511 18269 2906 43833 38061 42063 31850 32397 12270 23993 28091 29190 41550 44016 31416 17893 15428 43906 32832 39620 38119 21186 7456 9846 19125
139 56
34362 4618 4489 30975 26394 10982 2885 23184 12537 32203 12375 13197 36901 30511 12902 18878 28563 29343 14793 512 4295 44119 8173 27059 3888 19972 40734 38338 4200 27670 12745 13629 23205 11988 25093 36656 32017 11903 18395 13306 9990 36986 18872 5415 9568 1883 7109 18270 6635 13532 23525 22890 21239 10600 21349 6011
2582 52
43395 33812 21724 25727 39170 37313 17794 8184 10015 32685 5724 44826 10840 9431 21296 13531 42738 19977 931 357 2133 29250 15438 44343 9191 12096 3904 44302 4172 7430 16112 389 10383 22109 22982 32301 36188 22242 42095 42812 39777 40452 28653 34345 23326 43761 29686 16921 2463 30504 31717 14954
6311 54
14254 11084 36071 23753 25745 38655 7260 44524 18112 13087 11488 14095 3082 33090 38010 13671 44121 34018 38883 29593 39250 11942 23219 17610 2494 21518 22288 17840 43601 35889 17505 12317 21951 11297 39113 2169 15567 27055 41879 10429 8795 44629 19511 33148 2252 11974 16505 37147 28610 9911 42076 5869 14612 19358
928 61
31212 44574 2476 38746 24256 23963 19655 42775 44537 5707 26299 20647 27513 43314 29581 40813 36061 28635 5491 10711 29110 11513 37587 2872 37640 34924 619 27200 43896 37197 26499 25366 4542 1463 8207 41163 38833 39917 35582 39443 37065 5740 30966 32887 30859 7585 6477 26924 10391 840 16943 19876 27258 33181 41011 40558 10253 29525 30990 28342 128
2596 62
7110 12500 22783 8739 42269 20719 23675 7021 40953 31697 17028 35520 8359 35141 15685 6153 38277 29960 15459 17193 20401 20027 9081 27866 37106 20502 32437 39336 39359 39788 20067 22052 35647 28318 13798 16655 30270 39571 7630 35322 19472 32530 43949 8560 30476 37023 2211 7214 23598 21234 11337 35414 754 42574 18136 165 34529 17185 10968 11247 20451 5078
6658 52
33039 37073 2059 31818 8268 4157 1658 38638 11236 33286 38609 27618 7882 1343 9557 4739 21044 2720 34905 6628 27696 23371 39091 38783 20895 3113 15314 30542 8168 21454 38005 9781 15035 26961 11249 3301 29973 40609 43857 12795 28128 40033 22353 22373 32245 30269 11739 10590 43743 7961 24781 26274
1199 50
43245 20731 14114 36821 29179 35160 15815 3976 19847 41603 5270 24582 30351 3101 10535 34182 18767 16268 11136 30037 37068 20567 40429 2826 25126 32620 36445 33206 11648 15950 22094 17726 10728 43000 28094 40856 13276 11755 9151 27005 22484 24404 4391 29092 14870 6872 28772 220 31830 24505
179 52
23880 9463 32470 34186 22701 23941 36192 42298 23724 42922 2997 44604 14184 38045 36758 31588 32047 25970 26538 14068 24663 39009 19292 32022 38991 42452 23174 22753 27248 13441 318 13111 7839 12205 6307 6821 22292 14858 39972 44746 10727 44344 5525 4410 24938 44739 9182 40571 37519 17913 22253 12060
2757 55
16056 790 1039 37707 3022 12016 2286 14234 9137 707 37838 4292 23078 35011 7811 20106 14822 4466 21739 21014 13110 13890 8977 5765 43733 22906 8693 3537 26686 5720 39021 35561 31913 25045 43019 41629 26480 6623 36278 466 34484 8164 28849 5379 39590 36771 30783 13491 38043 1061 37636 44303 36717 36467 19420
731 56
38600 15817 5433 13893 17288 16433 7807 11504 7349 452 29659 27208 9077 5323 26600 33973 37956 34146 41706 12969 31630 23058 28720 18540 4497 39630 37279 19752 3131 43617 23302 16535 41293 18138 7561 29550 31348 38728 28103 43151 31815 35734 10606 17130 43297 42028 35939 44139 36472 20758 37215 31606 4240 19854 1923 8618
761 48
27869 28334 37520 35545 5411 23469 15454 6206 44107 13508 35196 15387 15386 17355 26233 1346 37712 42666 7443 35166 36663 17950 39191 14622 37573 43931 19256 16425 9718 13287 31774 26861 38405 15044 18621 10814 15161 5480 19026 32204 38704 18450 18693 4007 24207 43060 32295 12800
847 50
29576 38007 11952 24508 37848 21104 3838 27714 37985 23131 7894 33057 44106 17483 40389 30905 28044 17857 43903 196 43253 22530 370 39223 12597 1239 7252 32891 14360 38454 17869 21474 6517 12003 37776 34629 33800 26037 27496 20513 33227 41993 13772 42009 13175 12496 30052 29383 29626 21572
1777 63
12570 9715 29176 41031 34516 8714 40530 17458 1989 22071 7760 32309 43045 2708 17124 44780 41014 40908 25199 6378 7756 9049 42305 20916 4189 22119 16243 3472 27703 15212 25790 11679 24127 9886 15518 15608 31089 13524 18370 35871 27798 10223 13679 37037 41200 32298 35672 1924 36391 42567 39829 1825 11842 35529 42179 42593 40107 40023 41251 21521 20791 28338 37836
