304
412 108
3633 19508 173 6543 9989 22873 25462 14470 3468 1373 9622 24957 14416 15926 8007 23169 23292 2330 8286 22029 13175 7610 14642 11995 15078 23463 11473 8230 15499 21044 16120 22454 13202 7037 25367 985 22426 13550 9396 6320 25270 23665 5832 1608 9103 12838 25485 13557 3224 20947 12486 1960 483 10329 25734 16409 11144 18725 23192 15734 22322 21335 21881 1031 12099 12044 24118 18093 3317 24315 15637 4850 5203 21822 21028 23109 17384 17645 8262 20095 22241 25470 24432 24245 5467 12026 14245 7991 24111 20041 8671 15133 16044 8477 23066 22640 20375 9253 5357 842 23785 2591 21972 12729 17325 10806 22504 12182
40 5
16105 16901 22114 9666 23934
779 5
18670 8220 10662 7508 12870
2848 5
16637 370 14058 3065 25067
4118 5
2245 23208 24343 9908 17613
4077 5
2478 18115 209 5336 6352
2593 5
10834 9483 20567 16080 5099
2100 5
13186 2511 19481 8205 10491
3588 5
5696 19561 10687 3999 10181
463 5
16184 23341 23775 725 21935
2089 5
10217 8605 13430 3548 15377
2225 5
22564 7033 6574 24107 1456
3035 5
5819 13003 22684 1265 995
1540 5
17877 23691 24773 21161 11975
1779 5
24455 25165 1209 13886 18185
1797 5
20471 1715 3493 5383 3019
2837 5
5602 20304 14171 3519 5874
2659 5
3727 5275 17318 14084 9497
153 5
8372 2146 8169 22990 3388
2760 5
19627 17514 2252 5289 23782
3372 5
17569 23137 23550 2863 6077
1465 5
14513 5431 9440 11616 23702
4029 5
863 23272 8509 23721 21158
315 5
15756 17805 12184 14656 18706
3210 5
9534 1071 22659 25142 2921
1579 5
12200 5675 21470 602 2290
3574 5
2824 18647 4738 3529 21354
3668 5
3603 11290 595 23743 614
2338 5
3084 20445 4127 6347 12290
2520 5
4284 18879 18236 1037 18907
1418 5
7165 25451 6529 9971 10334
1295 5
9518 20549 15173 4941 9197
4112 5
15251 16421 24723 1029 15245
3228 5
25063 24695 5103 18251 25111
4122 5
14217 404 15880 6947 7405
1972 5
1664 6169 972 3256 3342
1393 5
379 20148 9737 25619 17459
1023 5
18517 2221 16808 20539 11361
2569 5
22280 15605 16443 20198 6034
4042 5
8676 13693 22878 21434 7380
2833 5
18108 18223 7317 755 18332
3835 5
18500 23497 1004 10648 19910
54 3
16774 6670 11384
3882 5
4872 9694 22506 21841 6751
1731 5
267 15406 1378 9876 24139
3902 5
11778 12055 17521 11371 8850
149 5
10414 8579 16349 8770 6633
1379 5
24081 11607 3343 16362 5152
567 5
11060 6830 2796 12169 6127
657 5
21918 23663 12441 2090 15449
2202 5
23529 21020 8144 16432 10586
3556 5
25025 23863 25085 8870 12058
574 5
25298 10429 18591 16503 12537
855 5
23490 5249 6645 7656 13047
2378 5
9313 3631 3746 22891 22700
2054 5
6482 4889 5213 13493 2353
1101 5
4196 16647 3770 5626 9158
1143 5
6286 5786 3060 6643 3127
529 5
6965 18447 25645 15040 17259
1938 5
22146 17327 10553 21429 18716
635 5
13836 16833 13995 19549 5360
1876 5
1886 1834 19828 13209 4275
2623 5
19791 17508 20024 10011 9774
1398 5
18975 12954 198 24462 25832
2078 5
836 19233 12378 4814 17191
334 5
15141 21780 23304 23751 10454
2084 5
9496 16268 10376 18476 22342
1532 5
8422 20657 1230 25621 2737
1310 5
6611 13225 11315 12667 6864
4128 5
3166 13398 12649 4218 23064
3872 5
19536 15778 15017 6115 5901
2577 5
24423 9680 2503 6106 5931
1070 5
6006 22715 16502 1229 18066
502 5
5000 24929 15234 16170 4083
2743 5
6059 4038 14583 9368 7943
3075 5
13970 183 7245 3695 15410
1866 5
18364 10848 10405 12808 3576
3236 5
8600 9183 8061 22048 7520
978 5
1199 8216 1497 6184 9384
900 5
9061 2254 11386 23657 10750
2358 5
20789 1627 6606 4101 11482
1395 5
12990 4472 20416 11146 16879
2273 5
22932 2077 17400 22177 24759
646 5
6422 13455 13088 18234 5940
2445 5
13465 10216 3334 14353 3169
2291 5
12017 2172 12241 20090 3047
2468 4
4084 6472 5637 16275
4124 5
470 10476 269 2981 23481
562 5
3923 5759 21248 8980 3875
28 5
16317 5814 17112 20599 19172
3621 5
9733 14662 18169 16388 3302
4035 5
16543 7295 6712 20111 8583
180 5
3111 18205 12673 909 2783
189 5
9665 6380 14352 10220 12000
2223 5
340 9541 24121 24867 6121
3452 5
13590 24644 15114 20036 2153
3930 5
18337 4929 12856 1267 14357
3012 5
6528 5162 17758 14487 7208
3316 5
18103 673 25650 8985 3092
2822 5
2629 11474 8294 22409 16947
3457 5
19656 5651 22941 1266 466
1183 5
18803 20274 24641 3760 20182
3048 5
19271 4896 13604 19525 5161
1179 5
17369 13972 7937 13689 15389
774 5
1530 8026 2962 14639 5910
2333 4
3836 4133 6681 5998
2021 5
24796 1653 10756 19041 7272
2063 5
13120 14534 16056 20585 10980
2351 5
21125 6677 24783 19064 1744
2809 5
11601 22851 1482 20484 3030
561 5
23060 2180 2879 15996 23465
291 5
22973 5252 24054 5341 17637
3114 4
12203 12157 16908 4361
2151 5
12248 9188 24639 24591 4633
3502 5
20082 2224 25522 10842 3812
814 5
188 15330 14144 25766 10923
3020 5
17097 24022 16049 24146 5778
300 5
25716 23527 12045 15656 13711
2453 5
25102 22829 12087 19098 18826
3034 5
12686 1432 6465 24550 7055
3693 4
9799 25762 180 12411
1605 5
674 1413 4783 4643 23917
2810 5
10247 14473 9032 291 5934
3530 5
1240 6477 22480 23905 9059
2555 5
1885 25224 6215 6834 20918
1248 5
25744 17103 11095 8082 3620
3644 5
19029 4051 20288 18389 991
8940 4
21075 17967 5400 8328
1010 5
2079 25690 17656 17524 16168
3286 5
11264 18858 1817 11809 1997
2715 5
7880 830 1316 14466 25005
666 5
1024 17241 11743 18599 12056
3288 5
18078 16054 11005 10308 15317
467 5
14064 13015 25733 7230 17641
2355 5
21684 3187 23748 6815 16898
125 3
12764 22254 16924
3647 5
23690 18049 6202 12293 1585
4111 4
23730 7284 18967 15235
206 5
3442 8792 3904 14 20026
1119 5
2483 18101 18005 12033 12233
3893 5
12702 2069 7070 17470 6970
3135 4
14423 14246 22546 7913
1549 5
3331 23658 2469 7319 25140
221 5
14244 12390 1689 19532 22683
1644 4
5299 16990 12798 7262
2305 5
7454 5565 17884 7087 20911
2551 5
8114 4237 23373 5463 11169
1959 5
1362 13409 16092 5159 5320
439 5
17274 12042 6691 22646 2366
1871 5
5941 8965 19530 380 24771
3493 4
8959 4030 12931 7494
1186 4
21754 25576 4689 22582
524 5
24349 10891 18909 20550 15399
751 5
6479 459 15261 5865 15979
3004 5
7952 23902 5640 5905 25409
419 5
12159 6105 669 19974 24013
336 5
14483 9881 20741 18731 10821
1013 5
6058 22639 20980 21519 4618
3694 4
16448 12101 6491 15894
3384 4
5884 11898 7865 4434
2582 5
13817 23451 16524 2377 18959
3820 5
10013 15263 9657 15074 15899
2383 5
21851 2168 18217 18484 24827
2117 5
21401 15343 20965 20489 2883
3133 5
5987 5125 25070 5335 24012
794 5
22374 13795 21759 23009 25156
4125 5
23253 2947 4344 22634 6934
302 5
279 20933 21744 7558 6060
2386 5
18596 22841 18506 18057 12910
3501 5
6668 23045 16682 13765 1387
1348 5
24579 4382 20165 20897 19568
3476 5
14509 5425 2456 22726 4559
3117 5
9177 16032 24322 10303 311
1421 4
1202 21525 4523 7792
2480 5
19676 5381 21364 18034 20877
139 5
13133 18414 1605 24487 12155
3762 5
4549 2346 18202 23619 11855
1187 5
14973 5076 1780 4026 19775
835 5
5657 2068 18330 8677 9670
2821 5
25458 20695 17386 10755 22128
2331 5
6237 16861 8687 10227 18056
2420 4
13170 13704 25839 18870
3375 5
22164 3943 20063 10517 23351
89 5
11097 21806 20483 25391 19284
672 5
2827 24758 20175 12230 9753
352 5
21216 7946 22651 6653 4193
7092 4
6068 18715 7003 7400
2998 5
18681 3406 4767 2011 14221
3740 5
8723 24814 15296 12221 18543
3056 4
8621 23215 3046 21200
1442 4
21595 7537 19817 19192
2884 5
21484 15273 17124 11035 20296
97 5
1618 16390 382 17261 6736
875 4
17956 24785 12294 18855
2176 5
20956 17215 20135 11944 13367
2438 5
24930 12835 10417 25609 9709
1681 5
6336 7377 20600 22478 14930
2596 5
24694 13540 20712 1427 6915
2696 4
17770 7046 25749 17525
2541 5
19754 15493 22826 12102 17310
1488 4
15308 3028 24531 23727
1685 5
13731 7577 15794 23584 7612
741 5
4009 167 14028 6427 7958
1765 5
2585 24538 19800 9416 16953
1550 2
15866 1428
1440 5
7838 1556 20663 14970 20635
3908 5
982 12032 20273 24400 7613
841 5
4387 4962 17490 9608 215
1464 5
19548 23654 25735 5316 1114
981 5
11398 4522 12065 25094 15265
860 5
24035 8373 17808 13282 378
2195 5
18804 10882 15822 15205 5598
3269 5
25134 1374 22556 16347 11748
23 5
7801 8695 24635 14488 15811
2965 4
13141 5004 8786 437
3308 5
21943 9792 22415 25642 7755
1590 5
6728 16950 24615 17270 18857
494 5
16799 21722 6441 18841 5527
1054 5
11500 18231 1145 22914 10294
1037 3
19337 17626 22701
2173 4
7734 17397 8520 13172
4013 4
12210 3531 12966 22236
1388 4
19434 12678 13107 24235
3184 3
1052 23485 10954
846 5
16481 19415 19170 15587 4673
2292 5
4013 5960 10435 1008 14106
2678 5
22203 18410 6325 2983 8467
4104 3
13125 21306 24719
1593 4
23913 16589 93 5184
3112 5
5890 8543 19312 10637 1204
1478 4
23788 23002 9508 713
3947 5
8516 16963 19324 4554 11561
1212 5
4321 3956 19490 20882 1111
3833 5
5707 5713 15475 21545 5745
3022 5
18153 14768 812 12461 9948
2455 5
22381 25539 2030 17731 18248
2027 5
19430 8251 6969 6039 12092
1058 4
8612 18943 8828 12780
4079 4
23203 23984 25630 16444
213 5
5401 11590 10777 6408 23675
3865 4
5342 14560 21961 6709
396 5
15565 11902 7195 5479 19146
84 5
3350 14793 7422 10573 22015
450 5
16234 18451 10714 23803 17707
610 5
5153 25477 16419 4642 8173
1250 4
8162 25560 17168 15041
1564 5
18245 11508 13512 12246 16949
2460 5
3400 4177 5779 13573 5858
1562 5
10788 6364 18130 24735 5655
1207 5
17997 19376 1800 16495 17246
2972 4
23082 22917 15983 5146
1346 4
5347 13842 23630 14095
1424 5
10232 20602 3011 21890 16121
3441 5
24418 12541 90 21396 24426
1154 4
23475 22901 21469 2279
2742 4
5686 17990 8851 21925
64 4
23919 5587 3479 2686
3880 5
6023 24688 84 7066 9360
3934 5
515 12451 24693 19241 7512
573 4
13651 13100 2836 6198
1512 5
9239 11242 12308 18957 1044
1673 5
6836 10537 14310 3143 16577
717 5
21756 23174 14370 15397 14767
2231 5
21134 15930 20655 16377 196
1902 5
2264 1579 10527 5897 10611
637 5
14783 3839 13696 4901 14256
3101 5
19829 22756 22089 14088 2991
1033 4
24832 6880 7496 4159
2826 5
4605 8051 21178 984 15281
37 5
10613 554 24074 23526 17854
2454 4
10549 2494 19022 3467
997 4
17462 13110 18621 20337
172 5
7982 19949 9038 24154 16821
796 4
16131 11589 8028 6688
2033 5
20365 20895 18466 9729 14282
2213 5
15218 18250 2997 7386 1495
3780 5
14593 4129 6398 164 23814
3971 5
6929 12510 17619 19777 23892
2910 5
21676 6535 21877 10640 6876
3074 5
14826 10538 12783 15058 3110
408 5
21809 7891 6298 23723 10884
3941 5
9822 17950 21453 24677 2038
3480 5
7078 23075 19680 21212 20431
1680 5
14757 9868 21340 5576 4521
3842 5
21902 2342 8793 25234 24573
1745 5
6765 12624 18961 6592 1723
3475 5
5308 24545 16851 11077 440
2138 5
19904 8759 8924 23784 21065
687 3
17198 25604 4851
2224 5
23627 9073 8772 25231 1976
2056 5
14086 11168 7909 8151 4466
1325 5
18266 19395 1756 24836 24220
1328 5
1860 19776 10008 19405 24516
201 5
12951 16143 6828 21629 10277
2702 5
24367 7360 22354 11576 13212
3466 4
24214 20857 23707 7844
56 5
8947 8357 22249 13347 17798
109 5
22134 16699 22876 11497 19180
3525 5
17230 13534 24927 4611 6149
410 5
3702 20096 5721 1232 9646
297 5
12152 13910 17601 4312 15790
429 5
7953 14572 9699 6428 366
1193 5
3068 6720 12178 13389 20976
792 5
13291 4588 5435 14761 7988
