252
21695 9
87161 48839 3366 10816 77071 49097 71849 73061 4648
293 10
39575 83909 9585 65890 66819 7156 94062 50007 40955 42547
5 8
83869 45776 37268 64315 2812 88820 13469 36482
7281 8
54391 42543 22214 17390 4222 79759 7790 77177
23450 7
57403 92486 44464 90822 92763 23092 37329
13842 9
53813 83936 75813 26778 31244 72572 57384 89736 81250
5534 8
12345 19011 31791 60307 18110 35284 68400 74502
2855 9
8613 14224 38866 62374 92460 80278 57993 45827 93448
1615 7
74107 33838 29653 57921 21042 69477 43089
6332 7
72320 71755 65823 92620 53845 33628 51606
20458 6
41737 12464 80333 1495 89262 43537
7652 6
50210 14519 57506 64307 26540 2512
18678 9
601 473 92600 64181 63332 90009 41902 47878 80435
23433 6
41573 32443 73629 29956 38818 13226
16164 9
7564 90269 16488 74923 37601 32841 48504 31113 86470
8519 8
64763 5668 42632 41171 71153 13048 78078 80046
16170 5
20750 81864 6128 28295 52259
6995 8
78177 24737 79899 50461 19277 86248 41257 20717
5784 8
12678 26218 940 47428 70454 62491 64582 9340
362 7
17720 73801 89759 26789 70292 89024 31988
7220 7
8432 6552 89712 47873 39910 59647 19149
11044 4
75841 72550 82606 38465
2099 7
28017 87080 23514 4001 85692 21408 44692
24153 4
27614 23275 18353 91536
215 7
17356 84404 19245 5609 21919 38405 43510
18888 4
26982 34022 74208 93383
3402 7
70701 83756 66433 92106 33875 52687 47101
17573 7
42867 36821 20849 52492 76732 46101 58575
11483 6
22881 26577 89507 2122 72118 44997
19193 4
62890 48810 33933 11333
381 6
4761 13521 86745 64447 74423 51252
21414 3
64425 53178 63273
471 5
69697 10612 82625 29827 30279
20333 4
73640 37913 57810 87884
21821 7
92957 24291 48216 49221 23255 5852 70740
6828 2
15487 24043
21954 4
86358 66527 49467 90475
13855 3
78819 32782 92319
4854 2
43205 36420
7165 2
85361 2414
17177 1
12823
13774 4
57014 12221 95158 19448
632 5
93782 78945 61867 46243 75132
18578 2
8497 64437
23369 3
27684 66380 58349
15373 3
14792 23119 59230
21306 3
57996 39444 3821
7344 2
65797 88100
9078 3
18918 25939 339
24513 1
73994
7268 3
25117 14019 95171
902 2
59693 4154
3328 1
12153
12095 4
22268 30395 59640 30667
15627 2
88401 37661
6873 3
30564 31500 6315
22224 2
56887 11036
22400 4
53043 92177 69487 68291
11658 2
66410 20747
56 6
36362 41741 88566 30794 53004 42015
23165 2
13536 11028
12207 3
34911 12726 72768
835 5
49736 34987 38049 43407 3007
23665 3
59689 88619 76456
23695 3
90488 23139 29621
1809 4
76950 31938 21559 52682
7238 2
4503 87679
9524 3
50380 2611 11422
560 4
22810 34754 48515 37938
11425 1
57248
523 1
89894
796 3
44065 35593 15170
15275 5
636 78809 7634 71300 40964
19205 2
46088 40336
2027 3
82385 54610 73958
18952 2
72361 86030
532 3
40731 83670 78952
335 2
54442 36041
10761 2
71835 8237
13603 2
17270 71397
2930 3
91182 26257 20357
926 5
4845 47909 91301 4398 42040
18834 4
53513 37178 38731 68962
16091 1
48152
18047 2
29625 93685
743 4
52134 44697 73079 20803
1343 2
59780 90969
17781 2
61928 44965
16053 3
5483 74777 6695
22090 2
36963 34431
1422 2
53125 85865
20882 4
34472 64924 91533 14979
22212 1
64913
6914 1
67276
7013 1
71437
19737 1
62978
6 1
92672
19176 2
44502 80666
10215 1
64903
13569 1
28905
17901 1
46262
199 2
68511 48998
22052 1
19587
814 3
7380 44475 5851
23666 3
48731 91087 89114
14746 1
81251
574 1
387
17557 3
27579 44339 13101
2462 1
74402
10174 2
37293 64920
16068 1
26912
331 1
19611
9511 1
67739
15530 1
28283
4501 1
52423
19340 1
28090
3927 2
57106 91282
3411 1
655
23030 2
36968 66458
20589 1
69123
823 1
4266
23406 1
49734
1299 1
34996
862 2
25 26866
21993 1
2799
8465 2
69308 58069
5944 2
27421 21702
17680 1
50657
185 1
67965
23901 2
46339 59762
5734 2
41096 60913
7975 2
80955 68431
274 1
42335
2985 1
78030
24338 1
40959
691 2
62070 83748
20214 1
71833
20061 1
94260
19953 1
59207
16000 1
78018
7356 1
90744
24430 1
34158
19622 1
10187
306 1
75910
316 1
36634
20582 1
68977
12657 2
41555 95272
16386 2
63200 79338
16564 1
46624
5431 1
8182
506 2
25006 94049
4050 1
65052
15400 1
69764
9037 1
37409
364 1
79382
501 2
86001 86431
21260 2
36017 32159
776 2
31257 93909
10615 1
8278
9649 1
14532
15943 1
58513
865 1
64261
18 1
10817
4929 1
38295
21505 2
94081 26293
3950 1
35225
20141 1
3381
621 1
75853
8819 1
75380
143 1
8997
22328 1
5156
21611 1
28179
8641 1
44341
272 1
61479
17018 1
28657
906 1
89414
261 2
21763 60112
4421 1
43158
12399 1
26163
10548 1
52287
22392 1
58382
5530 1
86989
9151 2
72744 23494
4219 1
4136
13911 1
53518
919 1
61608
17488 1
16751
18742 1
89897
17105 1
55599
897 1
6659
14061 1
50816
382 1
51708
852 2
63642 8581
9127 1
27923
7852 1
92482
4687 1
32137
396 2
63291 72848
928 1
93411
9719 1
20266
23965 1
36385
579 1
7290
13206 1
41193
754 1
2068
7357 1
24780
20529 1
61860
20206 1
4972
722 1
53921
3174 1
17864
13734 1
31787
5449 1
48055
19145 1
43865
15947 1
17918
21385 1
4897
8878 1
81424
19601 1
42301
727 1
83089
165 1
18444
22031 1
94002
2956 1
8529
4502 1
7989
20987 1
49627
507 1
15271
2343 1
53148
24749 1
78476
10027 1
44602
8832 1
22235
1491 1
56890
6556 1
68771
17426 1
95221
15213 1
45982
11678 1
26904
349 1
26452
1456 1
55270
24852 1
60787
5835 1
90439
11945 1
59817
188 1
42428
5719 1
42903
16906 1
54045
13265 1
44016
4442 1
84048
17890 1
25242
19484 1
13434
8075 1
81620
16243 1
16141
8083 1
53438
14850 1
91025
14805 1
69909
156 1
1386
14417 1
53346
13361 1
80743
24219 1
21786
