25
219 146
64202 23505 36782 5546 19794 76313 79969 26955 39459 21572 99520 57105 53399 70625 75330 91846 46751 68309 24625 24362 1363 43816 39795 36573 12157 79794 24949 49119 63892 80770 38958 71561 88577 28941 30044 72801 17681 54905 70478 33333 7278 27982 38268 75165 66734 70006 17283 49634 35379 12919 70171 22347 80704 2801 99623 36913 28584 65008 223 21605 45190 48442 98190 63060 94779 77491 41909 14963 25536 7218 40642 15954 48392 94626 50206 40824 85023 89358 2508 75656 19349 64591 48312 919 42171 71425 47256 46242 60876 13806 92216 97728 98916 64199 85222 44731 26434 32785 59488 59467 60600 86256 68111 63063 97435 9352 97358 15489 83176 73258 9447 74787 66477 45253 66919 36708 94947 53572 97268 56568 58644 69475 46827 86591 41703 8511 53473 91699 38938 89452 10842 93565 70450 91927 21919 32884 37209 7455 40538 51994 53890 69074 94636 35701 886 47001
4571 111
38974 63104 30568 91125 77265 34316 42732 4639 56572 47032 19238 46774 9946 1249 52963 19315 17439 6696 76387 34314 43851 94295 93728 333 17413 66715 41915 18074 28424 71373 15313 3122 22443 40249 869 73481 33185 98032 88499 57425 77520 25244 93377 1282 66601 16425 57457 19635 76245 725 1127 66190 38434 81971 19033 48232 50562 35922 98024 78533 38628 41334 1258 411 60534 2475 37283 69071 21805 99738 522 47450 18773 65701 12323 43727 66278 29631 8336 60911 68681 65327 47111 75400 42166 25444 93396 3614 39327 35368 14420 3981 497 6470 33124 11305 75262 63040 80281 66732 45619 66758 97825 9877 72381 81126 77716 16274 7099 64457 69433
2452 100
35493 15549 89508 33638 52124 81891 76695 4078 95798 92705 73214 18577 72418 29547 98046 4495 64956 90827 83853 86975 55383 19981 33241 11013 13061 53936 11088 89715 26507 18985 56211 8675 45071 65427 24772 88039 31753 52397 42754 69973 51656 57963 67170 21598 28418 27254 92339 29406 86930 90300 20438 38562 34384 30467 5496 14808 38110 21359 26264 22258 43070 42763 19335 56332 20016 67341 57606 18331 24286 76525 31604 32694 97774 35375 16669 18524 33004 20630 89743 52385 24565 24308 23471 50589 98181 85065 39741 80139 7966 89503 86580 34531 41146 81681 94168 93635 68258 34860 54437 77881
4578 65
32751 87573 95807 73833 32995 99470 78519 85528 71976 62549 91740 29457 59514 83817 54196 63494 82771 16367 25084 78348 65693 72102 89812 18107 76899 150 82437 10716 38413 88478 49082 48617 78129 26022 3796 64 49510 49097 11197 42620 48334 24354 12226 48 72445 19410 36368 52534 75854 30936 83179 92830 48417 43716 79020 98185 63860 64901 36476 69929 86874 68292 24194 7789 4933
1878 58
67331 47433 43216 7786 98257 16468 43364 40274 92467 93819 81723 60562 44529 89427 84515 97244 16020 31549 83194 92027 92244 90697 85418 41485 53544 36042 7687 38030 72658 29314 22828 39978 91815 7658 65325 94235 46211 19690 95428 50404 2120 96768 28858 69450 28368 68334 72787 79606 80431 41917 89975 35291 83181 9055 47351 9856 17601 1396
2714 37
50663 1106 96042 62039 60318 958 18148 98681 61121 16494 79733 96627 57931 56036 92107 7674 80955 8626 67855 29592 83073 18736 5597 96780 51745 63360 5277 41076 14845 26123 51345 81873 94252 78140 12436 64828 69761
2679 31
70182 33014 30616 75106 19737 1615 15925 43183 35362 80161 43846 40794 8853 83685 22961 46655 48059 86916 58402 19609 6481 26456 57371 33204 75541 60879 87063 82889 63515 77301 16561
921 31
79891 89454 27790 12860 43838 17265 15084 4347 41290 98449 34139 65151 77873 50299 62226 86485 46895 77414 39146 26182 30034 17572 52873 96433 81003 39113 96593 1451 76595 64751 42921
5339 29
4699 78810 85952 46902 7397 45959 95193 87712 18876 82931 22039 3748 60195 9543 93126 36752 96748 49852 17233 27780 41820 21676 67645 10064 91195 12633 95578 87213 69854
3173 12
70152 48619 99094 95076 90684 61335 32936 318 24079 95520 97367 97409
1474 19
12269 19041 78594 33593 54875 40995 69612 33243 80683 92408 21006 94283 92350 68405 81634 81469 2861 60765 90607
1065 12
39900 4635 77632 44927 61439 20923 44765 57715 86393 87358 60821 40529
910 17
31574 92254 11546 50262 10624 9661 67515 66103 59943 39404 12460 47354 44941 85436 75345 2359 2525
6069 8
82988 12722 85920 34965 32844 15294 98482 92925
5133 4
40763 157 5109 99285
4271 5
34144 61354 32874 75490 40355
1273 4
49916 1714 13522 47662
30 2
10053 95508
3992 2
98200 93394
5634 1
39698
6763 1
10566
6220 2
11213 81884
2024 1
4860
6430 1
1004
1835 1
53960
