148
703 590
14778 45530 56261 28553 81975 83074 78792 79636 56482 51193 83960 81296 86417 22080 69785 61360 79455 21343 89528 44791 19105 22153 7066 28354 58948 22253 89285 386 66872 39451 78424 45398 48068 70522 3966 33559 21265 58601 42061 8754 31692 59838 52238 56805 72059 58427 97887 60219 14674 76435 90927 26212 71504 18429 98332 19473 53519 41743 16185 31348 55388 49493 46717 66879 82280 92652 65177 55564 568 94795 41591 97496 57421 90862 40487 9403 24065 34865 24711 28314 97906 81967 44353 73155 88871 19198 56623 56959 68489 36989 39324 2665 25593 89900 39144 23081 74288 21064 1768 46965 72370 43934 76739 91321 43562 57257 68777 60747 55049 82097 53471 49062 66632 90039 93737 10180 54201 68658 61263 47327 95432 72217 2627 13933 25206 81235 97718 68042 97781 5481 9579 39143 51966 60922 79671 72074 43390 64770 68804 16205 94534 40598 22708 9691 225 6613 78970 46652 19669 95620 99616 3367 15998 57676 53522 21052 87945 70669 42071 54950 56857 39038 27046 51714 81612 33029 6599 80614 99629 21240 23468 86874 45561 98982 58118 37819 45468 31269 45745 11368 4786 82736 61294 55753 778 86953 79131 92898 7978 11692 75339 35757 98158 82244 51656 93242 54375 65948 38129 52758 59580 49704 88137 66713 69382 67606 33285 25924 91668 41968 73961 39348 67276 82829 72969 71558 30766 43890 78733 80046 21751 40241 93824 50905 14672 69596 70988 99228 78279 23532 68755 8112 35505 77710 96986 77133 431 34519 28410 58298 69493 94438 33655 78403 43199 51583 1513 65035 80914 53984 41832 74229 50118 75849 80503 36327 79566 20668 89526 13764 19321 21831 18207 61366 69833 30020 19878 17804 82323 60222 7355 23180 97636 53920 93841 24360 52194 25770 57489 28873 66807 55319 41206 25001 56415 94592 69995 40204 60844 55523 36258 93377 81977 66326 27707 36213 95675 61929 3633 65921 35672 92839 63392 25956 7527 42491 37331 14928 70807 37166 46124 16601 46145 42534 94266 75853 82922 76908 99703 97834 12234 14763 68556 79523 2437 72471 15824 63619 64553 74965 63982 33615 81017 13393 3757 39383 75067 53230 88627 89173 51190 66357 95601 32809 17086 23719 67325 93898 53764 85596 87383 93143 75173 65528 7623 76214 55883 25290 83586 83715 22430 22206 87472 23414 43970 96169 31622 73583 75770 26501 16967 61244 81968 70601 10165 98304 18734 56653 19977 96055 95744 64646 776 19935 82386 10857 67901 34119 65353 33039 40372 28146 64471 36396 55945 9648 40262 71115 67499 47615 94782 28705 80555 94455 53394 69062 66251 14747 11858 70137 9939 82267 61766 4962 60892 48854 90003 43025 6774 51965 66410 67631 82639 1409 51876 26928 46203 43167 59916 1790 61916 39988 33444 60491 39385 92941 2909 61220 8375 38067 77584 32002 20404 12075 7068 91962 54723 43761 88389 85458 16091 10138 95073 82021 31527 67297 88668 79989 90238 80371 91616 77875 35277 24391 43249 95904 73725 11346 77627 60916 20999 21342 86395 27938 40801 24814 16152 67062 22888 18031 56771 20405 64761 35572 97644 43240 47249 57189 45492 85164 38119 55053 7964 39711 37059 99448 74375 7048 3113 93881 56063 12333 147 74388 11176 18630 29393 36058 68377 80801 98309 35583 90568 14114 45395 23341 18328 23641 35565 43789 99857 80980 43372 55365 52438 68427 49838 8312 66528 3237 73910 13673 68984 81361 16441 10772 33871 87600 93028 17308 52475 51443 78076 71476 64060 78440 32253 68175 46178 79401 86418 54391 28467 91108 99731 31617 63634 6506 5666 90275 24313 60662 72474 19778 17813 61446 73790 4197 79982 16554 90421 10648 27201 90823 99136 21402 54199 1094 23696 89399 52608 7807 75426 13989 77558 48935 53092 10091 8056 59298
639 27
9802 90760 84859 85984 54833 34747 5299 44886 3229 41181 93539 46458 73385 33413 3691 70801 97198 93756 78471 35426 73852 21339 78894 2382 83087 51703 65768
1470 27
39280 75225 13380 37022 23974 46524 10296 61811 85763 68038 12638 59967 57696 88206 29188 74938 5262 29008 4620 423 75847 88629 49196 66122 62574 59205 34656
1167 27
33296 95905 99030 18968 71377 64506 76119 42212 62355 13394 94161 519 30535 96225 57413 97438 88719 35171 44079 80065 59979 10193 84671 62882 28050 45986 54256
420 27
53466 67258 31632 89677 26017 20389 37665 51287 62890 19110 74392 29842 67371 22732 43004 2397 94237 93214 22624 36788 11794 59423 6085 20028 13988 33807 55087
822 27
49424 73051 98153 44737 57791 23174 57809 84657 2049 7492 15414 20271 33897 15737 4545 21361 2189 50211 33722 62474 7035 67333 15706 95725 76931 13516 51103
208 27
74220 60070 70708 56756 68131 64542 68638 71799 60550 4897 47217 44182 59059 59117 42004 41739 68970 68655 83740 65324 61370 73153 82125 1804 87140 99428 42443
807 27
78027 96687 48745 76352 52557 34212 77439 33322 56667 6851 69199 78857 36882 79302 656 87633 58410 83097 60328 371 2141 78094 50860 12822 6769 87481 30987
965 27
68549 54921 54344 58742 96459 12506 69742 66140 59131 14386 70400 33132 51044 99726 29965 88560 22188 93267 19229 45999 81078 40890 6271 65694 19241 83174 81889
1067 27
84333 21261 39991 13907 71851 5214 2986 35015 32437 57163 46706 31937 93208 42805 23610 75544 69587 32267 26040 63465 89575 43202 63406 91751 16792 6252 85387
1557 27
71586 67607 38281 76101 88873 11813 83385 83491 49084 37159 97205 89223 31329 6856 2565 99952 49354 55238 87831 82743 94093 47683 79224 30804 5258 40952 33086
447 27
51002 11471 68298 31353 98755 88566 64669 63017 94046 45417 34316 48841 39030 69026 83044 92809 46714 49865 95918 57106 63518 50434 465 90678 88772 51290 88746
1682 26
52127 99462 41121 14155 28138 91406 84824 6267 66623 88314 99850 93221 90025 43336 78300 54441 31605 72665 5139 36223 73080 79230 30883 69054 25599 59086
371 27
24876 75007 54695 92913 80625 79781 81751 45606 40205 87807 28535 42728 67893 9788 76061 22397 53078 98092 64149 78428 8714 78674 81238 22189 90395 67543 20509
133 27
22212 24399 30955 44716 96196 68820 19009 58375 50845 7305 94525 83337 58122 55484 85171 17355 72142 87927 13105 7773 67925 78494 45355 19081 32638 6585 82496
765 27
7095 30865 17563 86228 30548 66694 41048 30106 87706 6324 93085 53983 74485 70560 97000 89267 26224 66758 73744 25489 80927 73895 85780 86957 76329 41655 10913
885 27
73766 67373 1819 15532 89836 24374 51732 52099 43766 74222 99232 59191 24645 87679 56960 41597 40216 12089 17520 65314 13763 27258 44282 1885 49213 64335 66001
1599 26
10503 18627 96170 33167 83025 42853 46449 23029 45029 49891 28566 8507 38006 91708 84703 74126 70292 84691 78452 23722 82306 17009 77159 19267 14305 55034
443 27
39358 77786 93351 58928 10871 41015 61007 44440 25461 93044 3873 89393 30518 39380 18693 26682 62717 73729 95434 78954 39465 6074 85039 30418 43980 22163 80634
814 27
33908 84946 81619 47844 32696 84704 68029 83584 26984 42503 35486 72336 8242 55125 18114 83411 72845 64851 34584 4982 34702 19770 10785 22467 1474 70873 27683
1396 27
23822 84282 68878 22243 29958 47459 52502 64905 4044 68303 73097 17178 45780 71841 5574 28928 65991 4220 10151 7366 48694 64090 29458 93801 99316 29514 5369
379 26
90079 66400 5052 30888 32583 40041 90880 79552 17238 41188 22810 20559 48388 58178 33142 59540 43704 80763 79099 82037 79763 77820 43272 31387 50446 29447
81 26
22043 14675 56889 56012 96534 73908 10016 78739 65871 39902 45328 31784 15042 74441 77557 30698 72411 50016 13805 41709 46975 5202 9119 47858 65092 97003
140 27
69812 58000 66503 66095 41276 44489 35601 48153 49771 60568 49464 49243 20178 89321 90602 74184 68440 80576 88938 58844 82849 14391 16182 80789 75140 82006 45830
1148 27
34240 74408 69546 2764 29993 36672 17697 17516 39106 41972 4621 17008 50721 73882 40131 5875 5883 6937 27546 80246 9850 26514 32337 20879 37695 22316 45346
318 27
18774 84544 40370 121 67576 87307 41532 36434 46667 55325 45778 23150 73762 91850 85732 84233 76175 96446 37046 94301 95598 69178 87885 82023 70398 35191 92395
748 27
86835 64616 44191 75991 9090 92415 36509 54806 68476 8054 68578 94851 77414 17051 76316 4009 34232 28402 46516 96192 89333 38116 90866 20414 66637 94811 65295
897 27
89046 93661 91539 35236 17898 39074 75765 43826 10691 77470 70363 16251 60657 76561 89278 13417 67131 6068 6860 87268 72690 8630 98727 68591 64184 88239 83052
473 27
13580 73074 49882 73978 26269 90401 12154 1081 34804 58737 82510 66788 52924 70226 75610 15768 25879 12701 89496 22364 93225 74078 31576 94265 92236 15319 80109
253 27
26030 33093 27712 49005 98626 56751 96790 92529 84300 76738 47095 34142 46824 5088 36269 52775 69038 3201 12305 35813 15871 90750 97643 37714 35679 53432 88265
89 27
5391 28885 20239 3243 26025 48031 64792 38135 42774 35303 20735 14575 89875 53109 27354 45522 95210 5270 59461 39980 80494 64950 83443 52324 85498 7311 51329
1196 27
79308 51888 37476 57335 95235 84086 12639 48551 74391 45127 87306 45190 62206 78349 7566 20794 25291 8159 3801 82108 33703 9524 95567 59854 50235 54821 67387
471 26
69147 45353 97200 37512 93715 37737 92863 58508 99413 24481 74251 86141 64618 44442 22894 53247 15720 71710 83108 74871 79151 57958 66322 4014 30395 66708
169 27
89413 46969 39891 59913 36383 96166 90785 30003 51059 66570 8796 36215 53317 82018 21353 16022 84508 72097 92293 93305 72365 81317 53265 95389 91755 42821 68081
295 27
35588 7990 13129 26539 4312 5414 43938 76057 93257 11034 22815 72035 36233 46451 92563 42748 93519 9758 78639 25786 86530 25265 55268 69479 97734 53703 23376
1002 27
26659 6184 88244 69233 99259 1788 85040 46291 5649 92585 14553 57431 91815 57066 54273 4058 57417 22774 27083 98590 2683 12575 32030 67864 40531 19044 76783
200 27
12718 51253 22194 92822 84379 77281 20869 68771 71452 47793 21132 64353 51521 50730 41957 32924 25814 8518 84200 77907 15471 4478 37808 35579 3787 73940 51203
895 27
76152 73987 31322 44496 73348 65555 65687 13518 45661 28844 55816 26422 89600 51755 72309 32318 56165 49941 398 71173 59429 80626 45928 53831 62656 73901 42815
1493 27
97456 1202 90811 60998 90062 37469 1754 7815 78609 13206 18110 96941 14615 39524 57577 74026 19999 64183 90752 11167 44211 23885 40679 79556 44591 65103 76430
248 27
27042 56253 62943 65703 76068 40479 65140 11162 92736 51387 64461 5448 44084 54445 43614 90498 95137 4107 72266 48810 30309 38437 16774 13667 90064 75284 22340
658 27
43290 88671 6980 64196 30313 78324 74624 45130 38452 81483 85059 83515 86769 43758 6527 47382 19713 43954 84312 46002 87770 64406 23589 43861 28031 82663 14332
289 27
62419 49085 94155 31951 62349 32330 41966 10106 63460 55868 24779 62441 37073 83488 59777 4073 71147 79971 94050 58442 17177 14453 6463 39912 31727 78371 97479
525 27
19697 50963 66859 13131 68847 67066 87069 30855 36754 5015 6278 76881 7761 89765 79410 23770 29417 25144 39114 51085 15309 93347 25474 93456 64485 99282 42820
1138 27
10396 99170 43378 80265 67862 3491 6382 48340 27540 12259 6081 97244 52670 68725 12814 76344 6643 33866 338 85609 64228 67509 48067 84546 49322 34501 57847
1571 26
87360 38098 63652 32234 66869 94490 23308 56633 87429 33938 23985 12074 51456 91856 85970 95374 86019 1385 6525 2318 86269 35650 14845 73250 99554 8160
1369 27
16893 93616 99333 66061 57608 31832 35344 93728 10267 782 58219 48116 77052 89558 23157 62680 84328 95836 43783 79253 71936 24807 77999 70674 83509 37411 44771
67 27
51977 9824 4509 72696 31535 34003 54247 14115 60717 78123 35554 57402 91139 79374 46849 83650 11874 42137 89384 76168 69063 68186 92068 823 43957 11084 49167
1298 27
34130 74426 27606 86858 69083 93537 89604 81670 89864 25600 84481 55671 74882 3622 30642 89567 77818 6093 85688 57199 69959 42108 76517 38888 32709 90959 24168
1378 26
19996 86927 81094 96339 19477 93540 45156 92640 81384 24188 56070 32534 52391 25215 61596 78851 88927 35473 63637 76949 78503 51267 12059 97023 57760 24603
1342 27
39448 35667 11834 3614 86610 38796 6718 43508 33438 18396 15011 54635 21555 49555 48926 53551 98825 51199 19123 26014 27499 58960 75771 92855 13429 51559 69642
1157 27
23708 23014 8497 14112 9456 73658 33664 96060 28870 10169 13815 15074 65927 13713 51200 81628 69520 96025 4038 39128 11579 9885 27319 80093 13801 81225 72835
552 26
38827 29781 41976 75773 16331 47386 29584 41272 35468 88920 52835 25166 74753 31000 47298 23351 61828 16516 25037 83439 37467 16850 4609 20502 27981 84944
1689 26
11949 17246 21594 99546 8616 86482 72178 75652 51151 5800 39240 41486 17076 74557 61230 1217 19227 46445 37730 96061 27131 44292 4251 57269 56835 2999
614 27
78233 31432 81463 30122 71057 70326 869 39033 78375 57010 45922 74744 81035 45429 11643 87995 14043 10054 54955 93001 48342 42676 20409 69370 12318 42338 74087
440 27
83442 59694 11594 47094 91135 63462 31173 15055 94456 57670 21503 79810 45713 3868 48697 38702 87676 34733 5037 74022 6322 7010 40248 71958 59161 55461 70624
534 27
46421 95556 81611 18664 83444 74698 52166 37561 64928 49904 36836 99537 34408 25274 19471 93356 86722 49036 91970 57098 71559 11639 59262 40411 1899 5465 88573
582 27
77651 65008 37101 90041 98377 71596 79704 93007 72551 21345 81481 40960 91677 32418 97182 44761 93939 46791 67330 57364 39837 39261 30353 57107 36592 6123 75983
402 27
78505 96756 42970 23514 95908 13950 25338 27365 55526 68898 84655 65326 60385 245 61970 55707 27477 8916 98216 38621 80241 9459 28297 30077 41725 24328 16186
1008 27
98118 95883 95714 97875 20872 48189 45793 98311 51214 97247 61695 66281 25727 37174 29878 84788 63858 49536 76445 48732 72437 75794 90904 47242 24952 57605 98439
1293 27
68928 45285 6731 98417 99220 97453 8169 14431 57783 22912 33424 3334 41669 92713 63444 93367 372 35570 71589 96512 94510 7331 91111 88187 50752 63339 97639
1515 26
20733 47943 38768 6902 39534 33596 90046 12860 50124 49797 20029 34789 79237 59613 85579 99218 52574 71808 49481 16288 82083 40929 2240 7632 37168 81052
19 26
48335 27978 48471 25976 79547 10866 6016 51312 63500 52804 52935 16868 65130 36617 10839 59012 34434 75129 83390 57868 78846 80550 10720 79016 42696 18261
1124 27
47922 33272 93350 69659 77017 12423 85907 56811 30886 60969 63396 70247 47012 42458 60781 1119 68981 89253 61513 35538 7939 54869 8797 650 49526 34944 30745
1226 26
57225 90057 10656 93448 74827 44138 86545 82207 34606 32069 92059 20832 22601 4588 18564 85698 6243 28195 39124 57270 39588 4230 39918 1420 3667 44702
317 27
64622 67193 25232 105 48133 93376 44988 53357 17807 23596 61853 19757 43485 38115 89718 7792 4805 72356 27638 69223 41212 56315 84707 87117 38762 68078 71935
1532 26
13637 91428 348 15335 64378 987 57187 39310 30334 61098 32405 89690 29296 71632 54411 98924 67512 47577 16771 62567 24885 35981 15303 55318 50205 44772
1591 26
99841 54569 16598 41474 47665 69328 77913 99278 60428 60336 38707 59791 19380 38313 1022 43956 10657 76296 74379 27506 98357 2004 37041 20487 33594 78333
926 27
30972 62135 85762 64970 17633 92289 20293 68796 71061 90088 77641 368 22738 68667 85460 49681 17916 72095 65821 40147 61303 69463 78093 79114 42236 25532 30771
444 27
26778 27364 5287 25533 94282 93391 68255 70256 74987 88903 84496 72159 51520 11418 39312 61960 41630 66537 10513 79309 18117 62047 50565 40732 5123 72575 98123
1269 27
62910 1126 35326 32732 41012 79468 23264 64906 43620 89268 80786 36378 37973 90997 77498 42299 34717 98013 86750 84274 51975 12022 81495 53706 5204 7678 10630
947 26
75235 29540 29443 13643 1426 14168 63223 50084 29210 49583 61452 31626 94365 24417 98414 43010 70194 42764 78529 16011 75308 6026 79594 58105 743 50052
654 26
6992 2387 98659 11746 96877 70683 78725 23505 84786 31283 40785 67447 91298 36118 45773 76639 73316 33291 13362 76670 20807 29285 16805 32297 24251 52328
69 24
90299 81192 43707 56500 1267 98765 93729 20465 3645 14203 33737 31525 31095 928 43267 27998 97687 13123 52463 28134 21477 26595 68183 41608
813 27
32887 91665 84625 64590 76993 32408 10357 87949 78011 59143 17543 54021 70250 94627 75903 36398 64548 50081 41334 24613 35357 31458 64331 30439 16739 42627 53812
1116 27
75784 3601 98544 35437 54502 94439 56495 36485 46132 48760 73712 41802 85093 16458 13583 70631 40275 65258 37769 50975 63892 29315 15464 64940 86843 84539 76553
856 27
30176 85353 27199 20670 47263 61205 47549 60779 95855 33416 48921 54712 51471 91740 78929 67559 14678 25251 47750 8563 67791 68907 95632 1782 93033 85548 20723
352 24
55637 48790 56863 10991 4682 83129 87186 97025 58573 91876 54218 75718 34325 64864 55403 40738 40936 72778 69192 22748 67734 41125 95586 94462
18 27
12064 58772 50551 81200 85828 15174 42270 51198 313 35513 88451 69576 72311 4269 9974 46184 91319 3499 56239 23443 5528 26530 29708 95055 65471 80259 89545
182 25
54627 98057 28439 9864 44908 92560 41846 49656 36102 14467 44358 96041 50206 39070 91350 17389 99967 23364 11866 86878 31220 43243 73580 87737 70791
74 27
70623 75624 9464 25209 50027 20712 70357 34644 94678 45482 10174 20504 50331 41635 46293 35178 12524 96309 85371 32421 44593 79399 68968 22848 43899 29291 10731
442 27
26640 64695 27439 78042 22921 8328 14571 83730 33159 26683 54463 45779 67552 64142 77598 51145 73994 14395 18473 98413 87892 44355 83277 88297 2331 42017 26159
1096 26
62811 39798 68917 27690 1051 84420 18165 99608 52410 25067 90816 18036 36435 55733 92184 40566 86294 66995 91888 88441 14183 72028 98232 53163 23652 92030
148 27
54482 87795 4246 95989 66864 57214 72056 4668 8988 90865 53975 6423 90320 96732 39573 54236 32531 65943 42426 93808 24500 85911 54310 66170 13107 99144 91622
1453 27
84632 20888 42723 12012 93101 45374 11095 14646 67265 88028 5662 88141 82227 34992 38778 22583 9308 49523 190 99411 13065 37154 11292 2089 80018 59837 98811
398 27
80282 87033 47558 13480 41120 22697 45704 64850 57341 86361 30635 40392 47069 5766 46336 74691 47623 63706 55190 71432 26786 14835 90699 54644 25374 88358 75296
190 25
26669 15207 26083 73247 37859 22472 98940 98065 7677 48550 70876 78943 93542 97720 45869 96967 43299 47495 82544 37200 61556 17360 68718 67117 34714
1248 26
14871 42828 18637 89520 23769 47489 56171 91671 19754 57872 46045 66462 72335 34473 20200 77088 48129 56130 2611 5566 92823 61078 1630 98780 46228 19282
382 27
95519 12043 75605 21210 5193 37957 80376 14513 50738 64198 23380 21459 940 13378 15047 55702 21927 72295 99638 87660 19309 3813 2737 32216 42059 50109 48690
973 25
8144 21048 49038 70721 12777 33823 75836 39785 75434 85300 78784 25437 67936 97486 12469 14007 77814 16245 6054 6869 61408 19395 38323 23479 46359
642 27
20564 52707 82600 79789 79434 86980 92388 10387 9980 75894 83541 39939 18753 96213 42621 30511 67831 8906 79917 50216 98029 61441 63454 92637 4010 22464 56185
323 26
1998 48552 22786 31741 48539 58026 88119 90854 87787 94264 98191 89859 52142 34498 15719 27200 7554 76504 37578 32224 46843 92687 23936 56569 17881 76528
1377 27
6504 11375 78113 13273 38340 91817 65657 17910 31336 35279 30581 91122 90713 97334 72559 43801 93275 85391 93771 84968 42123 98473 20391 43476 44486 85595 15432
815 26
81839 58070 99861 1492 98053 14355 56760 45114 80331 37994 71622 93260 2555 82071 86295 36420 20369 98105 92159 77326 78338 14756 83023 70036 73128 28653
177 27
28338 59165 5564 10040 35099 40928 71481 37098 19407 33044 88375 93872 98442 78763 24937 36340 21969 5733 81125 56516 61880 53543 38874 95785 21093 9412 53246
414 27
68148 78072 11288 44715 88803 86006 58837 91157 83755 19940 56321 38166 69975 91831 14464 40948 11068 5630 53616 42755 28568 8115 88183 29339 44965 61991 5860
490 27
25921 90537 73185 54299 99055 21491 10804 97383 78369 94967 54962 94348 44843 31238 71910 19814 99718 13453 7179 62138 67120 81774 38436 89953 5078 32585 48395
568 27
60451 33616 49473 94290 56155 17671 37239 48447 67059 19555 65463 25054 4757 74574 99709 38262 50523 76426 71638 73714 88309 27053 31190 99146 92485 56381 89403
395 26
70611 14364 98292 48771 55836 86276 41646 81792 17841 8263 21020 49906 9299 45631 48741 42393 79899 31077 98761 49356 27801 72926 55082 74739 21586 55061
322 26
17321 43121 21484 50902 27653 73888 12979 49837 96088 76473 63621 53564 73700 77896 43075 55658 2836 57048 46573 40065 54350 44294 63853 2470 41792 5126
104 27
80028 83201 59520 14808 63546 22433 25501 94041 26397 8264 21581 2466 10915 9857 78618 69973 3184 3647 94367 50676 27702 64643 75455 28245 20674 71689 85885
721 27
66603 48381 21495 98850 47852 31057 82337 35794 92092 17654 34484 70608 37222 5479 97187 52296 45646 62488 76674 20902 72431 16238 45455 33997 15320 43361 30108
106 26
88774 81280 87754 19941 68225 17653 64996 63789 32902 39599 96259 95465 26225 46778 10875 69878 21244 48271 71096 95124 88415 95393 12695 95778 66138 68818
216 26
47530 8742 89126 7525 61877 46026 41554 71006 22575 67752 84848 20478 41698 54926 67098 71201 91134 12612 48631 73113 12939 69541 8688 3286 28559 88344
254 27
71988 42354 68092 8091 90990 32693 8189 4021 490 1817 92291 53918 69198 65468 73273 37257 2305 8733 89242 66163 94354 82032 74664 12394 56985 50864 18247
464 26
88975 93186 27923 30056 97032 51171 72376 37485 70016 5692 89784 77229 32777 97888 35395 1072 41200 50499 86250 99510 90597 4411 82436 80416 75393 46206
207 27
35964 39229 91085 67395 1854 38992 31815 38118 40942 25105 68254 67880 78386 26062 99247 26178 7701 88122 47598 67226 65423 34761 96705 37002 69738 76300 72473
1009 26
30149 47908 36832 51577 90049 76400 99258 43426 66535 85654 46636 34797 42948 70939 8015 29537 70145 10257 47867 1133 74636 4487 11045 84322 44385 24851
1224 26
82583 58097 57817 24283 41886 28169 99113 30515 30088 29171 22728 92055 30112 6058 36588 77223 69796 86412 16127 96443 69191 84899 64668 74097 86285 53342
665 27
54835 80632 74261 50954 97676 95023 87743 97250 92824 11388 50543 7885 37150 96763 5728 54101 97657 49394 17023 95038 84777 43428 65931 85998 96648 55522 94083
1362 26
77851 58965 7956 10709 6204 67377 8650 25223 69174 45588 24512 49652 18919 52264 75148 89983 6947 60501 23160 57253 28204 86591 89145 46454 55432 85345
1187 27
99751 82640 1403 51378 2016 83959 27916 89544 91978 77100 31187 35422 44272 32628 36298 60441 64132 61392 82346 41870 59355 6690 57271 16903 44293 99196 79271
1638 25
58949 8254 97555 9675 82750 34828 98960 38411 46716 9628 29745 71959 39665 14776 29811 16562 78470 99281 5740 32432 42958 82791 71531 51475 54307
1341 27
13775 88031 25255 24543 47611 22370 58615 3852 60982 72013 7967 684 66999 24836 97995 85724 81622 21482 44280 79426 56776 6866 82848 48852 50465 11218 9112
1312 25
3999 84001 76655 8924 39082 38581 13903 45510 37570 94945 26603 61661 96384 21840 80569 19998 33863 35754 25309 98485 35431 32427 63596 83136 83287
346 27
76513 62017 10636 53148 28767 40562 95189 3019 10957 24269 55519 45805 33987 13411 90304 13076 87734 9936 26316 76996 66613 7805 49813 34630 68879 72247 29916
713 25
50419 85591 29599 74789 12619 79194 52267 90679 41742 87769 60044 30178 50128 75403 68565 926 99213 9438 51027 52159 88925 92556 54193 37636 42906
460 27
44488 69791 15493 88230 53582 95382 40630 15465 29224 13828 69803 21045 27388 15880 40085 73911 49438 76414 36069 95116 21556 23923 43695 15393 32058 49144 39627
438 27
31498 87131 67713 42117 39659 65228 12364 27002 64349 17949 11748 81752 29040 12544 16875 59786 1002 57388 21292 79572 60807 99057 69358 65070 65362 907 12973
1461 26
70976 27397 8423 42935 70933 12288 93611 54477 25791 23933 83771 70459 17032 5523 59900 21872 35359 76083 38687 7535 98784 2527 61933 89540 54584 46460
963 27
76671 79801 37719 39517 84961 34375 1863 39041 50150 50822 96502 80286 72547 96613 92515 16453 50755 85068 84623 45663 57403 57333 81779 28608 43847 28744 51981
71 26
12051 54123 95770 31841 32932 93243 83223 84984 91462 95823 34624 23531 10891 5628 99197 91701 97895 92720 62974 69175 57120 35517 11124 93904 6455 75234
335 27
20005 41853 19021 69992 28666 87524 73295 62763 33248 86475 28757 43931 71005 21197 93078 17622 63507 72416 11896 32458 7313 76942 22226 44940 93783 92851 13865
251 26
58251 34822 56288 86863 96299 88733 15402 31538 98036 26857 50131 73798 48968 55078 46168 11283 15311 91096 81077 55210 11376 62819 6884 7104 22147 88531
1430 26
98591 52243 44974 85522 2231 51864 18360 13760 53243 40202 23285 1689 94039 36913 92005 25046 85308 18344 19577 13592 98059 41169 4689 9466 33674 30000
1560 25
2074 258 47708 18509 20463 91421 37463 84933 8449 5276 97068 78738 47413 91423 97485 10216 78240 32015 57663 77846 67268 48163 9929 94805 90432
340 27
82957 38774 84161 73453 11829 83139 43734 65993 40015 53507 57936 85853 55211 96344 85483 23905 919 14576 3862 52500 53716 62311 93030 30156 6338 27156 85165
1174 27
58756 99679 81530 47889 97324 40650 76556 25229 63540 34856 4463 83847 17469 14783 51064 25138 54249 74346 52833 71284 94716 92746 3659 47050 13338 44160 9318
709 27
10932 75705 76373 94080 3901 82812 50423 62105 18691 84175 40464 42215 10270 8631 86422 8340 67976 60240 9046 34445 82575 78572 74962 14250 8487 56319 21056
1240 26
14354 53056 52584 5986 44507 94269 17738 47553 24930 89706 18442 63294 90289 92187 35264 73559 33102 4032 48423 78844 11051 30183 21096 78906 18350 60994
686 27
80062 57078 47974 92450 82885 55904 77769 56203 40542 98481 63814 64029 44679 11010 88257 50212 64711 40504 44749 42065 21567 56406 78310 17129 47580 88404 73698
98 26
48482 2934 42954 25639 37517 38971 60266 89832 52079 17448 48791 89156 9638 37300 46130 35116 92090 11625 18014 10768 82908 98436 86633 84741 62809 35834
879 27
5922 7192 7009 75033 72767 46062 69272 11966 87508 84150 24431 22908 96152 59705 15591 51628 27249 10574 9823 98238 69574 83343 1581 73993 32481 43312 75405
1582 26
17658 60837 75830 64653 67550 32505 76718 17079 9357 8547 81473 18949 75671 82876 59974 69125 909 95147 73330 30674 77365 51723 2862 65281 96273 13622
649 27
84028 60103 73083 26625 69237 68729 6029 40612 58953 49409 56999 58391 90366 58388 39704 46528 70449 36612 26191 82707 9951 85035 61959 70347 54603 42159 11250
696 25
37511 46890 22566 2754 15821 58749 86986 77023 62295 35407 34172 85344 73334 55203 10402 69143 43780 12755 8421 47453 79607 67149 33382 55983 8080
542 27
83587 15817 22915 8867 61082 23583 30788 40676 85049 50250 68480 66569 29444 616 95279 99013 25496 61525 96822 85134 30895 2323 50813 62959 16459 51348 92984
1690 25
62189 54435 88299 77058 41191 48667 90361 51303 8262 68577 79582 86600 19006 60586 25433 7016 14992 37846 43270 67836 85106 84227 59802 30792 19114
350 27
38457 3790 36644 96107 71172 77068 30568 2264 67805 84125 77069 54053 20482 62966 98122 78162 95005 2324 24980 97398 85341 27121 3589 26029 86978 35401 71065
1579 26
35595 68082 51245 70680 2205 57449 55295 92575 99179 92615 90071 28253 27806 36475 46158 92329 96726 17185 58041 57987 36746 31126 98844 13545 26986 37223
512 26
64324 55768 22578 15485 24646 80293 74206 88978 42552 85491 80523 24623 12084 11602 97969 28964 64600 839 3196 88223 52793 3035 79079 29486 62594 27089
225 27
98789 69879 89760 53515 56767 6544 40333 10409 74955 80069 83875 8858 82749 17709 54130 59638 87930 93632 51930 43071 92922 86072 88837 46591 95941 56977 10585
166 25
95790 66800 72344 19212 36375 33914 99997 16928 72627 65225 94318 84963 4564 22928 38137 80558 39734 81145 85614 98690 95373 70285 17675 21676 5068
136 27
10431 40166 4492 19535 60128 35176 24616 98723 69531 55276 51550 80692 19783 65112 32579 8620 71026 70691 55341 87049 58870 94717 68493 70420 1896 76817 70997
238 26
8067 42980 63781 63240 60136 51183 28679 92939 48274 15703 54700 6500 88787 76336 47953 79200 85265 59968 58836 30594 52812 38776 84730 74443 34664 62225
1672 26
22982 98587 5683 20802 83432 19673 59452 14574 43892 78271 16201 24107 4334 85426 57907 40076 8275 93364 66011 7012 42124 53845 737 99381 32893 55610
1566 26
42801 44012 67774 41703 31924 89657 14727 22548 69730 86091 36466 52703 94809 73656 34952 41149 22406 42827 76261 93717 40108 46723 18127 37047 71419 63717
491 25
45762 89840 59396 46017 46485 90690 41336 83916 60507 64500 95126 30813 78945 27186 46545 77156 23153 26776 2990 14894 48193 16742 73448 86794 82124
250 26
30646 45573 64963 98157 78340 96189 85089 14752 95349 44100 45651 21208 59031 81551 60846 26398 32184 8210 50263 65213 64726 6331 58187 31858 64155 21848
