20
3068 180
23539 21659 59332 37742 74412 55444 41631 72744 83232 99974 15902 86778 21917 83878 22087 729 62555 91209 15639 59419 69670 36721 92445 3654 87400 14734 60562 59495 46559 49953 37590 50665 1658 33402 8711 17237 63814 99881 45156 61585 13890 29228 93817 21072 1257 67645 96105 17263 17834 72188 59147 99303 69049 83412 24965 74648 62779 11741 55595 75966 83892 66686 48874 94847 73703 11443 20948 35418 63845 62656 99563 9618 73210 32463 18759 97095 95041 53115 39441 31080 43081 63993 75613 83773 72215 68846 64631 97032 11662 20107 702 55042 21200 44639 5778 28240 26238 60646 45070 78551 39144 56336 82437 45777 34829 53711 14607 34855 93548 42697 9293 35937 57429 9476 25343 85550 11823 70047 94925 78248 86704 33470 39682 15021 3873 98386 56215 87961 33450 96939 47293 70166 77947 2100 97691 87396 59382 96564 21224 80404 46895 72631 87864 3043 21832 54761 37473 96567 91991 31414 31990 52135 25824 99727 88769 14837 42330 42044 62428 16068 59086 91374 45416 30205 81452 24173 56840 68525 7738 190 69596 76116 21746 78782 55206 83781 24586 60208 39130 77872
3527 139
35772 10523 67134 67654 44329 55429 67222 11640 41756 23632 67140 86701 31960 38561 46359 47887 72666 72619 92190 34811 35729 9381 33241 35129 68850 56051 13706 36893 30014 62036 81806 44104 77002 42476 95731 48915 33570 72705 17551 65721 90963 31471 680 13850 28711 41342 1380 73220 17536 9630 86486 55674 79600 64774 73276 48498 6671 39763 96206 4643 85034 92008 39482 13582 12415 69071 83066 33927 24776 71779 50905 65771 63344 20318 83009 98938 12570 87375 9251 86714 26877 22205 76466 37383 86868 64749 1324 86548 50823 48799 82421 81249 3121 94337 54576 20415 86074 30111 887 95737 80646 32837 50186 11029 85053 32922 11464 48257 61183 29093 16244 71028 51239 57878 12137 66179 62220 90914 45114 80554 53284 5972 87923 55872 96951 58978 83304 41061 67733 8070 90915 97241 68580 27458 24774 50592 10656 23747 60988
999 108
82674 41698 39624 56108 59322 90410 23016 75608 78724 42926 49651 572 50379 34014 34620 78316 93356 18672 8418 59050 98998 15823 47706 4295 96318 55109 52843 58292 17350 72935 37268 20185 20383 10183 76618 25240 99693 16104 67835 87033 46511 33034 41843 25980 58032 44095 96095 84188 99689 74053 16058 20155 99109 72877 80084 83475 35979 63621 53535 84933 43369 7508 9096 85998 41745 411 16738 38299 6428 95079 8770 39832 54706 97746 81715 84696 52819 47237 76159 80883 88313 11305 19052 78770 43584 28802 62119 40218 11816 99104 14738 1950 14821 67677 357 82522 25765 83837 53444 11427 94774 31636 42325 23170 87047 96559 54730 80044
1049 83
5316 57291 45657 14598 37367 54312 32975 49869 24167 16585 26946 18442 3209 33145 76685 30941 95485 83321 25433 69615 12609 83251 62951 29277 6709 55311 87695 12413 1199 38217 91658 75841 71309 96727 4684 98432 80297 90115 99366 56423 98148 55259 31989 30676 30247 26598 99754 73954 29858 83139 7237 73937 17149 27061 10166 81659 71313 23294 19780 83014 48869 99425 24451 62417 19063 32261 82919 55131 90072 25593 28141 96766 56131 71161 32904 31551 28310 28977 79777 15083 59546 69492 70515
181 51
20665 15152 80590 22002 45441 5448 87376 55125 9822 53123 79604 18413 59771 27296 78829 49746 6031 79859 95799 62204 86275 32805 2905 93964 94229 5612 91235 96433 77432 74893 84119 15585 49271 69834 80293 56074 85407 69668 130 13624 98777 32772 67195 68181 61241 75240 48389 71610 25786 32720 23436
4266 38
87258 68207 91205 14078 47397 39851 53279 9182 99064 41082 2150 91373 30294 33489 32489 78863 36339 43980 331 55126 62865 48746 93892 7465 26101 98614 45876 13859 44902 96187 47549 37006 26856 344 74643 96475 56882 50008
189 34
96489 40821 21610 69232 25392 9554 61722 40079 90157 3212 10322 5489 59090 59740 8906 22259 71211 8726 59866 17962 63166 60672 38443 71304 46997 26361 95081 14386 4374 46129 18485 4963 51270 78573
301 25
60801 7784 90095 37979 23707 19108 38026 52823 71184 39093 90738 68451 80577 83929 72768 37438 70695 51129 31805 39899 13591 96990 58361 45267 7329
2801 31
28241 28492 89091 68718 97675 68652 9886 82806 12147 82878 5295 41534 61136 79478 38571 49724 41986 32396 7864 58004 65881 37922 48637 47155 31633 50353 49376 77408 36041 87137 16289
2553 18
72796 62033 47853 7210 85386 13441 49298 33249 44837 93471 87374 78881 91346 87532 65827 45752 86697 36351
4182 12
4453 20939 94078 7970 6779 25848 76426 74769 11665 12515 87990 51514
2919 13
52771 59225 5785 25548 25534 81771 45147 33292 71586 12793 72311 27290 71013
1801 4
30271 50627 43573 49137
2283 5
27019 29375 48998 98891 83586
3035 6
39197 36316 86838 39990 61285 8326
743 2
69297 12462
3420 2
17326 70762
1419 2
87184 38105
1224 2
97861 56590
1910 1
63049
