204
8865 10
37811 24441 46166 19274 54773 74708 29880 25903 86353 64561
9827 10
90836 81904 47258 77937 38444 83386 2999 50491 86128 65192
11175 9
35066 69141 53289 8130 373 5283 44392 80404 71075
3840 9
82615 37331 64992 76216 79065 36756 68195 14274 60881
104 9
44439 29941 73971 54342 3533 70459 12200 53334 26858
3104 8
45901 25990 47153 32852 42709 4398 56069 58394
7384 8
76494 39149 87592 35113 27209 2172 20012 74189
5210 9
44058 73136 34887 38862 42821 5843 77122 35492 21639
6296 10
51033 28455 56788 62876 21768 18024 35662 29913 85966 73533
5540 8
33993 45273 50632 60953 31896 70684 15119 63677
2827 5
40552 90478 53001 11334 34068
1083 9
70502 41196 32949 55463 52128 48074 29201 69274 46027
444 5
67689 14711 67294 67864 84648
2714 8
52970 41991 64886 49708 14481 13850 46662 78994
4376 5
80437 38839 41744 17077 35946
4259 7
68543 40321 17436 59055 35010 21489 18239
4062 7
80716 80373 89087 65863 42497 82220 70415
8441 7
92009 32779 79262 30521 87840 18431 51892
5509 10
5149 82289 56895 47762 59339 88428 83213 77951 18713 78950
8191 7
14009 64720 39855 73695 42056 67233 60863
4050 7
24638 39892 42754 65905 748 57059 2872
6960 4
65705 39085 80144 52357
10441 7
52336 9507 81185 75586 22986 72317 63594
7224 5
25085 11247 34906 33626 47536
15150 3
74858 45571 87327
10585 7
91261 59122 73394 23486 88911 52826 14600
7849 4
92187 25443 93119 33749
5897 6
68514 79751 13675 52623 68065 73787
6317 4
87261 84482 66869 47765
16218 6
35915 26166 31501 69089 76491 77787
8208 7
51938 86052 44086 47885 74654 51818 8441
8315 8
28725 79432 78660 2405 42503 6376 20444 72893
7066 5
52200 26889 48975 23715 85625
853 6
30458 11749 11713 45767 34832 37056
9646 4
45601 65481 8303 27068
230 4
68788 87997 57188 42677
5357 6
57428 67185 57303 21574 48425 26362
6617 8
78781 21250 3713 5118 29778 16050 78366 58381
1682 5
45077 51541 65303 84506 5705
28 1
88410
6655 2
81643 68126
17380 4
74116 87441 22570 84228
10177 1
57981
2160 5
38443 48578 43659 22007 1234
10642 4
3495 61955 33830 78415
4298 3
26398 16049 15157
1783 1
50953
7917 3
19545 58986 81383
4746 4
90208 33234 82242 30542
8822 1
18780
8775 3
44690 31507 63210
4435 3
23168 86455 59875
11181 2
46293 36064
4114 2
11689 37850
8849 3
86986 80651 28339
15071 2
29743 65805
383 3
71950 89826 10587
7518 1
93175
3288 4
6529 14496 30325 16467
12098 3
23279 79173 27932
3955 2
24946 67211
4183 2
49057 10130
3662 1
38138
1225 3
92995 59172 80018
1966 2
8357 17662
12018 3
25638 67590 3423
3347 1
24873
9006 3
25723 1442 81778
3256 2
65649 37657
13709 2
30763 546
15629 2
43370 21660
36 1
92249
7419 2
71069 17581
8089 3
25894 3681 66576
3096 1
80087
5310 1
46789
7203 3
12433 89186 4419
3711 2
17139 65214
9923 4
36713 20528 49790 77797
5532 2
64426 9679
10473 2
61902 3045
9093 1
56426
5930 2
81952 18243
1247 1
51558
846 2
31995 92449
2736 2
11916 13848
8809 3
41993 17708 65583
8808 1
89510
5607 1
85145
6989 1
91206
1895 2
85135 19285
6361 1
5919
8228 2
28393 16364
3045 1
57589
3482 2
80440 56909
1518 1
63113
14148 2
54350 66228
9607 2
70523 57522
1774 2
70276 73058
10493 1
33952
9564 1
62840
11942 1
46278
3613 3
29096 60563 31409
3896 1
52078
9807 1
74287
8934 3
52929 34532 72251
7188 1
71033
3842 1
15865
1275 1
64301
16915 1
52456
9134 3
51812 79968 72622
2961 1
57553
17490 1
51182
4127 1
79827
12579 2
7458 70391
2955 2
15952 87633
1401 1
22368
647 1
76025
3581 2
60542 7539
1726 1
92052
10102 1
9339
17736 1
17304
10452 1
2870
3379 2
22152 84689
4143 1
90804
7839 1
20309
6493 1
13961
4594 1
76757
5940 1
5879
7357 3
80139 36481 2362
1163 1
64473
14958 1
58888
14905 1
12270
6418 1
89745
2521 1
24173
8664 2
46237 34223
5188 2
54039 36519
160 1
80700
4975 2
4984 41654
1829 2
1642 28436
3374 2
70279 33237
1691 1
70690
3392 1
44060
10833 1
76445
10856 1
42397
4104 1
47661
1018 2
39471 32934
628 1
77515
1268 1
68477
12672 1
20491
5286 1
66563
6623 1
44560
4345 1
31289
5830 1
6233
1195 1
1155
7038 1
85389
7267 1
9779
2595 2
59407 77770
8827 1
70731
1716 1
71077
3486 1
67879
3308 1
11827
2284 1
65406
8823 1
8748
1962 1
43286
6925 1
3846
245 1
57750
695 1
53493
13328 1
14943
683 1
57807
3222 1
23853
9464 1
75112
10337 1
74156
571 1
43939
15034 1
12821
5172 1
55509
7382 1
8504
8268 1
80392
6853 1
21849
8807 1
79401
7717 1
34712
14179 1
84805
2193 1
46345
15061 1
50407
10562 1
84532
5816 1
59375
4849 1
23132
10720 1
2388
8424 1
6857
9283 1
80405
7561 1
83580
8636 1
1812
246 1
31060
1627 1
89331
947 1
26966
13796 1
85261
16319 1
84158
4607 1
28981
7150 1
3032
6841 1
79041
8841 1
54142
2032 1
7205
4149 1
45776
10699 1
12028
