25
6268 159
6400 66105 78261 49760 83100 82931 25717 89629 61842 94601 23526 81020 33951 38438 38821 9563 69541 71438 44198 74464 69850 28808 91687 53840 14406 61622 94479 74055 15616 62665 28035 66624 74229 58849 60714 26595 22265 34303 74245 76644 56985 55028 96900 10476 46766 49322 73916 30689 15378 24878 63847 87658 71836 92074 94843 2460 43665 57562 73553 37728 18812 77892 10944 79927 26288 10759 43754 41412 87820 96004 41515 60145 52424 46981 6860 5079 99810 64982 62003 55428 18506 90775 98725 66215 49884 2874 97243 13852 50938 88772 90090 72711 2743 12498 7945 36939 80003 27676 9004 57498 11226 63550 58151 75006 98698 89176 85202 32102 71187 25718 65670 46548 3835 190 39801 92444 16446 61508 54438 31782 5898 48968 84323 45044 4251 41609 68346 69415 49564 4697 63960 14682 33418 69076 69685 70206 19298 68080 69788 62052 68781 38962 75702 59994 43133 16640 99758 75612 18067 23132 72544 77028 86379 49263 18231 54821 46674 24675 91543
105 135
71626 91541 97881 70290 53100 16307 51520 14702 49208 10923 86743 90711 49392 75320 62004 39029 63560 73987 95473 72719 18176 98018 8782 5787 21891 60399 37181 38876 67714 25788 70759 58483 79722 48119 51670 63123 95607 59882 60413 39454 48776 70521 53073 9283 63893 10269 58019 71078 23043 98840 67705 93614 40069 20318 84678 2937 63892 64702 70395 10463 86473 2479 64490 28739 87461 20296 61025 48927 5496 30714 55234 64189 81616 85946 23768 26035 9061 33881 74846 34647 41640 63805 11626 40867 85070 21135 1266 24934 44925 99755 657 27399 13175 90277 46254 46899 88541 61286 27527 7685 98292 23651 1975 41335 43230 23487 67223 82164 61746 33337 31864 9638 23779 62969 21975 73079 73552 37336 47739 14714 52724 79687 69851 8610 81610 89609 47488 10003 59837 44595 35753 33728 73770 20860 34701
1897 102
71753 20790 45707 72126 35805 50541 26261 13353 94158 35982 44975 39228 58943 54577 80442 97840 76170 53179 36736 73597 84110 57982 22098 8673 6751 96668 73547 37220 2454 36742 63268 45954 32520 43150 63266 36183 44547 90025 5724 55579 10053 46080 20150 58726 69355 62187 59370 89659 76934 55864 12255 95533 53457 65947 67161 4436 97640 23824 21966 74782 98085 76660 71757 36067 69709 95610 75771 17886 96749 79484 6803 71801 14965 16023 76486 56641 83511 18832 23214 74919 59560 39300 86346 77831 34737 86852 27686 30963 87584 27514 2358 65721 58162 22567 58010 98585 20482 20044 24179 42802 49523 76269
2904 80
67737 44651 50825 17093 28561 42148 70817 4728 31077 99539 75902 16242 67220 29331 4224 9002 12664 61976 21756 97321 10952 14916 64357 16613 14305 52016 94849 8707 22182 17862 16047 74847 83841 9405 56737 38131 47944 42467 46248 38533 75675 38957 44145 11597 75789 38155 70131 40521 49900 95340 92456 46420 38769 36298 97844 32268 69308 45337 96884 20158 22875 76314 48743 76312 90104 38669 14299 61390 17776 33634 62137 81964 31028 79354 60412 81516 29404 45736 24829 21379
2790 64
26025 61209 18975 70324 79683 71099 62863 220 84274 3214 22722 79501 28469 64573 73769 33064 93898 19144 77295 17801 7832 188 46181 15363 77095 50231 52691 86235 25795 87012 89975 64575 30041 79767 54466 85018 3038 93815 71508 72671 59193 90887 89729 73743 71446 77697 92562 86002 21085 53652 8965 83232 72112 16655 19258 59185 42570 31584 76736 22915 2673 96771 66249 2661
844 54
98655 96933 21228 4126 62736 1109 61490 13098 12550 28380 40200 9593 44492 25727 91718 65453 50495 35687 27942 93699 39071 85240 93399 53607 30720 35344 18512 48437 63749 55916 84742 8683 56666 15464 24888 8291 86696 80875 20470 61895 54862 92713 21208 67419 35732 35979 29808 56240 76799 87501 82453 91175 17742 45652
6233 38
43980 69997 17389 89726 89451 38918 38067 85974 29172 81825 287 2267 87140 59314 61608 50719 5742 26909 70434 41058 48594 92018 44460 85090 77975 78670 18180 97891 95740 38062 46824 53556 94583 60848 42149 34850 30066 88581
672 32
84609 53240 87313 17927 27411 25265 15976 89567 45261 48114 14712 84813 15926 24470 51124 5433 68701 21897 92530 44996 47518 1053 61857 40882 36277 86327 74904 88504 38387 84168 90155 28645
3235 29
10484 50852 23056 95783 31140 9408 29102 73068 16582 67641 15725 9091 46443 13515 1407 45308 89573 83935 40910 42601 37965 29806 55964 53902 63660 44764 12349 24454 59111
166 31
66124 7383 982 53065 98114 49117 87359 33644 6440 11635 60332 13818 20848 37992 16680 55632 79043 34540 13266 59827 1255 97723 32990 20703 46972 24908 65900 49913 80614 68627 21974
5772 12
75890 61756 21546 31871 38461 50271 38188 98354 46781 54929 32486 76336
2551 14
44630 76135 41135 40124 9512 35677 72013 25829 3175 66155 66063 96398 72346 91297
4571 9
86768 72356 53299 88433 32319 49363 26760 15108 99015
4012 10
19687 5460 57713 36115 84148 38736 8518 76523 734 84634
970 9
51153 69317 77465 19000 3217 31213 20436 79431 66703
2905 8
92628 51182 1982 18107 1379 25618 30972 23408
4785 4
63867 50761 89782 14520
1006 4
68335 4117 57849 62117
124 2
87210 52590
3151 2
7680 75551
1259 1
97841
559 1
17395
2038 2
2767 5407
1980 1
32327
721 1
52371
