11
184 325
24240 46930 42480 75548 61394 27176 39291 73337 78645 5276 9283 91610 1940 67854 47882 87350 2601 27294 48246 39372 76618 36271 2103 30077 12594 26128 31749 90312 26733 37684 36063 34376 67875 11422 6254 2187 85835 60692 28455 42050 52740 34212 73794 99122 37947 77667 22802 54609 64982 7417 12146 73798 8913 19082 67119 37054 36676 51221 22560 45512 88458 21804 82476 47031 15228 17444 93494 42688 98039 66644 67154 42227 56839 69053 90147 52321 67063 69169 23314 65127 93891 12376 79175 70552 96606 6646 59359 83144 19729 65905 63983 94180 67772 28288 37748 73505 335 40896 26522 63311 45138 26614 22938 58100 10740 78355 77818 12297 73393 28484 13377 34905 31368 10347 90467 98970 50815 94121 90472 26328 86867 36279 50410 18017 57464 83934 84320 90444 62475 32155 27747 80678 23053 52052 33670 89738 95017 90495 56584 37212 17769 87095 50344 22836 45805 53473 18820 61137 96013 23060 70441 67567 40761 78927 35001 61825 68439 6086 97567 73214 88796 97392 567 50387 25618 7231 96401 76401 89773 54036 58501 17284 56604 64805 6929 42673 54569 81198 69608 98928 29932 12549 41761 88979 83365 72161 37798 63491 92471 56996 50826 83501 89864 57234 83864 52277 57757 82317 72130 88557 19824 11837 77194 1699 15717 64492 59670 52944 93338 4244 26509 26017 90172 50912 7455 2839 63005 38131 35095 16769 64442 74195 65246 19557 83684 75498 18487 1411 16937 88981 54366 20772 98988 77513 21873 81571 84282 15872 18164 22381 39693 99013 75485 39640 17578 68192 46030 90416 7057 93209 43615 66241 20636 64543 74003 20912 38021 62367 58189 37423 28248 64620 69024 48202 32437 88097 54976 80433 42730 52032 38396 21883 83180 69025 20651 96111 97072 31742 6222 59514 48051 5206 78896 34713 3038 90338 15602 85118 91790 48272 31880 22144 45470 14665 76615 27582 63747 57581 10308 97656 95217 39302 59345 14586 33912 62593 27335 49165 55333 59529 36017 30943 51482 31008 27002 21932 5662 9815 50790 82645 77555 74490 26378 77639 70492
126 186
22271 128 41535 46860 11693 46101 47650 28220 79589 62362 81325 16217 77565 82573 12573 89869 80013 14850 63875 41688 8759 3627 8068 20362 4666 64599 12635 72328 37778 96288 66279 90774 62217 61853 33853 19462 14088 58155 10158 1141 29499 56435 55661 19138 26487 15022 44981 70649 60747 95588 38932 63498 58762 66768 93322 66036 83812 79129 81556 48938 20819 3127 3817 81532 73896 38856 52054 85417 71861 95452 23074 72209 86320 6325 35492 43142 76357 69760 60553 37207 65337 20546 49055 6714 98974 42694 95617 26909 29308 90818 68407 76219 89048 53756 27640 95966 66133 76088 33539 74061 37857 75887 48227 65706 22763 22716 35601 49683 35109 53624 55189 1406 10403 36746 45928 39232 54356 76272 13807 53543 6757 77524 79450 91856 40130 63199 15969 75036 85324 1428 80898 63673 18814 36669 95076 93600 71990 21052 57772 80038 15339 68804 59278 1159 87303 95358 41775 45064 20924 88640 9425 47489 10300 23735 58757 42564 80176 65821 49351 10046 54192 58144 28507 60102 17574 59083 33217 9335 69445 90641 86787 30335 40904 1247 33454 56837 92219 83530 2147 12954 94897 12485 53043 99171 22916 18825
1001 93
59709 69068 91430 34433 45753 23702 65240 5189 54913 39675 84041 88576 75812 86647 20412 9864 26587 5289 26174 53003 76104 8729 98670 43021 74854 20082 3560 33985 44412 36977 51116 77317 92311 96396 82779 22638 62728 60769 21226 92142 79574 94764 5320 67361 1152 90554 22255 77764 89098 7555 78151 91108 68777 94490 93392 93357 64531 8292 3505 33631 56667 43996 86512 89933 29870 26135 55925 12431 35862 57228 27665 84239 17962 44081 98803 35246 95187 69671 64054 41458 84740 52651 28498 82480 54729 37886 65182 90795 77065 60713 39747 80725 62346
508 55
47979 40649 30998 25376 83496 26759 66434 7894 97946 82140 88051 74531 86779 27026 72760 22335 42005 70363 67256 9441 3763 77232 12829 44079 29557 62146 14323 3969 33737 680 18158 24272 2367 99541 62726 65563 40637 56495 53285 53610 8042 65589 20477 86038 51704 8787 6754 81624 72091 86911 81190 95440 32344 22755 42740
846 30
308 82613 6690 44071 90633 66681 17112 52345 36348 40148 36517 30187 40629 70180 27394 35397 11809 93328 37425 27443 54510 39091 56828 4176 6781 20066 58868 27295 17556 27499
1112 17
58056 82607 86434 80219 15362 48806 60680 3776 62281 45977 20417 67155 82646 98575 96091 60038 9433
719 8
73408 91971 30107 49688 75084 38390 83915 58859
673 5
57441 5380 20138 37520 54017
1274 3
63086 81522 10480
113 2
2842 38998
1144 2
88737 98183
