91
2411 38
69162 32912 59086 83284 77427 29707 46379 73362 90882 58151 14013 89564 64643 6343 5012 95389 91245 11989 89694 88730 22516 45166 81765 53403 91247 99882 53554 28957 90069 63752 48669 11640 4724 56056 36507 78234 2246 9306
7524 34
98996 68192 82977 13895 98027 38707 91103 44585 22267 30148 90411 58384 38613 43325 33339 7716 26633 25054 27154 97903 20534 11231 75192 40249 57959 68964 47148 35486 5803 78530 7580 18682 45055 31393
2059 35
39240 6878 79231 64126 80378 49135 87764 83642 9681 139 9196 85139 12619 99652 10398 34648 60617 37389 62795 32198 84075 72541 96793 91726 73446 33918 75132 49051 65451 67221 59346 84509 32491 9486 84023
1487 32
95394 5987 5048 99496 75743 7042 37601 5169 86755 86893 61041 24095 76149 3226 98498 3569 91974 62546 51124 35879 49968 2243 49703 59811 98834 30507 76008 11219 67972 92649 41700 66480
6973 31
16451 79964 74091 30875 39999 77052 73989 5247 1827 67617 59248 64937 4742 14548 79463 87211 1608 61635 30670 43168 4820 7847 79741 38848 27284 55188 20521 47658 37816 67989 33025
5028 30
12241 49768 69306 86644 68365 23110 60440 50850 80032 33318 60137 826 97281 3238 16174 37223 38701 25508 73287 99016 86717 49953 81158 39470 69204 45763 41683 4793 86293 67679
2707 26
96750 53677 80940 98859 56780 44004 48317 94035 29002 35779 56288 786 70067 6889 76984 71982 23086 45024 73312 28677 34590 16633 99995 16087 47517 66271
1668 16
49031 16102 43580 80818 59255 59738 89327 24001 89316 95809 80420 80265 2494 76266 17687 18109
6839 19
62963 31158 37063 65639 88444 52119 36324 2433 79457 36348 6687 49803 79888 9023 15332 84917 19090 2586 9899
3821 23
4258 15995 4956 28210 26457 82019 83745 65923 17671 50198 37789 99987 87507 87105 23160 86531 30149 74168 55028 48058 10990 79127 91447
6123 21
31237 19104 63560 23599 36759 8148 24833 51943 17772 80330 47087 41109 79660 49425 82597 91903 87787 66799 94040 20070 28356
5556 16
585 84513 70349 81603 53086 57079 28456 79364 12590 48712 98288 80351 8510 86512 94616 6388
7348 17
36406 31673 32668 91742 93461 42895 1220 73854 75907 93393 45936 86474 69458 35782 80077 31493 41631
6784 21
75203 86715 36246 689 2151 13282 63868 83092 65376 95300 50091 77867 70312 86817 96740 40022 94802 28899 43841 12022 95762
2167 19
93347 98678 24016 57393 29267 59827 19376 62096 82089 11243 65778 61718 15004 77362 23864 98750 50856 24835 63717
3814 19
82463 57594 21082 18049 85094 5626 76177 6248 68597 43655 29771 86457 10781 96593 59189 60614 53380 98079 46023
5814 12
77263 5695 10328 54618 14078 19848 45980 59161 77969 47767 62670 87002
5686 17
67806 60833 27614 12827 2691 65110 98119 57952 21833 62532 83968 70446 81387 27859 16105 91932 75520
2278 17
73203 34378 2705 95520 19654 35535 44471 10593 54756 64822 17210 65685 72013 41410 88373 71667 66231
7790 15
9163 60870 78165 84715 77210 67411 68858 36320 35860 21463 4575 33169 71734 21471 25090
1047 18
33995 56920 62429 36383 3468 79951 44732 80485 5737 27934 37424 38201 86674 17950 48045 74862 67293 7146
2248 11
17635 77315 59526 91615 91694 95305 52976 76336 46256 19794 47484
1401 14
352 16871 72156 70357 23184 22007 19564 66836 66478 99421 3481 11409 78772 63532
45 11
81992 73035 32127 75999 44598 79189 4684 21404 99657 20434 4873
5005 8
59169 11835 91849 88611 27885 33015 68046 28211
1465 9
64109 59160 54829 38216 26506 28844 41583 69442 7304
5873 11
39407 62359 29468 59330 45370 53142 1244 17416 53892 68702 34834
6894 11
89420 32536 94753 92568 35042 20875 16898 45152 13824 58186 34530
1955 7
13914 14300 54518 73717 33948 42887 89203
4455 10
67714 32174 36467 66807 41437 12282 70140 67420 14211 66245
4909 7
414 89301 39829 88997 33054 63444 11792
1416 6
55310 31113 54684 59374 3315 17895
3278 6
97582 25922 14770 24730 33815 34351
6137 8
83253 99948 53861 58302 1015 14059 71951 2583
5502 5
22640 81239 15291 86905 71536
6618 2
21291 24963
1068 6
91833 17027 32399 90413 99184 90963
3378 6
14624 97897 20774 76334 21187 3579
2090 11
59298 86895 58191 30508 36279 78513 5112 39410 53202 1326 27609
2224 5
38954 68051 19713 53047 92995
2511 5
41532 36298 97950 4279 5825
1271 2
95982 59458
1682 7
62116 19216 11076 9452 80721 62212 44957
7744 6
78268 59572 78897 521 66108 17946
1646 8
12242 48719 12191 62842 11291 42216 85526 49858
2909 5
58502 7888 33608 49673 55800
3213 5
8190 49823 78595 42911 23025
1027 4
33594 63780 68373 45662
5729 3
38992 96927 45457
911 2
63199 88740
515 6
72188 18621 64223 25609 57279 28792
2321 3
65002 20884 99169
1899 3
17090 46262 25632
4188 3
63660 5863 52019
1274 5
27306 73496 39438 73460 93915
371 6
88951 23831 22137 25194 3780 38433
492 1
47828
870 2
57756 10898
1796 3
85780 68296 48046
2773 2
3765 70343
183 1
22321
4106 2
29217 64774
6225 2
60041 74771
209 3
21251 12562 16660
2119 7
90049 51893 11563 16129 89804 24962 10303
6885 1
58790
2448 1
64392
1457 2
5620 47242
2334 3
91215 81324 84055
2456 3
31652 19680 70407
2382 1
9872
797 2
78817 40017
2197 2
32841 49211
3470 1
36680
7331 2
99125 91567
7235 1
29445
583 1
58213
1404 1
18958
7334 1
22134
2510 1
68492
5894 2
11724 42455
7265 1
60627
7435 2
13002 91039
1510 1
62048
7762 1
21912
6986 1
52232
18 1
74953
2225 1
21911
4821 1
21716
2346 1
73872
2350 1
59902
