24
2585 132
17009 51873 31837 47076 74450 23141 92969 98878 44557 54646 24823 8963 756 30072 47861 14936 28654 40454 93649 66973 65199 15850 94941 1142 7924 18082 59480 54142 11917 55126 42273 69412 96499 17856 71079 89359 32222 49134 57520 92520 26621 70218 87051 60503 84119 87687 54667 5534 52520 62043 12666 2577 590 70052 6967 28655 59711 97968 62981 56663 83512 80026 65065 41 28845 59494 72290 18163 93724 2669 6946 52465 57245 12457 33826 2581 80462 39670 56699 97327 14362 21916 63696 25981 38919 73813 3543 18293 24799 78259 12891 14506 13844 16768 1779 83092 45364 70249 33818 69679 19868 49662 69910 45909 52534 11480 38945 91220 71024 13465 66498 88003 21396 86540 64848 79589 75674 87185 18517 92774 4633 52191 99257 52081 30901 73236 97831 45764 78642 67995 76711 73132
504 105
13472 66319 88035 13662 16612 72286 70892 8579 29275 15676 58054 7789 68756 40476 21378 4838 85520 85657 82714 37014 40617 2894 56517 94140 95040 10639 16290 93709 24094 99670 76170 26243 1197 97352 43330 32226 74464 93776 33772 44078 59634 31486 17693 66501 5880 80603 72120 50375 1604 64599 84876 72964 49453 86460 33605 96319 49377 62481 10773 40743 92411 86691 55349 45064 74829 34894 64452 57089 16535 66905 68229 69330 95106 46550 42198 5904 98207 59661 48296 39461 74761 29633 75549 83387 31908 17986 69088 37474 66381 66336 80249 24179 33453 2155 21789 12861 30577 44132 77515 96633 91457 74385 24914 55239 32209
3852 85
535 1931 74577 33381 10329 86757 50859 44478 29187 97442 66247 54526 22931 16371 31211 93008 63765 44392 38167 39245 59422 54579 13202 49569 24797 45131 10798 31550 95947 11261 27764 85674 85227 54568 74421 61832 87907 12489 1842 88213 50411 47838 97046 71725 17811 33099 37108 3836 34773 72258 11532 37742 14599 97868 42352 5074 58324 43303 13879 49780 36393 40857 86324 650 83740 58370 7451 84868 52487 12325 91395 46407 32936 81829 64008 92385 69019 42109 82447 10427 49265 63495 87113 76386 71778
1767 61
64689 21655 81587 90156 41854 92260 42327 56417 30947 33425 49840 9002 39602 1032 49666 59526 1423 22658 30821 51855 61913 10743 72486 27238 3911 1486 57530 54458 88377 31267 4643 18900 59539 83788 42721 29948 22944 3844 10396 49214 57270 54040 39722 25941 97358 78557 38727 85519 20617 25715 51392 96809 5647 40190 23279 93702 91934 71097 3939 98927 59255
1618 49
53515 74371 59800 54379 32795 75836 15515 91577 51075 30838 86660 22323 88061 97024 68377 56404 27786 8884 65920 46496 73565 45365 76745 87248 70252 2762 69986 60244 39403 21798 48354 52567 16939 42714 83316 33114 29293 14422 85880 78662 16550 53604 28997 47877 82654 4100 58637 94824 11511
1356 35
48178 60224 62057 3796 54410 85726 25584 128 13473 17018 44875 61108 35584 15703 17712 46988 37045 77750 87751 92654 51431 84480 19670 21848 22365 73973 4204 9141 9346 1130 15014 27066 74694 3657 40434
1727 28
87781 88090 8695 27734 32191 43123 21377 93983 2600 10026 75915 60610 32645 26680 2335 15035 75165 80430 13291 8447 46775 31443 83543 67045 16259 49815 63787 63060
2683 25
43559 19185 21864 6473 73079 22598 49297 51309 39354 42846 92749 46467 59978 31875 70138 24940 8778 54222 32304 26808 21423 19839 1192 8436 40796
731 18
97989 72457 56847 69058 83945 42497 95791 71535 77940 91923 10970 51240 97855 28927 34152 26398 5657 86875
495 18
87838 42586 7126 810 71202 91254 21067 32880 52456 52020 93997 28324 14663 65193 68068 27230 57862 62762
2264 14
40692 3807 95125 709 21606 43866 80765 53274 93694 2970 41118 98605 38323 47002
1944 6
26341 70679 36473 944 8170 23869
1471 6
46860 23340 90526 94727 48979 13396
3496 7
69394 78244 77659 81453 90858 75826 94573
3506 3
11758 79793 99628
3858 5
36663 11819 88096 50152 52756
3403 2
54932 60646
3127 3
33277 97959 27046
3274 3
83239 60821 56975
3522 2
85994 6184
3058 1
61348
549 2
33278 87098
2959 1
6051
179 2
72443 24474
