26
741 182
62048 89948 18451 53575 77893 10148 8832 61057 31042 1928 1594 42091 74197 91693 45156 37819 10199 67674 16206 4726 48503 78715 22064 28557 87357 60823 38164 31527 7395 36915 16164 18846 66756 63098 57763 57612 78903 79639 73271 89574 28712 59698 88558 40491 64681 73253 55387 60727 95068 24945 16437 20986 23842 65534 15399 73887 24620 77805 25786 56950 14699 69665 15561 90703 64792 63816 83271 31499 63368 7413 18703 37742 84230 79808 97041 62237 9610 71783 65244 15793 23796 53213 85011 90326 88126 62457 6392 8430 86309 95675 6004 24509 56226 49904 95557 52680 54883 22460 21114 63449 35022 17712 5646 24742 74640 99122 22284 19407 65357 78190 18818 30896 58619 43980 19008 94910 96499 67235 15720 7198 99468 73621 7996 67404 6492 19078 40593 29412 39949 74326 37596 12863 76900 98459 58524 34039 97388 14747 53574 33573 81989 6342 98342 69781 77442 31171 2667 25290 65527 97606 7148 725 94123 86046 43434 66414 69810 17794 67798 23868 91491 87499 48276 27541 69832 25968 75857 91242 34738 24827 74380 64031 93919 89315 19174 33009 61209 53579 35206 63898 51658 32717
1731 143
72587 49441 60976 19685 16214 85999 28293 48657 8346 41527 21629 91205 83788 4009 68733 54207 76654 7714 22098 46660 34868 44614 97440 26966 97812 79360 86782 59537 38507 2067 78373 55608 96951 88226 19422 96454 31870 41382 22533 1419 3234 3595 84128 42253 72021 46259 49886 38842 31642 60951 84400 15824 72813 66267 86417 66859 46166 53727 41960 15382 66620 81590 42183 53264 8634 104 33866 85211 48979 33667 50139 81126 77970 14698 17691 48682 58371 37617 99937 98501 956 84672 53583 10625 18436 15704 70833 46860 46972 20358 50076 45910 6635 92672 78463 80882 2856 50098 5728 53703 24091 4495 9631 35886 67893 58195 46519 35859 54942 65775 90878 4248 66377 30820 42321 84255 78842 77578 5703 8198 45053 62001 89187 33533 67901 18472 35528 63824 79489 17629 42146 48630 37531 93939 89649 1184 5810 34076 29471 302 70574 1977 77279
357 117
91245 54795 97896 83878 14304 8608 81398 1053 74418 98705 61589 86006 62900 52213 87311 10611 49421 79298 16075 87434 54614 1636 38188 31571 53225 57935 58685 85598 95175 84592 83845 56319 59422 89335 41364 82693 42276 94430 84349 70881 95071 41488 7640 50903 65117 87902 37608 40569 68367 62381 90217 93347 84555 9294 63047 62847 51023 93138 99201 90517 62715 90436 80277 13764 42960 28339 5408 57869 89442 70491 8932 3529 23539 67109 52795 84695 82850 39920 6511 58329 42226 89433 60185 13679 72155 63105 66235 28724 5325 68830 97451 84803 59519 97406 78581 81699 72065 14373 83805 14880 36452 90986 88007 26729 62748 15260 16861 57673 45737 87989 89700 51861 66726 79152 1896 85358 17341
4507 85
62540 13711 31285 14486 7039 40066 96384 54939 1974 16638 36256 90349 68691 18170 60974 69150 79075 78529 61596 49377 40358 34676 99035 20245 80196 60193 38346 12975 19185 57312 24388 92209 37269 18996 85093 17569 91343 60629 12405 3113 81480 16279 60088 62812 60282 2248 27583 98853 63187 29737 33058 48416 95119 27798 83784 3316 7008 28867 71901 50091 89147 67380 63585 31716 49241 23063 48844 89932 73797 89818 91889 47314 33355 12406 9484 60470 55894 89191 53866 8910 74606 58282 17326 67015 22474
4153 68
43879 76260 28992 15248 61536 46362 58817 33063 43798 75767 31201 51199 85107 21833 42477 16579 64218 64422 43790 54511 85897 39126 86984 83505 86124 99133 79868 6808 89386 93491 30788 62062 15465 22231 36449 94120 95398 35192 89044 52676 88640 71440 56594 13914 46620 72988 9001 76019 87316 35511 54087 44394 59523 58970 61576 36194 25671 34847 32423 41918 26939 39555 46747 63774 81034 25780 16449 14581
3974 53
74879 64701 92117 9032 36122 67069 72216 32298 76553 54470 85749 32906 60318 85864 76489 58151 73679 72187 31635 79582 38841 66053 14988 87765 21289 68903 40173 64680 40031 91109 45599 3104 91449 7001 43486 4367 7388 5022 9325 59747 61216 53327 4427 69929 56113 39414 73990 98073 58907 66101 32089 74348 77693
1228 46
38643 60932 34188 39224 6255 85148 4539 18194 99129 80942 64264 82096 51904 34714 26190 32375 93015 82084 75580 3665 23261 12307 35185 40063 67333 69693 69700 63398 78302 63379 47157 26070 59703 27198 10885 16939 83953 8992 33668 86288 93729 98486 80967 23624 12874 89847
2646 28
98646 24088 84023 18412 7044 33416 74281 845 97693 19365 57111 99381 34610 73747 19730 94391 61893 24685 95264 13081 49327 54140 88374 9349 73795 77905 41278 83290
4878 23
47598 73798 43847 70987 94840 58357 6494 87190 52579 24449 34562 81727 72991 94230 18105 19793 8921 18626 39563 43936 24368 31952 27513
4484 15
52821 35879 43667 18771 76057 40005 24434 77428 96157 79528 63605 53912 99562 99445 77240
4348 14
47905 71732 85281 43632 5139 14997 51657 16005 78353 72705 40080 62852 31252 31871
1960 13
95748 31232 64774 496 63119 3201 31554 40560 61648 89361 96641 86021 42959
2436 9
23137 53658 48731 75778 25730 71653 69363 18640 85780
1632 14
30257 78890 78486 7663 50060 68739 89900 93358 20532 38451 10870 86993 40055 5533
561 6
16611 60297 88120 12318 60311 39811
4769 5
96867 3016 10919 31744 93080
5124 4
29170 74282 27731 30437
5171 2
51705 57795
487 3
46561 39111 48593
5411 4
70619 13354 58380 84253
5041 2
60835 22515
34 1
17182
2955 2
30476 20438
4468 1
62466
2453 1
54053
4241 1
23046
