16
2206 167
95531 34078 52339 43681 23375 32541 51986 91365 54764 46670 15967 16141 14733 31707 70646 37146 58935 7963 97826 84311 37066 32502 15121 25410 95546 73951 31791 54544 99191 87504 87043 85237 18880 96102 26288 78249 77756 93297 10564 59346 35944 70865 97004 77011 76509 92424 84263 98920 87605 46103 1493 78224 91814 52915 98545 1401 59900 8223 91975 10466 19156 48009 972 91812 29920 68975 29105 71223 84827 91958 75995 11211 51984 20043 53706 85377 46558 49816 31426 16404 8095 52564 33509 55764 94601 12953 93747 82704 78139 78880 22699 93123 22056 99447 5670 7000 20339 36681 79566 49870 97243 4774 87432 15205 19441 17879 27839 84657 64012 43044 54071 54349 19967 50134 77964 63225 73822 93284 87776 90071 80593 57856 47386 59844 31497 80861 64207 43276 85354 94871 68255 60177 39861 33133 43339 15132 1235 38868 99482 67487 32788 75884 82534 60534 82591 23630 41107 35300 45155 47512 60312 33702 82564 715 63339 662 65742 8489 88570 46537 31804 83702 7039 92080 24996 32510 13713
2767 108
20926 32149 81438 40764 12611 83682 84072 68666 9986 13424 29971 25372 72593 83140 54014 42875 3566 67618 43869 84411 76947 80421 21170 13750 38020 96491 18552 10286 33303 68740 96437 74547 68064 23940 19096 58670 77105 49879 35980 83089 55707 13577 19104 68760 22562 35677 19241 40542 14429 94076 48609 61052 95899 76665 1985 82379 95748 71093 98350 6073 23988 27524 59434 23446 71402 46244 6090 4398 51251 67094 50731 73170 99215 318 71300 77858 96365 9727 24668 13855 71520 14878 56773 23836 86423 13329 3773 97443 56303 90620 27015 88268 97865 86000 90791 34728 18259 80826 25846 58128 93542 72662 42172 24175 31253 37327 59121 18937
4450 65
20810 10770 51195 5910 86565 28456 41736 19886 61998 60439 49266 84418 54094 71049 34897 41267 64190 47985 23027 12690 94082 3505 77204 31015 96607 14975 5496 83652 94403 32496 17940 63762 35339 66030 19354 15740 58666 92832 69446 86972 40157 54770 95297 36956 50037 52052 84676 84805 45744 59441 43904 84322 39987 89772 11736 19212 37635 45601 46972 79870 11316 85879 3674 9391 4018
1060 47
34499 85645 47097 44041 77133 78717 43621 20877 37947 88230 10616 14090 25514 63717 76617 46687 25829 20544 28488 46401 20265 81519 51014 27256 78744 72510 75029 79670 96063 76198 92411 23669 91334 90875 27627 18456 81038 65224 28492 98626 42918 89706 30432 2760 14803 14906 74846
879 28
22282 50168 91553 72241 82850 29010 73925 37800 18700 26257 95121 69536 99002 41011 8916 99249 12602 70557 47786 26823 67182 19263 8356 9764 42676 63027 73332 17331
1424 19
91078 616 46795 75323 38781 94676 78818 43031 49725 48218 83799 26981 20045 86170 96313 87615 50294 8597 78473
2375 14
80836 96315 58780 96355 52524 44930 2498 57632 42171 62562 60866 49956 94492 45027
4488 8
30674 59314 23891 87144 14571 20049 15954 85683
4124 6
49612 6446 16216 91223 91779 85019
3196 6
56152 11431 20125 18044 49547 82057
3272 1
96176
2047 1
42851
416 3
44476 16265 23854
552 2
81766 5061
3578 1
56936
1482 1
37116
