34
6107 108
95003 34355 47599 65845 50360 78395 55405 13674 43018 34167 57812 18992 38520 84594 98102 6350 15641 6260 54491 21465 5581 81197 87341 50490 90738 4676 16665 58277 11861 63236 84289 43878 70304 68318 70058 55914 65053 73332 42335 5199 44438 13984 46749 20603 74488 84427 95259 65403 9234 71509 11288 65710 8236 65104 53711 26025 74527 25321 15863 46573 32148 34529 74500 92872 23086 75560 56355 51477 26785 65147 14354 37409 60609 27107 47683 15881 68885 7715 82928 79923 17112 38632 98879 81041 77438 67771 13493 17680 2182 7998 30494 44514 67730 64472 61146 25553 26891 67942 27081 40561 21525 85040 58390 86373 53963 71462 77974 95679
5491 90
41614 52310 77685 93052 96670 37638 97359 98638 40449 15695 37659 48699 69962 22208 36064 2142 24180 43693 91785 35985 51326 29803 14053 29902 7557 74689 73280 37960 27720 82017 73743 46593 78420 73576 38306 28183 95250 28231 15162 11010 30806 86124 76455 15146 86978 4426 58075 70942 89196 98694 96083 91784 48366 35742 62758 30497 10635 60938 58055 30115 40024 8954 11952 90897 44192 30963 76974 14227 28937 50080 51309 17570 13531 56516 84875 45655 61412 8739 98015 48477 97335 48958 77178 34642 26032 72179 64963 22625 60355 70753
1866 76
57984 4013 90132 98516 52321 39410 88413 25655 48965 59853 18436 97817 44345 41835 84642 86869 36576 8788 27498 81551 94266 65473 19037 45412 95205 15351 885 36812 13350 49735 84861 25072 60945 38303 98855 47389 2622 40356 4595 4050 73980 28440 54797 41395 85881 73276 94620 30183 36755 10200 88503 85395 13227 29744 13324 79673 70332 70083 47068 4782 23731 76727 16247 45793 87941 45256 37880 85227 67341 30861 44583 84311 66288 94181 86397 49740
6589 67
78136 52844 57281 3240 38408 21469 98161 32894 58679 57447 93096 41074 90304 81146 36928 30885 35901 91789 53657 40106 53740 23066 44723 26629 65480 49660 5137 87491 97776 54034 85572 74400 25530 98729 10537 43675 15251 17419 9109 99000 95511 25880 76032 94946 6996 96249 37564 36359 44853 11193 36856 15528 72989 66449 17358 86194 42423 50215 67809 97039 71328 25106 61137 89128 84154 30796 46435
1991 63
20520 15879 51523 14382 78123 10120 52067 57479 84135 34844 19918 48789 19836 90486 35917 67604 57838 15497 70032 80507 12652 75461 40499 24295 54821 34749 21846 81103 29118 71740 31800 2842 62019 48936 46094 23389 41937 1569 10137 28278 50300 47000 16288 20259 27585 30516 52268 85770 4965 31486 76487 89987 5832 67583 92604 70003 9855 9662 86647 20687 31995 41143 70510
7283 43
95781 83000 31553 76915 63976 45368 81990 9330 41085 73618 38332 43192 1739 60337 12640 25241 27703 4882 79433 17082 46095 17230 97975 29708 93943 38737 40604 92519 44572 83071 92910 37214 7623 92495 36979 11729 95733 95288 93342 17579 16774 35487 37723
5571 46
46137 14798 67664 53421 1037 51624 99491 69624 3252 8780 46821 33925 48479 45899 98012 81944 25915 91715 23378 91543 18528 50551 59845 21207 83959 79546 7779 44303 40694 1420 85415 11845 51210 50125 65161 62021 84350 45396 30444 73228 51433 55816 64444 24835 55454 19134
1441 34
5658 46395 7126 46439 13070 21494 33610 79411 28771 49538 38733 87464 87932 34765 28026 85025 86871 82320 87301 40730 57921 21854 22695 29302 76576 82276 28867 13119 88358 50663 34491 89646 86346 66402
5668 36
85695 91479 20628 86785 88644 45554 45323 78957 72689 12081 97886 52405 82794 84312 26264 88654 68844 49664 36410 65290 67944 98304 25579 14684 94119 83011 27406 93701 27124 54113 27334 72245 21458 6542 69265 22546
8165 21
89946 73409 18578 92254 35858 50095 56641 54316 48473 72987 88150 81954 38499 27697 68093 71032 29917 24633 4638 56020 40847
2895 25
44540 88925 98082 42420 88160 18404 46446 79982 99391 3964 84224 32233 40132 90988 25695 59155 76931 74056 82273 42349 9466 40520 54795 23930 83489
7700 19
58637 62334 30106 22070 79384 46015 35227 99510 5514 37523 47651 42404 47772 86316 32278 88787 97649 86123 88128
5558 15
8252 68364 20128 45123 41547 91463 67734 97345 99940 40954 78753 76477 5262 18939 90517
8730 7
68444 55966 63424 76832 24994 53778 30838
3783 13
62378 41190 7476 9450 6206 33890 7154 71593 52170 19797 67105 83517 77627
2824 13
73495 65229 53097 4131 19676 91032 56184 5535 53027 26402 69402 54006 40374
4357 7
63887 84810 590 76976 8004 35861 57391
5496 5
19935 86412 36998 99526 71038
1849 9
48983 56293 10655 49851 53499 61334 78094 18245 85073
1541 7
10972 13758 64669 10415 97917 87275 14383
3939 4
89052 72303 11598 7162
1549 1
75166
6131 4
45207 93084 45331 3283
6510 4
34230 39895 94366 98791
7623 3
17220 52851 96245
3414 3
12265 22168 29488
6181 1
61728
7556 3
86361 13276 71395
6481 2
49873 46552
6489 1
18938
790 2
16203 61716
4168 2
57476 45346
102 1
94876
945 1
68966
