161
3250 11
12311 2259 61324 91531 70860 40299 44060 57041 80645 5305 27546
7619 10
55232 15070 32360 71185 28264 45543 30798 88302 46362 89211
640 10
39541 32313 88171 43612 14576 78416 32593 87627 62364 82160
7420 9
80226 87137 51897 53028 49697 5326 59232 91846 35277
6140 11
25495 52974 4581 89537 43079 38189 7826 72289 21236 96343 29819
4607 9
95339 80975 97059 42295 74495 51076 98652 57218 23984
7124 8
41609 29984 66756 47205 75340 61974 7134 41092
5815 8
18893 69796 11317 14740 5450 45502 8975 18601
1381 9
18572 23578 1135 2694 19269 22804 91233 69741 97569
7661 6
65782 94440 29623 85157 16905 98836
7234 8
64248 85148 41630 35393 96152 17444 14533 50789
773 10
93996 8855 29892 64909 45742 41403 10404 14677 90509 28050
6431 7
70671 11852 77589 62041 84043 68847 12605
279 6
11825 84734 18116 67400 75516 59791
7531 10
82509 68776 90878 17405 24529 48626 23460 82268 21570 12471
5690 4
82105 10853 73999 63595
724 6
99815 62552 49158 52287 35887 26834
3682 6
22644 1188 36029 59641 21955 52584
5462 5
92138 14020 47949 81147 33634
632 5
61284 27859 12064 92015 41329
4333 5
59618 33520 64505 34671 87313
6469 3
64754 21049 73184
5451 4
54566 74783 35667 80109
3052 6
31281 14772 29006 66363 8229 10355
212 6
53704 8386 36060 80017 96212 57995
2758 4
7106 25692 79687 98143
4687 7
12186 10512 36044 98191 14579 10968 64916
2606 6
6155 22741 41197 2247 51866 74591
6815 7
74827 75965 61285 6522 87815 88186 47176
48 2
34557 81290
781 6
93616 25396 47566 18076 11382 55638
339 3
36532 41347 61425
3825 3
53044 26073 17005
3415 5
65044 86609 90608 19579 57374
2889 2
7350 8295
2531 4
14372 47752 15707 37762
5582 6
71568 28518 96510 10097 48064 83377
4288 5
86435 17734 5924 85727 67895
7217 2
14425 20594
5456 3
90254 53677 55835
6208 2
1921 2194
3012 1
46429
2523 3
63719 13163 64415
1938 4
73073 70532 5868 18075
197 1
45955
3767 3
18139 21688 47223
5985 2
78683 753
5870 6
94757 21562 45981 66757 68563 48440
1213 3
49541 66229 66252
6536 3
68074 1203 14006
7506 4
19317 15233 93380 45562
4373 1
71870
2939 2
67523 60797
605 3
94898 41188 16618
1407 5
69470 23861 20636 49244 23734
906 2
71638 78004
540 4
74744 74017 77085 71328
1180 1
95315
702 2
24556 58213
5883 2
61079 81614
3305 1
30235
1831 2
98735 13295
7604 2
85096 64788
3245 2
4326 66912
6685 1
43655
1595 1
8278
1708 3
91626 83022 97312
1287 1
39631
4928 3
50325 5600 7763
8136 3
33942 6715 88430
49 2
98934 70340
1566 1
49101
4710 2
61758 26718
791 1
67349
5128 2
89772 19243
3371 1
78620
5332 2
42172 90090
6006 1
4420
8172 1
14370
973 1
24721
5857 3
71398 10459 83175
2217 1
25469
1931 1
95243
5753 2
7950 93903
2528 1
42972
5683 2
26805 79559
1101 1
77474
857 1
69778
7111 1
55859
4035 1
56854
7405 2
46688 61840
3487 2
53703 45678
3838 2
51467 21335
1006 1
66753
92 2
55064 20928
5853 1
42575
6597 1
61903
319 2
47623 42138
6672 1
42198
3155 1
5044
7676 1
59848
3120 1
17167
5563 2
69472 12126
1128 2
8090 51550
1739 2
43226 28481
600 1
23900
5555 1
80572
3988 1
82307
3503 1
96963
3435 2
36493 56700
1222 2
44147 7214
7714 1
90405
6559 1
52006
2142 1
17197
6930 1
29753
2873 1
21357
560 1
73025
5789 1
88141
1111 1
23174
6445 1
28312
2846 1
87840
263 1
17254
6362 1
19850
337 2
70003 3915
2420 1
29713
394 2
65626 72940
1136 1
27185
7569 1
44402
325 1
46494
4594 1
93123
3287 2
31951 22787
2922 1
23053
4630 1
52706
3320 1
7037
6785 1
97980
6309 1
35337
1602 1
20355
3303 1
9566
2091 1
59402
2832 1
70905
3466 1
9254
5157 1
25389
3484 1
91748
4110 1
56006
680 1
10974
5240 1
84059
7265 1
29696
3407 1
80174
7037 1
89107
832 1
29934
6172 1
43728
661 1
50089
1536 1
90228
4848 1
89726
1922 1
44824
6608 1
17497
3708 1
33902
4353 1
27344
1858 1
6967
5062 1
4380
7 1
71663
