32
4332 128
38355 63945 81911 40139 67319 61106 21790 20413 36421 20110 3803 75664 26609 54967 16137 22244 48169 70790 17915 28213 12913 79250 75055 96653 86861 38011 53488 4830 41493 41895 46534 70421 95778 34539 15714 83704 82467 36982 18802 38399 32977 29603 98420 50231 82695 44255 91601 84014 80724 11793 67153 30467 7339 41236 20429 81992 70597 24346 47138 69851 60423 14491 7707 34793 57058 80685 55487 48860 90673 4602 33692 20828 40495 11652 11531 34162 67923 17487 45741 77683 33373 55810 18658 80530 98726 7168 87462 39499 99344 73151 48279 55471 82620 57590 31509 33687 66025 5105 48517 2492 78195 2009 93276 69018 76916 31744 795 98817 65082 58730 14436 86979 18364 52512 8156 4908 2401 80729 56491 14897 37986 27083 42271 24503 95729 92801 61008 86791
5018 109
95492 4939 96331 49371 88889 8582 12264 44982 21289 96660 99440 19362 90628 55767 3047 78759 16973 61290 83572 9402 9201 67595 32786 52180 2658 72909 63175 92638 79083 25771 32644 42042 34197 45075 36606 68361 61390 25395 29889 5243 140 51876 77131 8432 68644 41608 65576 19522 82320 69375 70880 7633 65464 46645 88080 48652 24643 52840 5029 1071 37483 16566 61438 24170 97877 90860 46318 80869 86236 34930 67392 76343 35000 54329 31674 48060 17370 2181 80149 65402 82659 3714 28864 30522 57336 2266 5513 42737 85876 21334 9123 48501 32583 12326 75426 40853 46723 6647 54026 20113 76248 7116 19606 23337 23702 78118 67179 72260 77054
6795 84
30983 63592 8118 59305 59127 30948 55952 58795 33234 41744 76580 10452 29528 8035 48076 16250 79412 76389 13389 49224 87621 74019 10008 95142 91853 77945 12410 86438 75065 17933 85085 9646 70783 76132 68434 41282 5848 14246 6889 66631 59961 77609 99188 69564 94983 82340 7915 57560 35315 32157 4582 66964 15283 15392 18599 53752 84964 52016 86553 67998 94556 6379 98147 62686 75846 79736 1149 82368 20475 49930 74763 2924 28182 86342 1885 2269 6784 69273 29592 4855 48765 56214 83044 94446
3481 71
67262 64366 48908 47692 87903 55270 47517 61436 35404 87848 15047 16145 34326 75271 15617 20748 40479 69101 60517 13203 28878 54486 92943 10157 91641 35136 73002 97876 54493 53193 94525 6522 65596 91395 89275 18729 67074 23558 79682 99994 31969 95727 61819 88961 75574 58440 41188 58018 31931 88541 61554 86217 6506 11657 54505 776 31608 32106 23590 99174 64423 50357 16844 3241 14801 92328 47508 29641 96191 1411 58999
1343 56
24984 1659 7584 61985 59744 24474 81203 60678 61238 13301 30026 99847 96221 9752 376 3648 22478 48021 65624 59381 60342 46215 54355 97660 65011 82739 1185 96009 98065 83886 31759 3533 4588 33342 90422 56651 16029 70871 65014 63629 3767 26268 17336 98457 47823 45950 7446 25182 51203 72421 92860 63102 3679 86157 85836 64381
5659 40
38772 39076 72012 48959 5951 1047 92256 44787 87583 79114 82142 64567 57974 27538 22903 86118 6682 69423 95983 86240 26651 58022 90670 73694 49938 79399 99354 56768 43835 67839 56004 13619 9080 13099 72016 24241 14322 99834 41304 14125
1468 42
96193 31933 98747 96531 85446 34635 81288 39829 93647 92712 56250 91855 34535 49600 3780 51285 63891 96262 95039 45572 95066 38495 7848 2122 10848 31120 30235 45810 94622 57164 12936 17569 95118 59859 78934 66789 59865 68180 755 75023 36976 48401
5187 28
35816 50496 49340 30705 35287 78301 99839 71600 93811 81076 93930 35158 84055 68515 88094 75142 88376 52338 71589 11874 51154 37968 17763 98112 52462 98256 34477 93208
2864 21
50984 29626 33178 70474 59884 29453 79693 82271 79350 82876 61768 68240 73408 43951 54470 78953 64183 91466 30271 19045 91754
851 21
91090 63273 66591 37801 42133 51004 16612 24898 69854 12 42091 47780 3967 22135 93755 74333 89934 74983 18926 53520 25773
2416 21
94971 44558 95305 75425 41084 44909 36038 2107 58151 76155 80361 75886 27446 96958 23581 60803 34586 89537 45772 92873 31936
7055 14
17373 60136 3083 5169 62795 94295 71671 76957 45999 76527 65995 18341 28009 65479
7783 13
61574 45844 74139 69209 5787 36303 88835 61795 4078 51549 42257 79298 41465
145 10
96943 50366 79122 56708 56216 70868 13767 6709 32547 27723
2737 10
78249 17197 2071 36523 62433 8668 40504 33086 58273 3503
717 4
71851 45927 98047 66686
1408 6
11689 83309 91827 30745 76231 30835
3531 6
19461 69894 67399 38675 35656 39966
1523 1
6655
1240 3
23679 81160 1966
1902 2
83937 26026
2246 4
47656 58403 94607 69226
1435 4
44121 10863 77866 7191
6672 1
94022
5746 1
91281
1822 1
95473
3339 1
3049
2691 1
61062
2662 1
88755
546 1
457
152 1
29808
232 1
51334
